"Marker.A","Marker.B"
1994.21080973403,1177.18873423913
273.739955429317,153.535810873634
744.721760587396,103.650821242759
3557.62749117045,2952.87606773686
3178.32313793094,2581.24502261803
266.405744222649,61.6892173231084
379.815324085383,237.580295024841
294.750622005702,55.6658271650854
2510.88101601525,1491.13268032777
502.06198718661,269.718517680065
374.104259832631,80.8913000416382
258.801027340139,117.072066427079
3181.14862014327,2347.06046432657
4332.6778848716,3977.53962703492
2778.42904270942,1528.84961333069
3444.24813057006,2742.05741220606
9670.83267704989,10000
2545.05715770724,1899.18704445585
279.751594088433,15.402091612126
260.454243024578,145.774126911618
480.780777301428,259.773860103732
5214.58509552582,4867.95030905247
755.422465358078,86.3891595147331
218.493009699899,34.8063015171667
15.4799676655777,129.603951990751
2298.45984829319,1445.41151073902
3531.7775653617,1993.94426949214
1003.40256004664,823.223605221349
525.327018260164,359.786391989295
3005.00772785661,2241.55007296791
2622.5473245338,2460.33253964725
3493.93416753456,2387.04122181842
752.596983145748,113.352926195279
1673.12915282297,1144.44413002438
2867.85216776378,2722.24894792799
328.025040478594,170.635770852451
3030.85765366536,1685.98328812422
2602.64882465721,1497.317772235
2737.09902692799,2526.02387526327
2889.73437592987,2509.65157315589
1218.49897922728,808.347044294152
5426.55557098664,4744.24847090783
1235.18136682542,616.528344295364
511.951137296811,435.098981683234
2429.72389411718,1803.62131067353
332.203126336044,184.137866911375
389.193456308514,257.186632116393
397.038647769298,111.493356079379
9819.68094658998,8104.08741596562
675.918559144443,142.903920863164
3446.98329369196,2452.85383374635
226.819112684275,31.6935428448997
2383.31403162626,1329.22880393259
2735.56601089974,2514.30049844564
579.371666364121,76.6870545622127
538.883273973699,196.588901600443
546.878771454142,173.061297090581
623.467026896832,402.839482716104
2718.40267414505,2274.94148417951
371.278777620301,61.7700681977127
537.079789902554,375.35018535063
248.040222741366,68.6423925390813
2946.87504955496,2761.25949492459
3062.35854389877,2436.92621144929
2870.5572245222,2491.37927549531
355.768769448917,62.4573006318496
3332.43159129776,2539.20256782378
1557.34504643984,1014.88060347093
347.502766292632,100.821040631607
2946.45416259355,2567.13654499958
840.216661761917,282.088701494528
4860.10915918228,3103.90550149776
6780.64707258917,2526.30685332439
2758.16986859838,1509.68795604946
188.615153521544,62.6998532556626
3608.30553281153,2668.64481806532
317.023761301547,13.4212451843198
4821.93519348417,1759.23418051575
2273.66183882433,1504.14967113907
3900.05034489591,2514.09837125913
590.553320291351,281.401469060392
171.211473903924,21.182929146336
3429.45928270281,2233.42456007018
2886.45820145629,1971.30602460292
1429.83812424598,943.246728571486
3260.47226450559,2139.31414203073
2201.91280498105,1390.51376688267
2743.38102073113,2082.19299912277
306.954274074117,186.846371210621
1446.18979344132,633.587878836879
304.459434998675,84.6508657107398
2961.99446529318,1920.85507884982
2986.01091356617,1974.98473939742
1460.73794093257,1124.47396399711
500.799552100104,173.869805836625
572.127623716068,129.725228302657
2820.36028256948,2518.18134042665
259.973293868031,128.957144993916
2454.88257782049,2069.17600831147
2699.55639167199,1640.8280746577
7820.45041819926,7371.57849205034
638.165480407736,343.777918817637
342.693462891929,64.1955944358428
330.790422862833,115.98057961992
207.942573315922,14.3914556795718
2717.9519818838,1822.49998989364
3402.97802645195,2429.20495292458
3005.93951980623,2601.61944301833
2810.05035839674,2493.84522717074
219.03403986806,12.9765653739959
386.368011729138,118.527382169957
2842.63327133351,1430.29239718801
2638.98901175594,1529.53684576483
225.015628613131,27.4892973654743
450.181535021206,174.597463708064
379.033800522471,97.5465802101314
2979.8490441533,2582.82161467282
318.316265118575,3.71914023179946
3610.07909868397,2317.18606616027
673.002908373499,382.788465814229
239.383438987147,40.3445864275637
2760.00334613414,1672.23863944148
3164.91737640184,2767.202034208
3813.42259569041,2264.51172135555
3286.44261576825,2254.80961640303
2555.33697551651,1566.72824808282
3503.04194461367,2381.90719128104
2768.2994556539,2353.69023604413
8345.65713331262,3699.57432014521
9354.98139866572,6079.98577024607
1865.62186483679,968.755179509154
362.141119975444,28.4190824234241
2769.89238334547,2501.12180588514
2394.40551699487,1704.17473491019
337.523447623816,19.8488897153645
4113.73417350221,3132.16288217198
2498.37694007229,1658.45356532144
311.913845861525,133.525219409061
3028.12249054346,2521.86005522115
3740.26112180459,2882.37410508188
3001.6412342926,2156.29282569764
790.891148500047,396.452263622362
3031.72923288802,2490.16651237625
3641.73021967113,2536.65576527374
2645.75210524744,2445.73895678117
3289.56855948808,2238.51816517025
3508.21180934997,2060.76751735262
959.036693838083,208.312278418072
2734.60411258664,2441.09003149142
362.231288534058,120.023123350137
3951.08936183508,3090.80765981186
2675.78019217955,2508.80263897255
2864.18491162863,1873.59774264358
4559.19665835548,2413.76243587515
4509.63044471761,2697.46815486177
591.364912584786,305.009924444858
6209.93218057103,2638.32574008869
3465.10852875974,2025.15270708941
4358.04701205562,3045.49074459613
3068.03961468691,2350.57747737186
2264.73454939427,1969.97198517195
2927.42754300326,2566.77271606386
3749.24847342979,2452.24745218681
655.298635533037,299.512064971763
492.172837076408,190.969765815442
4234.29751455552,3677.42118050362
4104.44605930588,2718.20640419778
3813.03211615611,2856.34012345929
578.439874414504,206.331431990266
390.516028856065,69.2487740986138
377.440722299078,37.9190601894336
3502.08004630058,2453.01553549556
6851.04357805324,4643.46785571353
371.609420757189,175.769801389827
654.366843583419,186.482542274901
267.067030496425,81.8615105368902
5429.50117758924,2016.13783457103
2503.3062549644,1655.50250839838
427.066809967312,23.1637755741423
478.826987210624,78.6274755527168
2995.44925851625,2080.61640706798
2334.078686923,1748.52143963067
3972.22011516879,2601.94284651674
3237.62785696277,1684.56839781864
3167.74255755054,2266.04788797303
3061.03597135122,2436.31982988976
3755.41034284266,2528.16642344029
2096.76934117346,1572.91333999006
463.888096754401,216.033536942786
1019.33341754648,928.491443956195
3405.71349063748,2212.64588529686
3055.71587586117,2650.29166953014
364.034772605202,3.59786391989295
896.665942749749,632.29426484321
2996.20071334864,2690.95965945612
402.569374904821,49.0360554475298
1856.36385700394,1207.14398328004
4084.72789654652,2751.75951715858
3751.71328140767,2879.62517534533
2870.13663862442,1999.60383071444
374.825645934498,234.790939850992
2746.56717717792,2594.18116255473
6507.56850692425,4650.58273267871
2167.31592685947,1246.23538115124
814.486860343443,443.911727015107
740.363337612718,414.077754286107
296.073194553253,7.59998221280759
4383.62658272034,2712.9915227858
2701.57020632498,2424.67730394674
571.49644380577,281.361043623089
2776.0244474585,2471.04528053232
426.165049115263,151.837942506943
2480.97305347342,1589.24521666013
206.109020514255,53.8466824864878
3346.52889599593,2244.29900270446
2620.47329715386,2360.72426213471
406.506986183997,229.939887374732
2263.98309456188,1425.64347189826
766.934762422195,523.266860439263
4151.00615255055,2792.14452902344
2701.02919497329,1661.80887661752
688.993903334385,179.610217933532
310.501142388314,46.9339327078171
2766.10500282005,1903.14873731147
232.379870917367,37.9190601894336
3569.44032500798,2393.67099353597
311.883814763957,211.425037090339
5233.19143028197,3442.46853890342
2332.27531575072,1260.30343333239
3088.11845168072,2694.19369444029
2662.79501654822,2087.08447703633
3741.25312648117,2117.96951113519
2995.17860230859,1815.34468749116
7201.1914235833,3114.13313713521
3507.91134784247,2664.40014714859
1742.77405292284,996.729582122255
4550.99056686251,2875.54220617782
405.364788386629,110.321018397617
232.470077108936,26.236108809107
2459.69206938597,2316.94351353646
2718.31265611825,2480.14100392531
7058.83589239069,4390.56631995117
4613.84241763921,3054.95029692484
425.233257165645,316.773726699789
4025.6336209954,2653.4448536397
352.462375712994,44.1041520966653
4868.52539309232,4345.77493542036
4501.75522215925,3247.65835654427
3835.66577915459,2589.81521532609
2991.69198435431,2575.34290877192
3157.31250898751,2161.91196148264
3240.3633211483,1522.54324511155
2349.61883909082,1695.80666938865
3006.30019404069,2041.28245657297
3360.65630705759,2068.93345568766
2561.73939477356,2418.57306291411
653.555251289984,298.824832537626
3723.03787338659,2787.94028354402
818.514640181233,211.222909903828
2288.36021706933,1631.81320213931
561.817699543319,254.761105878263
3063.26053054854,2604.16624556836
2922.64815780126,2592.80669768645
583.519721124003,137.406061390069
2967.94589122534,2117.36312957565
5929.00849871123,3589.4958543714
450.241672482252,228.96967687948
2342.37479644276,1621.10046125424
2953.69835577342,2284.52231282012
2868.72374698644,2026.28461933387
2557.9222089483,1940.86567031439
3692.01778177791,2061.57602609866
3349.68494607924,2660.842708666
233.552137445259,41.0722442990027
2624.20046495233,2459.96871071153
3361.34754916302,1964.43370026155
202.982982712037,70.9466424653049
419.582292740985,20.5361221495014
3392.15719729099,2600.81093427228
2823.36610189904,2623.28747741229
251.166241727107,64.3977216223536
2853.90509381935,2486.64949933096
657.252463256795,142.863495425862
607.926949994925,282.250403243737
5578.34944712933,2039.22075927056
958.134932986034,624.209177382776
3496.51909990271,2236.98199855277
3905.49086583987,2502.94095056373
4330.57405219182,3723.62745534
2893.91253705323,2487.21545545319
282.005958585602,96.4146679656707
1837.27687415488,1304.52886174096
445.642774929301,28.4595078607263
4320.53448316309,2670.58523905582
707.419524643759,302.543972769425
3001.34047172146,2783.37220912887
4054.48936613371,3820.89105748901
1642.71028529293,1040.87415965622
2698.23381912444,2302.30950523307
2791.83480423852,2444.36449191289
265.684358120782,109.189106153156
1818.85132811141,1304.81183980208
287.446479529557,151.393262696619
499.927859978578,353.075769397135
437.256534483878,164.895358755543
237.670123474617,7.59998221280759
3079.07088732857,2659.42781836043
3054.99452739226,1962.89753364407
1381.77512133652,940.214820773824
377.440722299078,15.2403898629173
290.933248015663,4.12339460482114
3846.90749527696,2842.55504933925
354.927146057913,28.2169552369133
358.684420219861,129.240123055031
394.603946154901,92.6551022965691
260.814917259034,57.7679499047981
489.738135462012,235.235619661316
442.757155255925,193.152739429759
4673.35758015174,3484.14716476195
222.310383689938,55.9892306635027
1492.84005524461,953.676491395446
3902.09426591238,2764.65523165797
2990.15896832605,2797.64238849654
551.808312143981,354.207681641596
368.15275863456,154.748573992699
5520.21706989131,4665.62099535512
362.381556920763,124.995452138304
5751.42490948675,2062.02070590899
2542.47222533909,1816.55745061022
5523.49324436489,3200.48187121264
3377.1281006432,2027.90163682596
6100.88151291137,2478.96866624355
2123.49099673669,1338.7287816986
254.081892498051,42.8913889776003
3957.85245532659,2474.3601663911
605.071436685027,259.531307479919
458.3874383494,295.752499302661
246.627481635201,8.69146901996612
684.184562300728,621.136844147812
3394.95257313985,2235.6075336845
1624.67536931558,1122.5335430066
1818.58067190375,1517.28793826227
303.918386014036,51.016901875336
2847.56288728926,2663.95546733827
2917.65863018219,2582.17480767598
2722.52062254145,2576.19184295526
548.11110017717,399.726724043837
440.1421165243,27.6105736773808
3959.47548938164,2470.92400422042
2732.80074141436,2450.46873294552
2351.57259154867,1645.63870169666
4227.44440303722,2578.33439113228
2812.99596499934,1811.98937619508
5247.13850422639,5178.70064559423
210.317175102228,20.4148458375949
651.330993156292,252.376005077435
3168.16344451195,2864.26350917051
2787.9574056863,2620.57897311304
2445.62456998764,1858.84245802829
3390.86473110692,2078.75683695208
2666.46227268337,1722.12362907236
4332.91843471578,3098.69062008578
3659.79524201195,2429.08367661267
147.465493673823,14.1489030557588
917.315897458723,361.645962105195
410.655040943878,13.4212451843198
5389.31339723814,4869.04179585963
4214.6696708866,3049.41201201444
313.176318580985,87.5210717591937
3316.59082709063,2943.41651540816
2098.57286287756,1331.16922492309
4497.60716739937,3628.18299786958
2459.57164393206,1860.09564658466
3862.47760327643,2797.80409024575
276.986249337149,78.4657738035081
87.6196315749766,57.1211429079634
2900.25474358333,1903.06788643686
190.027894627709,56.1105069754092
3774.28703274283,2659.50866923503
1340.47521191858,572.26249044949
3460.65971142872,2451.76234693919
639.578221513901,320.937546741912
2055.22888191133,1695.32156414102
6669.73221890301,2885.36558744224
5151.10221537064,3820.28467592948
6653.80173773271,2795.1360113838
3250.67324532105,2051.22711414931
1275.94026489169,677.61118005894
3044.86494033674,2677.45756339719
2511.6926835746,1608.93240462629
1382.79708184476,810.004487223541
607.86681253388,259.248329418804
547.239445688598,118.123127796935
2906.71737556733,2666.5022698883
3456.18108879786,2111.38016485493
408.430707544278,91.9274444251301
512.011237124902,331.690713064289
1917.05136131026,1347.13727265745
247.108393158794,40.9913934243984
4860.98073840495,4452.7810679592
598.638986330408,127.946509061362
3524.89404641629,2597.09179404048
262.919013369498,53.1594500523509
875.444870325613,407.650109755062
506.210004313536,166.310249061119
3951.35971697911,3270.01362337237
518.654093327271,267.778096689561
2668.62631809011,2466.23465349336
501.91168116695,116.263557681035
3137.65455895511,2355.0242754751
215.817814690751,28.4595078607263
347.382529003495,208.069725794259
801.561822173161,399.282044233513
3647.68194666693,2854.27842615687
3104.10944664161,1899.30832076776
635.159661078178,288.678047774782
548.531987138581,315.1162837704
191.410567003352,105.672093107867
2924.81250427163,2237.18412573928
538.763036684562,129.40182480424
640.47998236595,193.274015741665
2490.05072418905,1546.79850749285
357.391916402833,36.5041698838577
569.632784640625,270.244048364993
172.263503142679,0.60638155953252
264.872803460301,81.6998087876816
2788.97951672635,2451.60064518998
1842.95794494302,1628.98342152816
293.458118188674,84.3678876496246
235.295521688312,35.5743848259079
2715.69761738663,2024.22292203146
3377.15820700668,2554.28125593749
2917.02729974008,1831.79784047314
3525.97637018329,2679.76181332342
262.498201673996,133.646495720967
1917.05136131026,1368.80530705141
348.103915105361,129.320973929635
4631.57657104542,3768.17628724699
993.753922147663,275.863184149995
226.759012856184,5.25530684928184
1994.30097829264,917.980830257631
1859.30961413836,728.102551249348
3486.17906936649,2245.51176582353
2333.20710770034,1700.29389292919
3505.77710773557,2301.21801842591
2494.46913409296,1699.44495874584
6536.39414569908,2691.12136120532
3306.82191426956,2655.1427220064
485.650218163176,185.471906342347
603.297946078496,592.677336287085
1962.43926329296,1587.46649741884
312.064151881185,15.8063459851477
3135.15964461376,1705.38749802926
6930.87782634013,4560.63613468139
2600.8451524213,2379.1986869818
2364.46759862138,1665.89184578504
1063.99989579435,596.31562564428
2890.09505016433,2562.97272495745
2947.56659272403,2655.02144569449
520.968595285486,216.47821675311
2094.51497667629,1499.2177677882
5235.3554756887,2029.84205781646
2255.7170914056,1452.44553682959
2567.75103343268,1906.70617579406
3178.83404291915,1836.08293682717
3341.32862383253,1840.57016036771
149.599620881855,2.22339905161924
4492.07662842862,3162.80536364702
402.208663037411,130.816715109816
3317.73306252095,2081.46534125133
2846.33033276851,2087.28660422284
704.26347456045,370.782110935485
5535.2461665391,2053.16753513981
602.426291589924,107.814641284882
2750.08420255932,2527.92387081647
2782.30644126164,2586.62160577922
394.934589291789,229.939887374732
3383.65064429053,2559.41528647486
2570.27605413751,2260.46917762533
2019.24921851525,1420.71156854739
3233.11912796843,2159.89068961753
2781.104294168,2002.11020782717
3676.92847240316,2805.40407245855
553.431421464943,386.588456920633
3015.34775839284,2653.60655538891
3088.77988848631,2635.49595947754
340.499198222852,119.538018102511
336.411280924016,95.4040320331165
3638.36372610711,2452.08575043761
513.604315348295,139.912438502803
2976.00145090092,2370.62849427374
277.948110017289,147.835824214028
5027.50294862429,2919.20167846416
244.222811118372,20.7786747733144
3115.83226245234,2078.71641151478
416.516373583335,290.416341578775
466.232629810184,141.003925309962
3053.85229196194,1963.423064329
336.080637787128,9.41912689140515
3356.32791518048,2840.57420291144
627.494806734623,338.360910219146
2569.28404946094,1364.31808351087
2502.10410787076,1809.28087189583
652.683596801412,28.4999332980285
3293.68650788448,1767.52139516269
474.528664064038,208.918659977604
2744.162581927,2156.21197482304
330.580017015082,41.9616039196504
6778.66366536329,5353.50023648881
2831.33134248419,1571.41759880988
9174.60213252875,3969.8587939475
2522.60383182599,1577.4005635306
3631.27006474463,2221.70118325255
2045.39990689513,1659.14079775558
686.82970739583,320.412016056984
5118.36937274375,4808.9291705913
2300.38349438756,1508.79859642882
1974.85332120912,1458.26679980111
2840.16846335564,1763.23629880866
5585.23296607474,5226.24095986158
483.726496802895,185.997437027275
422.768486820726,196.305923539328
6810.94611679257,3473.35357300228
410.504734924219,333.873686678606
783.466768734766,234.790939850992
2636.52420377806,2390.96248923673
3031.18822153634,2537.86852839281
3232.36767313604,2650.33209496744
2764.93296208988,2570.28972910914
2522.09262577414,2433.77302733972
2691.1699630618,1625.9919391678
3129.98947881383,2241.99475277824
886.596417889365,544.773193084016
2882.58050184043,2056.23986837478
399.413249555603,157.214525668131
3584.67986513647,2448.64958826692
2824.26778748518,1503.98796938986
3887.72660607018,2262.16704599202
562.569154375709,165.137911379356
284.200223254679,29.9956744782087
2844.8575294672,2598.99178959368
908.71925116555,57.4041209690786
3416.41419540817,2533.50258116417
550.545877057476,74.5849318225
193.514644297338,52.0275378078902
1177.77018752449,286.818477658882
291.925177426326,159.357073845146
489.557760711829,66.4998443620664
798.405696823943,639.732545306809
929.549618257662,564.783784548589
349.847299348414,11.5616750684201
4006.0656889898,2983.68025096111
2941.1340671035,2689.98944896086
335.9003006699,196.629327037745
2183.63748969133,1530.66875800929
652.86393391864,213.244181768936
3176.09887979725,2234.63732318924
2413.101719246,1536.61129729271
2477.87721611707,1671.26842894623
2671.00110804119,1341.63941318435
455.682193426207,164.329402633313
258.04957250775,42.6488363537873
4314.82330601148,3393.83673782891
273.890261448976,58.8594367119566
597.406582341471,133.606070283665
4502.7773331993,3020.42697346879
2800.34135723899,2072.28876698374
379.364443659359,152.727302127591
613.908482290565,43.5381959744349
1943.71295467836,1138.86541967668
1553.76810939512,1053.89115046752
8773.56550081327,3925.51208922703
2789.4302089876,2477.59420137527
215.697596218091,13.2999688724133
5731.0453099218,4315.49628288104
354.957177155482,100.295509946679
422.85865537934,107.289110599954
213.803924771856,18.3127230978821
2796.61418944052,2445.61768046926
3056.13676282258,2537.42384858248
896.786142405931,695.600499658405
3884.78099946757,2372.00295914201
2889.16325821471,2806.77853732683
248.100322569457,7.39785502629675
356.339887164078,150.786881137087
313.627161374055,150.09964870295
1004.36445835973,409.630956182868
542.941160174966,59.3849673968848
4291.82896877854,3174.48831502735
259.913194039939,104.78273348722
1466.14850604486,985.127481616532
4250.43874027016,3643.98934385473
256.847237249335,33.1892840250799
1883.74694937276,1280.39487567157
2603.30996039917,2477.91760487369
585.05266188635,172.212362907236
3374.60307993837,2447.23469796135
2177.11479551219,1365.69254837914
2746.17669764362,2421.84752333558
2661.6527811179,2190.57359652988
839.405069468482,366.092760208434
3164.67682655766,2823.43381749532
361.449764971146,154.142192433167
3842.75944051708,3304.01141614349
2693.24399044174,2125.24608984958
283.328531133153,53.5637044253726
2406.57917559867,1394.83928867401
646.221040083316,402.718206404198
2351.84309722451,1400.66055164552
3030.16641155993,2038.1292724634
2652.03440011422,2103.45677914371
3583.41750531588,2340.83494698204
4723.76526664879,3207.03079205559
506.841221856789,286.737626784278
585.683841796649,205.967603054546
2849.48668391545,2410.00287020605
2645.69189252049,1728.63212447801
448.70869408695,202.976120694186
2592.57914926501,2223.11607355813
581.746230517473,161.984727269787
6331.5775443277,2980.12281247852
2700.2777401409,2472.90485064822
711.026568051956,400.171403854161
3855.17349843324,2920.93997226815
440.412622200142,196.386774413932
3997.46911796253,3197.16698535386
1874.09816094197,855.038424378156
3395.07269753012,2153.82687402221
3022.89241308021,1975.51027008235
5934.62935677242,2745.89782874976
756.234057651513,451.309582041404
552.890410113258,188.463388702707
4194.80097630985,2751.39568822286
3143.27541701629,2050.17605277945
466.443035657935,114.323136690531
2452.32775181582,1731.01722527883
3274.83992434779,2650.61507302855
584.932386964259,338.280059344542
2406.12818227378,1803.98513960925
324.50824089492,37.5148058164119
300.131043121566,163.318766700759
2690.11804672191,2163.44812810013
2729.70460299437,1760.48736907211
2294.70257413124,1484.82631210863
2859.7966080882,1965.20178357029
3048.89256964271,2381.54336234532
7926.76622380065,3145.30114929518
2092.65139277706,1182.03978671539
3203.81238950524,1952.02309100979
560.434989534722,85.7827779552005
2571.95930091951,1401.83288932728
3939.60709586854,2621.99386341862
843.643292786977,225.412238396889
460.581665385524,86.0657560163157
1022.48954289569,606.583686719031
3413.43848244208,1912.60828964017
9252.96357751433,6739.85018332936
3501.29848510471,2073.21855204169
2671.60233211983,1915.0338158783
3864.7319677736,2424.23262413641
2950.84276719761,1974.29750696328
397.850240062733,37.6765075656206
4051.0328545429,2667.35120407165
419.341855795665,292.154635382768
462.355118359099,261.350452158516
3777.98409417782,2102.89082302148
2995.3890457893,2557.47486548436
5442.51676064768,3106.81613298352
5506.66077654482,4331.78773411381
3280.67122588968,2696.94262417684
2117.77997011689,1588.7196859752
566.987714811432,163.72302107378
3154.30668965796,2645.11721355546
3776.7518407207,2449.45809701296
5833.45330954385,3893.93982269403
347.713172140382,169.50385860799
3243.66960198536,2498.13032352477
1151.34899346877,503.660523347711
761.133567243784,415.290517405172
3156.32050431094,1666.86205628029
2562.10006900802,1787.24900856615
3404.18047460923,2543.3259624286
4241.0907144105,3146.19050891583
1288.41438500299,728.749358246183
2612.26720566089,2247.20963419022
3132.51449951866,2608.16836386128
2842.42282785281,2251.21175248313
6420.36964000358,2280.31806734069
418.259757826388,140.03371481471
1781.69932292153,1867.45307617365
3443.6770128549,1798.32557838694
706.638038713801,380.282088701495
9273.94410009429,7002.21127142043
2553.83406585173,1666.25567472076
3293.38604637698,2349.80939406312
3469.43692063685,2133.85670799494
1501.13616476438,730.123823114457
4402.05227929562,3010.07806151943
231.117435830862,116.182706806431
2474.1500483186,1789.10857868205
444.230033823135,147.633697027518
316.542812144999,142.782644551257
6574.50819973388,3846.07610492827
3729.77086051462,2867.13371521896
1130.1579521422,964.470083155124
3311.21051887363,2534.39194078482
382.159857141166,158.831543160218
1602.7629042542,969.401986505989
3670.73649662682,2322.84562738257
445.372231620504,201.399528639401
1567.59490841745,825.366153398364
2649.62950379967,1692.77476159098
7614.22122625354,5739.92699166023
3044.74451488283,2816.88489665237
849.895406024367,256.216421621141
236.58802550534,117.395469925496
2761.80671730642,2591.27053106897
3705.75441224163,2617.62791618998
472.334437027914,241.46113700585
2645.84242433788,1684.89180131706
714.092449576651,499.173299807171
3112.94656751305,2029.72078150455
802.373414466596,392.288443580238
2666.85305328131,1737.32359349797
606.333871771532,135.18266233845
5516.0991214949,5478.65739037632
790.109662570089,274.246166657908
1271.40142953387,922.670180984683
513.724552637432,205.401646932316
2940.11195606345,2692.98093132122
138.959015939264,6.38721909374255
3935.27870399143,2868.10392571422
3832.72017255199,2904.52724472347
129.220171848722,46.6105292093997
2839.7776827577,2506.37711273442
3171.19937020498,2349.52641600201
3324.58647510289,2328.02008335725
2821.41219890938,2242.96496327349
473.296297708055,6.38721909374255
2656.75357258926,2507.50902497888
3025.1166712139,2513.00688445197
1044.94301930877,708.577065032401
3415.87318405648,2025.19313252671
253.841417919777,76.8891817487236
460.762040135706,346.08216874386
244.403148235601,28.1361043623089
2539.34628161926,1630.07490833532
498.575218700504,198.20591909253
472.154099910686,258.722798733875
3216.43689090211,2549.0259490882
3601.33199583932,2290.02017229321
3731.18345108896,2222.79267005971
520.126971894482,162.712385141226
2996.11039425821,2553.95785243907
292.345989121828,50.9360510007317
312.965912733234,194.729331484543
3287.85520634259,1996.04639223185
2986.82258112551,1947.29331484543
3563.06801211441,2593.7364827444
3347.4004752186,1885.03814140009
3454.6480727696,2242.15645452745
3123.67737864721,2739.59146053062
2736.28735936865,2488.67077119607
309.088401282149,29.2680166067696
2074.64643263137,1325.95434351111
2019.91050478902,1379.8818768722
694.704929954182,411.89478067179
513.063266363657,333.671559492095
2649.90016000732,2486.48779758175
552.770135191167,171.72725765961
629.117991321493,268.546179998302
300.912566684478,16.8574073550041
265.26354642528,60.4764542040434
3412.9874891172,1960.18902934482
270.283255673734,114.767816500855
2932.26683986858,2663.87461646366
411.466595604359,55.342423666668
363.734198198837,68.9253706001965
4254.82734487422,3266.7391629509
587.0064143442,80.9317254789404
4887.07121405788,3375.36231298182
3656.24841133071,2322.11796951114
170.49006898558,7.92338571122493
799.457763695652,639.732545306809
3738.1268816977,3065.58218693531
3967.44103103043,2498.6154287724
353.424236393134,108.582724593623
525.116612412413,340.867287331881
5384.74505764411,5142.80285726991
2920.3037752773,2591.31095650627
2710.58766431365,2486.16439408333
332.173095238475,217.690979872175
3191.30831356227,1933.06356091507
2259.44425920407,2011.61018559318
3728.02740100566,3292.28803932587
1369.72173765481,888.712813650862
469.809529221949,255.407912875098
239.473607545761,38.3637399997574
509.426229490846,112.301864825423
565.605004802835,133.969899219385
5941.7892407847,2232.00990251877
4032.88576326289,2992.58907279858
9378.19735741076,3576.42151345228
3852.88299179254,1656.53160164999
3667.24282541064,5817.06975660562
4740.57504503294,3142.85216656817
4896.52251799961,4440.49154665718
3966.4895778536,5635.37900337385
4265.38352680591,1925.68679233076
3841.4066135101,2078.84834742477
4082.76165014605,6796.84905524036
3857.25901626557,100.080698018377
3303.06858234201,3265.21104226237
3622.82466509176,5204.4235362296
3750.09333735519,4497.94827258002
3909.5791651035,5858.50026848001
4765.62095985931,5082.7469374844
8532.28600901735,712.158554685995
5482.98470471531,6780.48159700359
3449.34046914997,5623.10309255483
3510.15520029275,5390.49084131892
4715.07147044202,5486.08192242731
4590.61788191457,3814.77402473325
3698.97348861244,4730.84468254524
1585.49861700471,1666.59090523834
3797.54781725572,5916.92321865353
3918.35753497258,6476.31800858723
8531.82222704053,101.899312564489
3906.33934562698,2332.54521866044
4646.71290616781,1066.39079492025
2795.48681662799,4907.81890829688
3463.6625458358,4169.8586882985
3929.11253696178,6777.2991883775
2966.22549474384,1726.71880778768
4369.56951158936,5465.1679245217
3828.08927127222,5631.51410637114
3652.30997740484,7111.12903270408
4238.79927472179,3394.44639006358
4635.89874484491,2178.6449354413
4677.97636777755,2628.63861459356
4178.70312947648,6709.83982147006
2610.19691025125,2257.12961876016
3947.80995572425,1396.98103944792
4315.52319074291,2643.3579944859
3818.38378528895,3786.0739930737
2710.42085111336,1976.26704614659
4477.675650098,3271.74669303632
4436.92449295772,4932.31322162065
2554.77075558815,24.3808171571914
4022.95362381392,3219.12045408399
3992.79630870928,5793.14376074045
3319.48004422469,4976.52823532906
3805.7807383625,6332.81785028951
3880.71775420355,6121.17668241821
3854.40386941917,6804.12343413945
4224.80736944233,5277.22525639003
4514.08299747072,6184.43033098988
4344.71094068364,5549.90388845758
4201.46926729717,5491.36719022128
4140.50588305624,5203.17357610487
3952.45177556149,6128.45106131731
3702.1046401973,4139.90827365898
4500.87340416808,5426.86315866963
3655.5968191927,5036.99738206671
4272.57020786289,4541.197484893
4034.99294965098,4649.80278209029
3997.31653385078,2088.56661825244
3806.52684286405,5564.05516231894
3760.4127779921,6713.36347428446
3187.82629981872,5707.21407642835
4716.72807196712,5927.38042903396
7867.59802222455,2550.38121597263
3404.10423075992,3296.01372166218
4545.5760337064,6801.85016430503
4353.43211686646,4958.73998344578
4128.90582126874,4267.04097371993
3688.48028486625,4815.29691060707
4543.77710127158,5995.52143860753
3470.13517350436,3467.41830946292
4572.74400417106,5809.79537770652
3758.067519263,5421.69163893843
3477.31342644437,4468.16869146228
4582.83318239508,2752.53182056942
3655.44857996484,1852.08968144144
4825.46770949386,4879.00512857457
4154.32183883485,6505.81385383092
4201.64221062847,6126.40528760843
4438.841068432,5105.7637945579
4580.8886831764,363.26850913401
4079.30627823317,4614.39668899026
3430.36001088187,4895.14551354105
1052.97621189737,2560.15636083168
1766.77248879305,1292.97894452323
9064.20199252718,3048.51146843977
4386.63247806375,3395.41240288664
4251.51580103256,3945.82786154542
3799.32261734776,6415.16721918345
4183.24854923955,3466.50895924363
4569.69084394174,3929.9720581635
3116.93139091382,2324.75939633413
3601.74516743515,4997.44265608992
4449.68296150642,7236.55635753397
3885.1495366263,5212.15290737978
3790.14811339622,4186.73780139011
3486.56931333402,2979.12007588622
3829.70823867787,5235.28351251604
3879.99382341387,6382.0910585216
3299.64404865358,5214.02827042212
3907.50715608869,4525.90957611443
4568.97110489782,5898.56664931165
3595.00696244631,5965.68477203078
4421.25105290631,6035.81531556472
4218.1701411299,6872.7194359641
4420.38285492663,4727.43477779361
3285.01493279701,906.06850327611
3300.64725710913,5206.46973279373
4162.88222294022,4174.1777318418
3748.43287207702,5373.49798016454
4205.490163082,7491.04925378142
4430.67751457784,3286.75023165797
3698.98859166582,3647.57494384065
8589.51022441666,4327.16887626927
3768.98837903321,4112.45862497941
2668.81052468022,9624.85381471705
3669.90297291251,3873.42447103232
3944.38272403425,4891.90601945595
5027.16053111632,5744.78011415528
4627.94837147339,6005.52407959213
3907.50240809199,2128.29196632339
8189.1777315544,6388.74045735832
3130.53937012903,3131.37228076093
3904.87594151883,5178.16760792626
2684.77581045818,2684.61788426614
3411.1290701597,7082.08775685623
3986.05416310774,3184.33934104632
3850.20123344189,4506.53011991811
4363.78033359442,3063.8560398221
3893.27716210092,3017.87919970649
4655.01422482412,4319.72408670365
3851.00461373952,5299.33255181661
4131.7086656558,6391.18413785927
3800.41895007711,6104.80922418145
7965.31378200917,578.092508486639
3964.10870091823,5640.09595370922
3909.84547423132,4555.85999075396
3873.840095453,5247.61566308357
2412.57552245249,1056.89991450431
2643.39511867363,4849.45262072712
4378.02830121119,4596.89259583628
3879.36036929932,3347.16229293661
3120.73968648371,2314.98425147508
7667.51939549056,1791.27971337072
4214.76140280037,4396.7311023446
4404.15247988742,5778.19709615019
4070.69556635682,4703.62252999122
5078.99882667294,7062.19664580506
7578.95028815384,2486.16134315028
3087.61186633923,863.330998674882
3811.1811331877,6574.97817311418
4182.46587946208,6693.13111904497
3714.62193159,4228.05456520174
4407.70542487721,6060.76462113957
1928.47835719921,532.058794339647
3671.5346381874,4940.15591797835
4318.21214235438,3118.64201197371
3903.06829352143,4017.77710551795
3474.53715357233,5253.29883766961
2263.21889270265,1745.30287325511
3401.92760016329,3130.97437396886
4411.79878956003,6287.40953906013
3709.48793985691,6553.72293102026
4380.23313738178,6026.83598428981
3063.99227904139,3041.35083760345
4412.43880233987,3603.75783692432
3878.41941931059,4789.89303563638
3512.52924226716,2577.26275862121
3753.48421208499,1831.40296823375
3105.35558684904,5536.37801751384
3607.21378387788,5486.13858503107
6753.18849832751,3306.75487934428
3738.09788701502,3910.42176844539
4332.49035856763,5509.26919016734
4034.40447259627,3987.31503602358
4373.77943934008,5019.0387195169
4511.58372063539,5679.76442774879
4410.16569284973,4326.14598941483
3725.15940690808,5141.51113184624
4146.51763851502,5622.87601928454
3054.69118911224,5120.25588975232
4347.4035611136,4450.09585799445
4253.60526619656,4694.01779579869
4448.08962821406,4125.75742265287
4453.8825672954,5696.30229665209
3846.1079072024,4608.37227021589
5068.06336353253,4096.1478293464
4546.07198860546,6080.03032927312
3492.45005659854,5199.08160583186
3515.50234119645,3452.58518150781
4722.84979496999,6623.45556776212
4245.15569706261,5444.93556928222
8456.16784161853,4522.10176457073
4016.84385466619,2564.07770901053
4090.15212784916,5332.97702993706
3755.34418862965,4221.348080906
3725.36867840311,2029.85929792198
4420.09405001245,2641.08472465148
3825.81815672357,1929.15357111378
4146.01972028224,6117.88052572936
3758.9847823458,5696.81395150693
4442.65753374781,3789.99512982493
4822.01956187831,5652.20103100645
3768.18744865856,3857.73865546167
3732.56715205226,6034.50826998098
8345.8507476274,2555.89397989214
3334.16793154158,1743.99572195756
3811.91453719027,5921.01518892654
3994.47476115364,5123.72245710771
1760.65999842629,1378.56759607465
2966.64416121932,5782.40239163072
4954.41995422613,7088.68007023394
4660.87064509858,6168.51744214895
3838.46541276648,4376.61249516789
3486.99057613449,5496.42538474497
3631.65969866151,5336.4440201477
2825.76887089154,4601.60954617165
3572.32429942036,3928.49417905798
4201.96112840716,4186.22614653527
3357.68394938254,4666.6818951819
3373.80481171845,3879.44846695143
4070.90532243301,6493.59502847092
3055.7382147542,2468.9414087256
4009.88379785878,6468.92988162536
4371.19374819381,6944.72534254039
7670.33108507327,1376.06704154231
3622.61396204016,680.560114558947
4451.7357560176,6837.76791225991
4566.06353796021,5616.62452723989
4264.93342494525,4290.79655891856
4644.18456919849,5213.80077429658
3285.10794808105,2512.75872706956
4333.06785568539,7311.46093686229
4097.04071316754,4976.30116205877
4094.31815915523,2566.00994608426
3455.89432516077,4594.05100854325
8108.12499396308,2976.96034268694
3084.8697216263,3462.36032636686
4050.29699405274,2924.9592952246
3866.54373373916,4002.3754486766
3949.24330539908,4035.33786127569
8491.93454508233,3399.84540592033
4331.63280789313,6257.51578702436
9034.81472781635,2393.63934546046
3863.59192324954,5285.86376633187
3576.27224132053,4875.70897188571
3785.69172231489,5582.01382486875
3558.44354550111,4445.03808632601
4204.86611113667,4776.48048990015
3959.55163697355,5533.36601955428
7364.71637368468,2379.43140899534
5475.98504462675,5140.20366340725
4180.36853469208,7561.57728125218
4846.06514622097,3853.64668518867
5117.44727507264,6814.06898966503
3495.72077170314,5883.79039538792
7762.67352238665,6744.33677577842
4147.44132664721,4401.44805267997
3975.315957983,6611.74797440171
4486.13392204344,2965.65086754623
4153.88626307288,5681.35563206183
1308.85408054425,158.674224036268
3882.87395753417,3111.70845440768
3014.34682999297,982.734486156377
2381.76050316604,1741.72245212314
4183.34612719147,6154.08200955828
4175.936506927,5847.58848870374
4094.38306297644,5490.74221015892
3323.13633423367,2687.6298822257
2601.45063522284,4676.34329197818
3712.58574157844,4877.5276723243
5201.74444074807,5866.22921677493
4156.79463906736,5976.25573047398
3096.17087093403,3655.81554699042
3155.14441334188,6291.16026514482
5121.41731146229,6878.00470375808
4021.95688882551,1078.89377900955
2692.5975077737,3772.77519540025
4216.70581812083,6886.52946563715
4060.06427155135,6322.01981857601
4104.12263116121,4945.21411250203
5223.79737279204,6945.29365999899
4123.44246096994,6226.5424855304
4750.4713276843,3008.21780291021
4521.50179619191,4875.19731703087
3862.06373584082,914.024947696578
2194.70452762096,2892.39478941759
3610.98558947165,5190.78391722308
2737.74482426317,622.193932702993
3414.702965314,2667.73877117453
3889.63788765059,4670.94427612144
2833.18949771392,1500.1306581847
3318.31033373702,3868.76418330071
4308.50540240688,5304.95906379889
3934.47645251027,3050.72807567043
4047.9641954209,4166.50544615063
2996.42139288249,5661.1236996776
4069.32238820152,4245.5015728967
4327.60566629409,586.333111636409
4466.72755577494,4545.34611776977
3776.20767502573,2087.42998333523
3933.67371831154,4621.10275043074
4547.65606269513,5637.70893581203
4517.00144382074,7100.10350486505
3279.10236722149,5623.21684061761
4163.92137762157,5273.5311929091
2806.77560726641,8751.51986865269
3772.4705675665,4205.03770812824
3566.37982062011,7406.48327765682
4204.93782808161,6264.2222713201
2981.31566446851,7639.32260216302
4081.40316631618,6688.01626191753
3873.6781883483,7215.52861156559
3304.40407166111,399.868137611089
4380.6343092353,3795.22373501514
5461.56327151062,8313.2904454646
4206.24644505549,3815.45609025462
3480.28364844056,5260.11864717287
5720.82969226768,6650.50730964961
4012.13498443363,3988.84957773286
3770.75090523621,4871.44659094617
8568.53294160642,4291.13780310687
3900.81448291509,2992.30491406927
8360.81995637391,2821.86655051921
4667.66011746323,5062.6854157667
4409.63914516916,5726.02563802132
4342.48698481031,5231.02113157651
4082.82799941043,2784.41447228268
4569.0361203866,2859.26175472436
3788.79757596889,1506.32538191178
4746.25818568511,4956.58046167413
3425.48339787564,3941.73589127242
4110.67706370756,5735.97119354691
3931.55051226287,5140.43115953279
3715.43418399837,5782.34572902696
4103.20723263842,4920.15148171966
3767.97765946384,34.5537003269294
3364.89169579686,2238.14764650065
3166.57157005922,1478.76198516944
3740.73961031065,5435.89957540355
4714.1793788688,5837.41585990787
3392.3110995409,4993.2936003579
4088.02373447675,2131.92915577293
3782.17203157991,4693.16531961079
4661.77167877151,5052.00113211598
4606.19298854718,5548.48309481107
4233.37755701947,6154.1390950173
3372.13855335941,2919.56027936786
4259.24725626009,5682.71976310458
2815.58040450647,1116.45960530886
3416.85512635161,3674.17211633231
2296.92572489106,5099.91020930532
3910.35711946104,5618.3294796157
3873.43191614273,4984.5984278123
4551.38546196276,6921.14016800829
1043.14933210622,2235.07877450971
4096.18921042053,3432.63719642525
4087.76739731543,5514.38404729478
4177.8674576963,4921.34477924063
4858.73720799262,7187.85188961574
5171.53965018241,5549.84722585382
4070.56254979634,4312.39262234554
4727.1747263584,5559.84944398317
3644.94479821133,2928.7671067683
4263.49848812647,4804.15763470526
3774.55380643821,4466.86122302329
5376.91196590631,6349.52655271459
4440.12250105813,6652.83766494304
3975.23570848726,6137.99871005082
3146.82346720437,8446.39090169615
3458.42332216185,1608.4520080803
4642.22898901329,5233.46481207746
4331.93574198561,6795.25785092731
4476.92509907688,2776.74218659151
4328.26281397423,4315.23420963857
1914.31395158813,4353.99354488647
3816.88728695675,5320.417383244
9227.80968663887,8182.46410477797
3698.83626148772,5715.56842764089
9060.67273015937,2787.99478770083
4352.87430344728,5732.1633820032
4324.28349507524,4621.61440528559
3834.44989704354,5121.44918727329
4591.99221617976,7065.03823309808
7484.83170274601,1152.71828031061
4228.78929427053,2529.06931127494
4896.1190991475,5927.03918484565
4302.89009286059,3519.13519819596
4025.27088469613,3741.97230457282
3448.86530135116,3869.2754153003
3343.00720059238,3245.6040899405
3644.64505604297,1740.75633358627
3966.96910856083,1882.04009608096
3773.85693761309,4885.25662061922
3834.20910081781,5694.37027100598
4904.53314914498,5760.18134814137
4228.22827578542,5623.72849547245
4816.36771327125,5721.81991968554
4148.35224746356,4780.45871211039
4185.78245962618,4787.73351386473
4532.60197693913,564.850690558383
3950.54762468792,5472.04439662872
4615.51376088809,7280.77179409763
4262.72065140931,5590.14067995575
4272.95206020484,4920.03773365689
4545.3406992153,6870.55991419245
4709.55031409952,4885.76827547407
3441.01578523688,4799.95233922474
4403.14547956384,3524.36380338618
3285.79277269425,1105.03638210538
4018.17758150193,5568.03338452918
4293.82475106559,2803.05520035386
4641.67081328062,5429.3639246296
4911.86078069417,4933.56360460063
4171.71437055131,1152.88879669095
4057.70607318879,4935.15480891368
4469.84329615682,7036.50861210507
4805.94633708148,4148.03512874597
4415.36550683315,4983.97344774993
4358.83442988848,4881.73296780482
3942.97773144226,5130.65601467374
3572.08104453256,2457.40464888698
4105.06371679302,4156.61697608406
4640.89300719583,6370.66804674574
3720.30909403042,4771.42271823172
3687.83026533532,3979.35859160311
4188.2412351552,4744.65471221828
3640.45039221036,6638.40223235238
4027.72376512863,5709.88525305484
2912.75261894232,5114.34521904073
4225.9853998867,6471.43064758533
3953.62934707283,4296.25266023432
2654.05392257823,1770.19509337095
2898.09353217137,639.413919984576
7765.42940222514,4229.64576951478
4269.16621081113,5477.8979818813
4114.73896743699,4513.23618135859
3910.32031520862,2875.06110693015
4323.09516990001,6163.06176368844
2830.32299142264,7422.85115874884
3323.68793871931,3540.73126162294
4342.62567555963,5213.97160781836
3140.1428940031,2667.17045371592
4782.40339706828,4220.38227951057
8335.29655603214,3603.98491019461
4922.17947553677,6670.51216876355
3468.4892035576,4386.50138808972
3865.15704354819,3412.51880067617
4546.76359690245,7116.64137376835
4137.46246905393,2978.60842103137
3642.72950063766,5808.94290151862
4300.27168728825,5386.74011523423
2025.56993564088,1944.49814249611
3791.92118526033,6055.13810915728
3933.68456978831,3328.12365807335
2136.31254546837,4155.76449989615
3071.85222321405,800.929773434215
4111.73211928254,5055.9222688672
3796.58971248674,4655.77011540564
2093.68381568998,1644.42652435275
3756.95193375879,6523.54544311044
4149.30538805181,3245.77450060703
3977.04193262244,4656.45218092701
4522.76790759288,5364.74614501517
3501.72930805213,2550.04039463956
3435.49590063278,5601.05245973202
4484.70330655767,2720.36501012686
3915.81271762744,1158.74238194353
4797.58070342575,6058.26385517961
2964.46034554862,2481.27398214838
5079.33015546164,6837.31334286407
4389.85031277679,2760.37451692712
3781.23361979025,6530.99023267606
3559.10382970415,5742.44975886185
4245.61768027748,4626.04719689166
3395.41632209545,4390.30919963342
3954.05484312734,3112.84508932489
4189.99556358623,5612.70296763342
8552.02333199622,2504.91581928424
4666.25491693153,5705.67953471907
3672.22867729542,6285.19293182947
2978.65783254123,3279.41897872749
4291.47935929649,6332.81785028951
4743.69495188204,6366.86023520204
3836.85532639286,4169.00621211059
3952.275761877,5449.93667834689
3528.44480746118,5654.87220763294
3589.08016694687,2647.16580602961
4088.6489565402,3960.26329413609
4189.07322681823,2643.41486851729
2851.78377494286,2117.72121930781
3783.65735765112,4466.634149753
4341.82317716957,4984.54176520854
3698.61070076759,3665.42028118295
4056.53146214054,5621.96645763762
9162.26034861167,3624.38767610063
3378.27851874647,2789.87036217081
4411.45320106956,6438.75239371555
8858.82947278053,2495.7660773428
4290.69037327235,5316.43916103376
3468.20995949155,5547.51687056039
3587.94081383467,6783.89150175522
4121.08152011145,5827.98153638188
3781.79729294548,5304.61824246583
4677.05606191421,1279.28255719914
4067.24660049412,3048.90937523184
4429.26042325144,5200.84322081144
3914.24178373041,3948.61278623469
4590.92451349195,3729.35599527599
3149.53909147167,1367.59904798081
4133.17859740351,4728.51475010706
3596.32446776317,5555.13249364779
2150.37864215271,1669.71665126067
3941.86836624725,7090.8966774646
3572.96860046217,3790.56344728353
4403.6958638361,4952.71598752667
4256.36044525898,5438.74116269657
4146.36986199876,7330.04457947447
3934.87491839883,4453.84700693439
4188.82005449431,5213.17579423421
4372.34541741742,4660.99872059585
2336.118297225,4431.90969931909
4881.0986200982,5834.63093521861
3619.5521638156,5567.52172967433
5149.15822934459,5250.57099843936
3768.2803308973,2095.55683842222
4779.72066081028,5994.32814108656
2769.58980222904,3116.88018556651
3820.95215989282,3230.54367728747
4592.90580228877,8293.05851308037
3977.46388249382,5852.02128030981
4005.23836965375,6252.2876046894
8709.19607033995,7790.26839573687
4557.35299524205,4722.60407939547
3647.50654225672,2515.71385099773
3239.6534933622,4431.62554058979
4331.46462610033,3090.28280164722
3970.42623417688,2572.77309298376
4964.88590724251,2667.45461244522
4965.94340300488,6114.18646224843
4497.93041372953,3868.65043523794
4420.62412549141,3124.4387231949
3877.33587747162,5578.60392011712
5090.84153667435,3371.31578492732
3898.71173346128,5278.9868713696
4090.59853223367,4019.93662728959
8330.31432338969,2653.87186747009
3895.58501794649,2641.25534674564
2026.28839140954,9349.73065643804
3250.64562359834,4298.98049946457
4063.88900556732,6285.6475012253
4262.02847665137,4397.58357853251
4549.66491980051,7240.64790495172
2633.94825835149,1996.95375935429
4782.31906150952,4717.48922226802
3449.10531870156,3244.92202441913
3161.03580585863,2907.56873870577
3961.69040187115,435.103820044589
2493.95077649781,1430.62551756838
4407.43485532435,5749.72413776094
4466.55859754354,2295.26355109044
4276.4616449726,7288.38657147453
3742.33516959765,4567.56716125912
3453.81370135524,6550.1426156021
4186.16758936275,6100.66016844943
4463.12449204141,4436.68373511347
3803.52213525513,2175.51918941898
4384.53226276433,6453.86946897234
4928.58842756662,5586.8445232669
3704.41253061738,5893.90636158004
3189.83807417472,5007.21737809372
4072.14043434168,4371.27056477016
3968.59140737167,5141.05613959516
8959.37026436091,3756.12357843418
4472.88961625353,3185.87388275561
3949.74112764319,4576.71732605581
4033.41727510793,2175.86022217966
3916.18624749269,2607.61086862518
4579.05472651041,4696.40481369588
3823.24909077802,6518.37350052399
3835.0937821146,6401.30010405139
4689.62373016603,3163.82324993279
8150.31655634628,4505.9618024595
4061.84500925422,5734.72081056692
3995.05827768871,6546.78937345423
3397.47341816255,5418.16798612403
1656.84091855941,3867.22964159142
3989.38384885947,6012.17347842886
4711.64714037785,4604.10988927636
3341.03268809799,3092.4425348465
3697.40440524978,1209.49315213971
4880.6252194286,3503.6202161471
4377.75901688906,5504.09767043613
3880.10764919427,4524.54544507168
3879.12567062095,4330.63586647991
4035.37231716825,3532.6610691397
4478.26509799443,4772.27519441963
2840.34848653827,5342.52467867057
3951.19846561794,6426.19274702248
4120.01576402252,4954.13678117318
8826.8062273327,377.021796917937
4066.58587890382,5982.10931572656
4267.5820435171,7399.6068055498
3414.03270969221,5543.08407895432
3934.60780895607,5061.77585411978
7028.37360558855,1826.5722698356
3522.64593000215,3122.22232739187
4060.14260861212,4934.07525945548
3528.22756767852,5536.94633497244
3706.42748974071,5957.21709561072
3335.34629664429,1013.19634422312
3552.92565621391,7393.1278173796
3411.67640971075,2814.93299295318
4758.46071550076,4306.36862642643
3490.3304829758,3636.94732279369
3069.73240380092,1377.99927861604
3968.83807485582,6419.03169333091
3938.09182003218,4628.15005605954
3914.60149985088,2194.89885704293
2896.87749213506,171.063552562389
5025.2089750774,4465.38376677302
4139.9899409332,1615.32869161495
3124.57605693544,3888.65529435188
4599.04687446939,2569.59047293005
2192.77808115415,983.586962344285
4580.29120637667,6699.7805178817
3978.71798830014,4803.13474785082
4142.80382560328,4646.73369867172
4294.3105768949,6521.95381594215
3732.85609877711,6022.00528589167
1720.76300715232,2659.49816802476
3837.40462803941,1128.39427193956
3736.58492193714,5560.70192017107
5268.36192029671,5467.09995016781
8087.29029918576,1089.63504240547
4101.00440134718,6102.70636501356
3831.89284417685,5527.62575950922
4795.83816237327,4571.82954219865
3876.21240870909,4924.47052526296
4359.24377700812,4832.68725569827
3900.90654770898,90.8171287288086
3579.28109577174,6980.30184630695
2703.14537080573,1444.8334540335
4209.6246472707,4966.18519586665
4410.51187116004,6025.81309743537
4210.22377996102,5028.58636825041
4139.15979042721,1755.2484287807
8162.33925816139,2615.90834580634
2728.87469287139,1164.08462948271
4328.92166778864,5950.34020064845
4457.32844893167,5688.40293769063
5196.79966997051,6914.7182652971
3862.53106645554,4815.4673212736
3989.10064877087,5612.53255696688
3971.42088935791,3574.14824361786
3220.42852149075,1063.49243930965
4597.18205141584,6295.99096354296
5060.27055688605,6117.36887087451
2042.14485761641,1026.60857281791
5094.11278075966,3332.72707177357
3573.8337114779,7435.29663452388
4444.87467852372,2001.44342499174
4936.59879371867,6226.94039232248
4008.4314072254,4788.13099780155
4144.40878023502,5063.1966477663
4050.67698713622,5020.80033449648
4461.95454067646,4586.66288158139
3754.88078735583,4552.62049666886
3940.22740680987,4096.77323226402
4195.8264316774,6345.09376110852
4261.01020291922,2609.14541033447
4237.79658899471,6677.95695832917
4342.07547929281,3823.35544921608
3444.04484594827,5761.60214178788
3917.08219161064,4485.16112976142
4542.29610443361,6519.56722090021
3936.48859418521,6159.0264560192
3868.04084155419,6233.70353922197
3973.09276926891,4748.519609221
3758.91925060882,2736.78934239501
2942.07171111334,3589.5499004592
3917.21134288184,663.851570704584
4155.47122229475,5557.3486780232
3944.03726188282,1292.29698471567
4160.52290255643,6023.99439699679
3914.19777717336,5565.98718796505
5003.60833356692,6085.65684125541
3183.81671868419,2235.81771406247
3994.8074328351,2991.45243788137
3397.32592610537,6060.02547015918
4480.34762235839,4626.10385949542
5463.09304661397,4990.90700531596
4177.57014040436,5732.27713006598
3533.46248878663,6789.80217246681
4307.23154775806,4821.71881331825
3961.30066414458,5587.29909266273
8596.19528189544,6788.83594821613
4184.68190302141,2081.3489019571
4434.91687234243,5367.53064684919
3937.30898592467,5610.14553906969
4275.02359852296,3344.43445370636
8911.3540062001,414.871729089638
4610.37287464566,6792.07544230123
3892.05900528528,7364.03030178324
4375.44307510388,5023.6419217895
1718.85559008334,1730.92442040965
4539.82867467163,4682.42395050105
3325.58036541261,4535.28681418141
3749.76806053944,5405.43750590918
2970.5739121971,4158.03776973057
4050.81178432174,5376.68081164588
4217.9520129963,6358.61963205227
3870.03586160016,1935.91650658565
4265.15284614365,4595.18764346046
4148.02297892128,3002.93253511624
4332.30499830231,4304.89074732091
3986.09218597937,4718.05753972663
3964.51479210746,5724.88900310411
3588.01752935768,1593.95991288588
2999.95083332405,570.249706415129
1983.99687151321,3358.52864210871
4376.36737028906,6558.38321875187
3974.2975922796,6030.75712104103
3943.31892966283,1946.20309487192
4504.85816432824,5292.39941710583
4810.77419264741,4213.221225819
4153.21779277243,4348.82202515526
3942.05875132101,3256.34524762261
4210.48013784245,4808.81792243687
3700.92288968857,4260.56198554973
8382.01439909565,1860.33028459121
3898.80747556969,3285.78400740729
3940.05227098444,1695.00677816858
3710.40950114102,6908.40968779344
8094.64204196247,1199.60447064551
4456.31728517571,6211.42541027361
4054.18143411273,3518.79416543527
3907.28893752349,3810.4545583347
4284.26915035602,5164.47090346073
4025.39122739623,5555.53040043987
3507.63967572989,6876.35683684127
3802.71969631528,2262.58529722066
4445.8222522866,4496.24332020421
3704.6713088264,4051.19408751286
3955.89012753167,6639.82302599889
8032.43071627959,1365.72357922465
3595.25864036919,335.023126155658
4216.53985539925,5529.1603012185
4548.53294404697,4929.8695411197
4088.38314253582,4195.03506714364
5073.83721436295,1299.40095294823
3567.92219527765,6403.51671128205
4427.6915008739,2785.66464383503
2142.58972299731,6423.86239172905
3108.57391503633,3339.77416597475
2303.37553993752,1583.33239755273
4785.99375092939,5865.43382604604
3261.70451714988,4577.68312745123
4205.77078303927,5385.54639485801
4826.39204028222,4498.9144968307
3320.26039012637,8369.55387386648
4031.82848275756,4631.90078214423
2894.17595235597,5383.0460517533
3814.5879177003,5425.15820629382
4391.54084770393,2459.28001192932
8280.26953294613,2195.58071113668
4431.38546719023,5277.6231631821
4114.53988722654,9018.40242378192
3239.1352602316,3022.76677213602
3561.3991998994,4769.6606803969
3629.13532649099,5967.84471665768
4034.61629853217,4039.20233542315
2718.97125095997,600.54104810153
3574.37110127663,6393.40074508993
4717.33901677002,5564.22557298547
3741.92173282361,4181.11128940783
4449.80248074315,5113.83398704114
3938.13274458552,3972.31170882956
4547.39780154584,6287.06829487182
3552.11882860744,3881.32382999377
888.288631586689,1702.50854747941
4316.65073996672,4290.34198952273
5161.01722419145,5482.44452155014
4035.53417222906,4827.28823984153
3114.25283751794,3993.05529606864
3945.02553322176,4691.28995656844
3656.97970144123,4897.24794985368
2995.67842686324,1922.50417227705
3472.11231826053,5618.10198349016
3726.82591939498,3720.66039987514
3779.19386020194,2709.96488520544
3768.7104486549,5221.13223865468
4591.11317608268,5997.62429777542
4360.74748491288,6224.66712248806
3884.26405933734,3368.64481972845
3225.48705326056,4542.67494114327
7929.05708314243,4414.91726101996
3971.80615976777,581.843393142049
4938.92277855426,5839.97328847159
4069.93438766569,2454.33556546841
2877.74756916121,4071.71017862639
7702.86013169691,3061.52610738392
3610.29023281749,1035.30385107733
4341.94593384881,5386.91052590076
4242.80599186813,4254.76548575616
3734.9393696081,5327.06678208072
3059.44942155351,1846.97482431399
4415.4106433692,4218.05192421714
4179.45963190749,2457.17715276143
5050.91376582117,6962.05902502783
4428.84729277283,6123.44995225263
4193.06815233413,4711.29481568238
9022.78972046416,3606.94024555041
7824.73083346288,2511.79250281888
8426.31848995335,3532.26337377526
4050.2888367018,5216.75610965237
3887.11589077285,4934.01817399647
3851.87376242271,5308.4827166133
3201.10347259938,3959.92204994777
4168.90049745861,6089.00966054803
4817.37359988726,4917.02573569733
3760.40873345596,2355.61894976532
8239.48203813399,1664.31763540392
4211.51684671737,5136.62334798909
3906.5677999026,6470.74858206395
4637.99087420424,4604.0532266726
4355.27618006662,1152.83192265957
3940.13013396134,4850.81675176987
3484.16197332062,3661.89662836855
3767.29221581354,5263.2443931952
4065.54505517246,5131.16766952859
3983.98413325189,6200.62737856012
3665.9260326093,5687.32296537718
3896.20273331283,4078.52998812965
3846.11573323507,2179.8384443899
3570.2656574591,4353.93688228271
3637.78791623851,5115.08437002112
4185.68066496039,7484.34276948568
3786.42543306446,5689.42582454507
3874.60370391979,2694.84759852103
3976.4761902635,7295.54804802136
4039.44107155936,4842.8603073494
3388.45645894883,2035.31518781011
5109.8208843259,6863.56969402267
3099.08574972617,6961.83152890229
4602.73198710718,5201.86610766588
8079.8013597112,7413.30308716008
4300.27604057893,4982.66640216619
4429.39191906889,4798.64487078574
3367.21632774754,5659.58915796831
3647.54459551878,5461.47386104077
3439.54761576209,5110.87865168534
3314.4226198002,4696.51856175865
4421.92258677134,4754.03195028526
4139.74168300398,687.777777997372
3794.51324481587,5313.6542363445
3820.98474273699,5682.77642570834
3234.2907397708,5603.26906696268
4284.26514371111,4931.06283864067
4678.24700577781,3988.67916706633
3136.52605475696,890.269256784133
4064.49883735068,6436.5928719439
4215.17467214721,3985.72383171053
4023.99871385517,4615.19207971915
4371.21782856461,4401.16389395067
4511.07171980596,5522.05633298594
3505.43922657072,4370.47475118601
4092.35308273279,7048.6136894023
3341.09226451369,2004.228349681
2167.46353324091,1052.75117591373
3136.09463136111,5748.1329334479
3237.88755630915,4233.16942232918
4180.34393575827,4310.91516609527
3886.16005829388,1292.86530217428
7942.20215807183,1550.8246600633
8568.91703736603,1096.85265298699
3334.99293626592,4285.34088045805
4897.80774894943,5726.36645935438
3570.04062959672,6766.27366053847
4318.85803004515,6220.29099348575
4153.57830572297,5514.04322596172
4501.21593434614,4650.03027821583
3913.14018658187,4427.93147710886
3796.97437296795,6460.178046476
3871.84256212075,2992.13450340274
3995.59017569222,4888.38236664155
3694.39113209526,6331.9653741016
4406.77829935054,3318.91704210053
4552.81171697201,5009.37732272062
3124.18627983035,4585.52624666418
3985.46115602641,3012.93496467321
4286.63144195886,6150.72919026567
2419.41495995397,2159.77671124457
3623.60786667433,5601.16620779479
3824.72019077688,4545.00487358145
4832.82569289264,5582.5254797236
4991.92019940958,5052.05779471974
3977.94089343596,6528.4894667161
8792.97254520252,2530.1492835884
7918.25465853219,4666.9660539112
4305.23111409725,5178.05385986348
4207.46640491855,6095.09074192615
4469.88364045742,6511.55369102073
4001.72173599809,2106.63902886502
3601.88361520275,4348.65119163348
4452.67316603147,6364.01864790901
3706.52548090289,2816.06962787039
3261.84667748991,2259.2891405318
2520.74145964558,1172.95031840865
4705.65872104351,5950.96560356607
4466.42458825334,5003.06874521695
4605.74923507392,5626.4563347027
8127.36278647641,1889.31447498005
3425.32715244912,6390.67290585968
9304.92259094284,3079.88267672581
3958.39500354092,6083.49731948376
3604.91501378997,3151.20651778071
3732.12192244173,4242.20541620785
4499.61914808083,6528.7736254454
3931.33447841114,6073.32426783264
1211.61171793416,1880.7328390696
4446.36620594968,4038.12278596495
5123.56835940758,5305.12947446543
8791.18674236231,3341.99056177778
4008.28795721586,4806.65840066522
4053.939004566,5606.9060449846
7815.37442772521,399.924985214022
4014.18876737939,3102.67224910138
3548.74655519641,6220.46182700753
3700.13712144757,6685.97048820865
3369.0426124701,6691.88073606499
2647.83132590921,3566.64636859322
4090.40097498646,3260.94866132283
4549.37306982381,5406.57414082639
4007.20574050623,4747.09881557449
8648.82533376378,1987.91755404799
4394.58950924638,5894.07677224657
3181.14291078219,149.296985969288
3111.26436262633,298.480318853058
4233.9745537926,4776.48048990015
3008.89185186278,2160.97022019317
4658.09983874261,4768.12656154287
4083.86552554797,6351.97023321554
7851.69690568963,6926.99375326086
3774.13407403543,1882.7788242061
4469.71195776106,7383.97807543817
4027.57739164224,5537.06008303521
3300.91585916481,2598.34737862098
4365.89900674106,991.827565494055
4338.84094541235,6237.3976027029
4597.91146631024,5712.84058841064
2983.53119512851,1809.067965254
3985.95511159832,4177.81513271897
3575.04888723533,8486.91142906838
2181.90508808761,129.349053743639
4815.34646512213,5233.40772661844
8810.19529487906,4738.40322017363
3868.00224341467,4604.6215441312
3867.56038864519,4793.8141723876
3619.25789366106,4441.17361217855
3820.66041138418,4518.00979429772
4142.43195531653,6104.07007320106
4603.01207228849,6745.35966263286
2133.49304949834,1864.59266553074
4536.22374782755,3468.44119631736
4310.22296342279,5681.4693801246
3861.72036929912,5873.27652240373
3940.49381391776,6438.69573111179
3688.86570094294,6932.50651718038
3916.75860899681,1965.63942509963
4394.50446881745,3811.30703452261
4178.80627111415,1686.48201628951
4338.12301145007,3099.77378777698
3455.44541727633,1149.08098514725
4180.99657253937,1973.82336564564
6673.26885107945,3090.22613904346
4683.65400781209,5292.74023843889
1391.15902797178,4099.04650209844
4141.1406750385,4225.72420990831
3754.40252456744,2907.79623483131
3502.45190706942,5024.15357664434
3786.55175689624,5959.31995477861
3884.52576694387,3481.96727868873
4230.54388922701,6563.10016908724
3577.13166048614,3321.47447066425
4661.12497028081,6136.91916059262
4694.98524223396,5513.01991625203
3916.95801600633,1891.98565160655
4156.28804444116,1964.33237951589
4281.19755639215,3720.03541981277
3973.32409194834,5901.57864727121
3757.87823310354,2823.79878759294
4548.31638258098,5578.03560265852
4307.70980213644,5608.83849348595
3869.11371473923,4824.90122194434
3518.49720753754,3649.79155107131
3935.57707329967,3741.34732451045
2730.03475189713,2206.83352367363
3780.99714263087,6105.60461491034
3546.42155794792,700.110245706335
4206.96582028431,5473.52185287899
3254.49197341427,2136.58944350454
1411.46588292033,3839.26833805702
4172.12002109006,5424.53322623145
3415.63210483828,5666.0110606795
4080.70938127553,4490.33307234787
3940.41608151087,4641.61884154428
3927.15259655879,5496.82286868179
4196.89743456851,6526.61410367376
4437.71656325718,6041.61223821354
4179.41871476174,5246.25195489607
3892.44285447326,6203.18480712384
5118.14750594323,2841.41662880969
4640.73959370748,5158.78772887468
4428.80096318601,2534.35479049655
3682.35827912714,5715.56842764089
3320.66192127327,2980.54086953273
4432.18209349641,6765.53493241333
7917.60673921106,3824.09417734122
3517.79746489355,6278.77102911829
3632.44998879478,6408.34740968019
2097.30399455597,3701.84926113742
4023.94080364507,5867.70709588046
2791.6329722846,2863.41059902875
4058.23375095769,6393.05950090162
4668.44732899624,6995.58975508552
4289.18767817898,5349.11741490354
3987.15471504907,4528.23950855261
4187.57005484687,4478.73922705023
4271.98442403443,5627.59296961991
4171.74830654934,5062.23084637087
4404.96040036176,7143.80728657386
4003.475259418,6923.98175530131
4528.95940182029,6333.38616774811
3865.63097575907,5720.39912603903
4204.42318230489,6607.14477212911
4631.67982562772,1204.03726225158
4085.42135434446,5736.99408040134
4633.67514345263,4252.20805719244
4959.93039338633,6582.30921461703
4095.66677169352,6290.81944381176
4695.4378823788,6743.4272141315
4300.0078194536,4133.60011901056
8970.04100614589,470.850972333762
3357.98684628294,3988.33792287801
4174.42294124154,4995.05563819273
3936.18180513336,4706.35036922147
4955.037166,2302.367519323
3920.34095557093,5676.5820191227
3813.44350909425,3434.22861216592
4328.6468728301,5925.56172859538
2486.725576924,974.039207896961
4001.9442559382,5250.45725037659
8999.00642693048,1188.06760509307
1781.86432896663,4117.85764083616
3171.07904692921,3030.60946849372
4068.20899428275,4498.40284197586
8409.02613839937,1409.99557267826
4503.10588395571,6521.32883587978
4687.02839727342,5337.86481379422
3229.62468077421,5148.78551074534
2409.32232800269,340.592631964295
6646.36774881391,924.652463029725
3198.63606861436,6279.16893591036
4079.95480208125,4924.12970392989
3910.37110099945,6390.95706458898
3555.86285914504,5792.3479471563
4495.10964141992,3098.40986816185
3979.00346176577,2671.77386741615
3945.29400731819,1849.53225287772
1927.59606435708,1600.55243769122
3666.1002141466,6149.93337668152
3596.20197235528,2266.44998279575
3805.94645529202,3858.93237583789
3144.93258916525,2329.24906197158
8232.85981761504,1819.07039481097
1880.6033162309,3217.64278640609
3660.56854708898,5081.61030256719
4349.5390124283,6549.68804620626
3882.30255897133,4246.01322775155
3854.78347873641,4616.5562107619
4868.65530390582,5226.19043317836
4120.02698993823,5417.08801381058
4087.64293508008,5103.09261793141
4060.01172114295,4421.56665985668
4092.39859005908,3912.80878634258
4002.03630453015,6221.88262065404
4638.85804521762,5877.02724848843
4042.11994942345,5238.18176241283
3554.13648011965,2551.74534701538
3717.93987164708,5078.25706041932
3835.04227436931,4717.83046645634
4356.52403520411,3292.4902802754
8236.84329854119,6746.04172815423
1939.90780109963,1342.13840469255
5151.58185116266,7119.65379458316
1848.22968452175,1310.99469253206
4068.06006792393,4261.13030300834
4209.35323180401,6041.44182754701
2653.20579032013,5230.67988738819
4139.84645669023,2464.67902778607
3133.81257293486,5208.74300262815
4481.88103658462,4144.79605751613
4078.90570545081,5527.85325563476
3623.56295254144,6026.72223622704
4115.21310090242,1869.42336392888
3774.1565428336,4799.27027370336
3752.61598780249,5745.97341167625
3987.42068934569,5966.42392301117
3794.41894916099,5182.42998886579
4232.18038342042,5519.49890442222
4299.3826721396,6751.49740661474
2616.3374704464,6332.98868381129
4375.20204180445,4298.12802327666
4425.4946680307,5283.13550424637
3775.01450558396,2413.53045651163
4383.21891198985,7393.92363096375
4426.62926472669,7115.39141364362
3754.61481958521,6374.36211022667
4476.11522028409,5484.54738071802
1637.47217834353,2380.05660048533
2347.71810126377,2509.06466358863
3896.54374266817,3482.87662890802
3175.55131251386,5127.70067931794
2121.00441053705,1194.60325586702
5289.53557282888,6931.88153711802
4279.55063847011,4731.01509321177
4720.07756876505,6249.38893193737
3937.31990641061,4427.5906557758
3622.34496151199,4504.76808208328
7286.68082416771,4170.25659509057
4063.47553165003,4726.18439481363
3878.56821679438,5421.57789087566
4614.7808066423,2803.73726587524
4386.37322893349,4840.07538266014
4133.86667602288,3908.94431219512
3755.98049189206,6521.04467715048
3540.09816612807,6692.27864285707
8001.49231221421,820.593546930561
3948.55121357092,5675.67245747578
4215.05258424466,4381.04528677396
2933.88335652858,2111.18556853386
4287.12424488593,5171.74528235982
4348.01527144321,3714.01142389366
3798.50969929263,7078.39369337529
3968.05648664819,4020.39119668543
3683.29682802206,3274.13349950589
4012.85664194233,3719.29669168763
3658.52756938509,4605.24652419357
3901.60372387568,3487.70732730616
3911.21316848413,5626.1721759734
4290.35846118062,4928.61915813972
4524.90646341749,3364.60972348683
4035.34267223147,4583.87795689213
8929.11067507248,2129.4286012406
3762.83333215182,4755.73690266108
4560.78221314561,4703.50878192844
4109.11255615998,6386.86509431598
4331.65786617401,4621.27316109727
4516.51697589193,5645.83579089903
4613.63483249345,6757.63515059662
1667.12400318588,1824.46941066772
4395.62097091412,4014.87843276591
4289.48907428827,6093.61328567588
3546.64570851002,6666.98851594915
4340.65774515819,3986.29214916914
4545.10130383018,5499.32363464175
2825.67791346622,2370.56561435558
4052.27381037242,4472.99938986042
3478.32571546728,2491.9582657991
3647.81427681783,5557.0645192939
2063.65929552037,4653.55350817498
4515.77431778424,3621.48900334859
4448.16203663865,6852.31709291334
3595.53461713627,3280.10083282124
3763.67074815965,5366.45109739099
3539.27023745623,6622.71683963699
4075.08527717666,6697.05267865145
4240.84696693647,3550.39265841923
3763.74267961824,7034.63324906272
3967.45190996492,3553.46174183779
3660.80956534409,5647.76823940039
7736.49516748619,2689.50545669567
3658.1040601673,5726.36645935438
9523.99640515826,7615.79493594518
4964.22281356326,5518.24852144224
4125.240591496,6002.96665102841
3790.49182150226,4675.43373033126
3183.39281067893,3204.62835888957
3791.91181538017,1024.39217701487
4079.50812709831,4631.50287535216
4340.35116256523,5464.03128960449
8648.820151882,7431.83006716849
4090.52487305212,5861.6826771061
3354.77297686971,4807.22671812383
4440.52154036086,5285.69293281009
4154.83414183676,5570.70413830042
4612.7434843552,3918.26446480309
3938.08736200803,3087.32767771905
4042.85647590025,3878.70973882629
2850.23648545858,8219.91639444213
3611.71193705104,2704.850028078
3808.62356110648,4241.75084681201
3896.45455519471,4788.69931526016
4078.14892324852,4539.60585772471
2082.34643818306,2624.43310768541
7030.37391123869,897.486867365652
3791.36884176077,4338.81938417067
3109.5800093323,1246.94523037624
3769.4398276836,7193.30756807624
4556.86185309298,2241.72817334644
3955.58632967391,4200.2070097301
4235.61508042482,5186.29446301325
3963.44109699053,4886.56366620296
8038.7864622665,2329.30572457534
4998.96475288146,6436.70662000667
3785.82822959176,1181.87288136599
4593.88358865119,3625.29681489229
3868.06648895489,3953.67055790312
3521.97215453638,4448.05008428557
3947.26867315513,5108.03706439232
4221.15398779946,6905.68184856318
4021.84747203555,5466.02040070961
4561.98986450745,2570.67023381587
2568.70474609657,3580.85430505835
3782.67488428083,3628.47964637363
4413.15533999567,5023.81233245603
3954.22885177231,5186.40821107603
8286.05725676855,1453.47185826153
4047.15257801472,5270.5758575533
8535.51184760093,2002.7506820031
3800.53269804603,3670.98970770622
4130.84219157003,4030.22300414824
4517.23966029869,5619.35236647014
4661.40872670786,8167.97200958354
4919.25578515365,7909.38756591834
4839.36468417823,6989.16785237433
4739.91055252085,6587.594482411
2783.12293123373,2722.18371056544
3792.62888514854,9202.99142691047
3728.74769171171,4603.03033981816
3707.60406957289,3580.00182887044
4403.31197533077,2789.98389880595
4147.92682715893,1300.59446189683
4952.01165147332,4363.76868974552
4145.91191321138,5609.86138034039
3939.84474292007,2815.67193250594
8031.831118074,1940.57679431726
3875.77031528003,4601.49579810888
4610.12227245088,7694.56356656571
4034.64047639145,3055.95646943302
3335.03981973108,5322.91772634871
1562.03543708938,1948.58990134149
3050.93575603264,2252.63974169508
8324.91061771338,1788.26771541116
4283.34676583331,5117.01639566722
3684.5926066725,4997.1014119016
4697.60811155868,5908.51220483723
3100.03991084026,2235.4198072704
4369.68426238181,6236.94303330707
3720.52641696998,3701.96300920019
4417.6269826031,4873.03779525922
4113.48749008051,4443.38979655396
3605.79975321494,5441.07109513475
4092.05735675126,4449.52754053584
7691.71809960937,621.000476611304
4188.7671399615,4403.09634245203
4755.79701123417,6472.39687183601
3839.69811441669,5996.08975606614
4355.25104460136,5448.11840076356
4705.97368878295,6002.85290296564
3747.64345641333,4285.56795372834
5114.84891265135,6708.93025982314
3341.89399688222,1098.04616193559
4421.00457151767,5633.73071360179
4593.75930173102,4461.63304068833
3976.5072504003,4946.18033675271
3877.1250127459,4746.87131944894
2298.02772835842,3888.20072495604
3831.81333875528,5757.16935018182
4435.28969281557,5543.4819857464
2478.16819791019,2496.61855353071
3967.1436528214,4021.64157966541
4320.16500302498,7857.61401458154
4684.22492942465,4263.85856509384
4947.18343356146,6259.8461423178
4060.61201012727,4369.0539575395
1101.63608615073,2404.94882060117
4355.34839466182,4700.26928784335
3991.45832220806,2686.15242597542
4294.5707423214,6363.67782657595
3440.22278977372,2937.68956401182
4027.18241489039,3857.17033800307
7032.61686140069,3464.74713283643
4165.1170780042,5429.53433529613
4355.74612360192,6081.50820837865
4525.95563000696,8672.12625796979
3363.51934415425,3602.50745394434
4069.38333158627,6086.16807325501
3659.72130535351,2584.13944215585
3879.83619581299,4114.04982929246
2052.56177730236,1294.96805562835
3713.72831409441,549.165139272271
3474.03022600347,3079.08707456928
3320.25417865733,2791.51844051524
3730.89231787161,5052.73986024112
4997.74307825485,5607.58811050597
4889.62077136155,3253.84469309027
4403.36219610227,4707.42991867967
4558.56821856871,5355.36890694819
4357.77362800454,7106.69581824277
3325.4397891669,6488.53683394723
4471.81732155754,3659.85043180442
3939.19825996752,5080.35991958721
4693.57849051182,5924.879663074
3629.85265142913,2279.23712561436
3158.14074578603,1715.46620667836
4110.90627123413,3176.15561192794
4225.22985406028,5819.96842935765
3713.63147728651,5815.99020714742
4025.58231253004,5775.92382631577
3128.36723943657,3226.28129634794
3791.64774441693,6236.88594784806
3843.71272155805,5565.87343990228
4277.61251527067,4532.27481622186
4650.17684094222,5886.57532007719
5066.72675446002,4149.62675591427
4038.49963467402,2773.72997720433
3742.96395657403,5445.44722413706
3198.81358630286,6112.65192053914
3698.11801919123,2365.33722059299
3967.26766283151,4049.2616390115
4429.38114541256,5550.24470979064
4090.77755571808,6684.26553583284
3891.05053445018,2956.95569500063
3728.86881362913,2473.77210712374
4065.41150406173,5128.32608223556
5215.2060221514,5045.86296527885
3781.62039046491,5464.31544833379
2613.99871208626,1611.69139645159
3919.46005499648,1477.56847622085
3397.26013222383,4849.05471393504
4354.67688651247,7822.77581608486
3986.67902937282,6384.64848708532
4178.05671969696,5945.33909158378
4008.9334143476,4300.74211444415
3034.1207212689,320.133203454521
3925.39135560528,5639.35722558408
4022.59048341894,4998.57929100713
4116.79722516056,5189.47687163934
3839.02695183345,5326.72553789241
3883.10901989491,4580.24055601495
2982.63317651439,5295.41141506538
4347.58523948032,2913.70669411528
4727.99898710781,4580.58180020327
4743.70901556672,5138.15788969837
4522.77307732269,4105.97963680922
4259.12436671935,5332.12455374916
4033.10534172041,2956.38737754202
4582.0907380387,2935.58691627156
4144.51254497274,3112.73134126211
2687.79874454321,59.3891719465384
2907.17970987269,1581.22964409866
3845.45464090115,1715.92077607419
2106.22210339992,4783.01614067411
4545.92003304065,4033.97415308818
4562.4207342819,4329.72630483299
3647.84400752016,6134.75921596572
4430.88137504611,6432.21674294159
4238.73716489276,4943.90706691829
3954.92884137678,3613.4192337206
3885.97824392283,3910.47843104915
4768.70079391256,4174.57563863387
4191.9347002222,5237.15887555839
3847.63143171611,5642.48297160641
3817.54692766904,2457.74547022004
2994.3230892248,2126.01869648897
4000.57771023611,2203.19612279646
4076.10498802706,2599.31339144403
3841.96588223791,3820.68427258959
3986.28420408501,2520.71517149003
4809.0131398711,5238.8638279342
4382.83919351968,6293.49062043825
4363.47826047459,6519.90804223327
3619.75622496457,1785.08509535745
7806.08164063227,546.607710708549
4437.88939753252,2842.5532637269
4451.27524686424,6159.53811087404
3712.05867565304,1798.55409226981
3913.16854203241,4311.42639809487
4220.17282182989,5498.92572784968
4706.8242654491,5395.15112905053
4690.30414813681,4687.48214502474
4089.20159293953,3267.76847082609
4838.26659599095,7558.73569395916
5133.63687703226,2788.16540979499
4046.37846975256,4161.04976769013
3568.08431777439,6793.89371988456
3002.64942420067,2142.72718748643
6749.35468347361,1781.10687314722
3892.42638773449,5051.43281465738
4315.64974475916,6304.45906281828
3299.58877691826,1601.74584092601
3726.33070496058,1863.96747404075
4239.81662828019,5107.69624305926
4063.99869416454,5088.08929073739
4364.18408391208,4816.43354552428
3374.24994366781,6776.84419612642
3875.79380827169,2561.46340641542
3633.683143708,2750.08814006847
3794.52532505158,5032.67833852342
3019.51867781569,3084.99753385325
8172.25966157321,3616.88580107599
3781.14871135213,3508.507577149
4165.50105895843,6470.00985393882
4389.82740325766,5113.20858412352
4195.10180421706,3984.53053418956
3926.37853881177,4389.62713411204
6723.63961159255,1408.97258011001
3802.62548357643,5108.09372699608
3393.07058369149,5911.12629600472
4153.29356651128,4249.93478735802
4140.27066583113,5791.60921903117
3977.88652928459,6644.36956566773
2942.59263582116,7978.21064101329
3871.6335068252,6271.83747155226
2363.69054922977,1465.06549213154
4740.162917478,5796.43991742931
1569.31019724525,2134.94136516012
3694.66946252512,6030.70045843727
4341.38221283946,6615.04455394582
3423.93223232892,4037.72487917288
4102.61017647873,3555.28001942113
5020.45717427863,5102.46763786904
3798.01973268664,7065.32239182738
5513.37917890837,3380.35199023361
3061.77129323179,2171.93866257319
3607.53340240468,5554.84833491849
1970.8356351237,1945.6916514447
3927.0466631401,5968.75385544935
5563.44538087206,7649.60982473217
3910.65857660126,5913.00208190231
4089.40994314894,5564.33932104824
3200.97345125148,756.032694204432
4152.29620722251,5582.35464620182
3956.08931316487,6554.97331400024
4259.14398626299,2581.12723276867
3868.78549186206,5250.57099843936
4311.75546729553,6396.98106050809
3990.57131968473,5868.33207594282
3937.28674111835,2279.91897970811
2913.35643378201,1813.44409425631
3960.50261739331,5836.22213953165
4264.36233425018,6743.93886898635
3300.00789969846,6776.16255346029
7254.09057713024,1319.86038145801
3575.61369601586,5918.68525648836
4358.84893556033,6312.13134850944
4271.12322457551,4914.01331488253
5261.30714977888,6377.82867758206
3777.3738503138,4983.46179289509
3479.6132662189,4712.37436514058
2817.945178954,350.708677441771
3838.12620535874,6010.58185126056
4870.86771508612,2165.51675986201
4325.38161184303,4241.75084681201
2187.59399033453,1953.87538056309
3872.37549784617,2545.20969624142
4247.93258780588,1472.79465185409
3633.66799779201,643.33532102033
4957.66496449654,5840.14369913812
9245.83614479671,3185.0214065677
3924.06377066184,4881.33506101275
1963.22222848989,5129.23522102723
4492.41947333843,3704.40668970114
3894.45664474615,6463.58795122763
4451.19160935098,3752.37285234949
3790.35443174366,5224.31464728077
4565.56913058579,4913.6158309457
3797.97388938174,3727.70770550394
4319.18910953925,3364.78013415336
1601.01680336296,1599.87037216985
3152.35474475236,4792.39337874109
3981.6667452032,5625.14928911896
4303.32771120157,5095.02242544817
4754.87479722435,4705.49789303356
5067.32614150942,4513.06577069206
4071.81931208079,6658.91832346591
4673.77718927756,4494.70877849493
4215.72672215363,5704.20207846879
3918.13856743743,5424.76029950175
3957.95018279165,4333.02246152185
3787.55571884604,1921.42441139123
3921.79150742049,3319.88305492358
4828.63825518569,2681.89004503589
4349.81214175888,4660.54372834477
3055.35469007704,2220.58667931529
8583.36195686769,1091.39676309886
4229.34550162025,6701.76962898682
3969.75615690694,4772.95725994101
3659.99391751378,4936.12103316435
3793.277801562,4515.67986185954
5091.21148645803,5028.64303085417
3312.60914440818,7396.99271438232
4631.83725734223,2920.52650361853
4027.44269985283,1570.20422197344
4011.52148193776,3800.28192953882
3848.08414111139,4406.96081659949
7425.34412191265,4879.11887663734
299.468154743179,2225.70153644273
3964.03722526971,6973.823280992
3706.64075768603,1204.71932777295
4038.24039266034,5261.65318888216
4132.92170405237,4481.23999301019
4301.94077174673,5047.17043371784
4256.90684926682,5421.23664668734
3886.87603344827,2609.5999797303
3692.64938482459,4461.00763777071
4614.7405212347,4674.69500220613
3952.10690893516,5481.9899521543
4092.18470288771,4796.31493834756
3641.86673488264,5525.52290034133
3351.18819935142,3962.7636372408
5079.34825929999,5222.55303230119
3838.7356917909,4543.18659599812
4166.01986077922,5566.78300154919
4514.339480005,4168.03998785991
4050.27415100072,5892.03099853769
2345.9011414935,2121.13112405944
3680.59669747255,6416.98591962203
7956.47016132697,5740.97230261158
4577.6781026956,6223.81464630015
4156.01208291306,4448.33424301487
4485.92868319401,5332.80661927053
3314.14658890195,3820.85510611137
4059.7896663084,4745.73468453173
4184.16142190661,3788.17685224159
8411.54986194403,6021.15280970376
3353.63038359671,5690.16455267021
4423.60396757707,4455.43821124743
4018.74440684733,6185.96487269917
3681.91604671826,8465.71369528872
4221.55919705864,5449.25503568076
9417.17068167066,2867.84339063482
3999.53595257027,3196.27400767703
3245.53702541979,6975.81239209712
8699.91290337623,5505.97303347848
3766.4073729544,6763.82998003752
340.004555681173,2129.31485317783
3914.71547186004,3275.21326039171
3784.52418800705,6147.88760297264
3653.41718698772,822.071161751552
4312.25070682101,5486.93439861522
3742.79244592406,3687.52757660952
4832.62398596701,5483.01283900874
1278.46210848952,3051.01223439973
4126.99678728764,2353.40255396229
3476.98667346886,5854.74954239532
4567.0703060036,4957.37627525828
3249.09524334621,6410.67734211837
4406.7375856528,5341.61553987891
2749.96868459255,5777.40128256605
4239.90009720831,5967.84471665768
4766.21408466114,5583.0937971822
4782.18528310119,2326.06644191787
4869.67380746656,6181.30458496756
4885.26449322875,5718.18251880837
3132.05194076296,2195.52383710529
4300.49767690663,5302.5720459017
3914.63615756028,5883.67664732515
3518.22861402849,3778.51545544531
3310.18057893015,924.481946649381
4471.6001606859,5418.5658929161
2863.36436706219,1930.06292133307
5191.20667165579,3685.70887617094
3688.12014732111,6115.15226364385
4143.44623312843,1887.38223790632
3161.34087892537,5473.69268640077
4446.48046409632,5105.30922516207
3859.55472914241,4833.42598382341
4740.41565445138,6539.11708776306
4200.83801297016,7037.2473402302
4369.11699472678,5484.20655938496
4251.01497307748,4275.22491426594
4726.04349604417,4615.76039717776
3439.94712475537,6002.62540684009
3431.86111286073,1909.48974476053
4235.33426792562,5175.9510006956
3661.83566078853,390.320409592219
4927.00329043653,8287.60283461986
3974.97252133014,634.071778159215
4122.52776578755,4371.09973124837
7363.13286904231,5959.0357960493
3406.1601859272,5057.96846543133
3670.29891458741,2707.29370857895
3186.75075931305,294.388427865412
3750.65302393581,5401.34553563617
3119.48825548435,1627.43376891218
4261.40829884837,3255.94734083053
4062.26312065847,6086.11141065125
4617.80289277415,3052.43302804624
3279.95764443782,6161.86804331222
3461.37582567145,2744.46162808618
4209.95006772833,5454.36989280821
1756.67973382007,2116.41417372407
3851.19367197259,6987.06499320645
3954.25447145298,6647.15449035699
3951.83134622981,4212.99415254871
4431.89874027461,5321.32652203566
2791.97010026036,1866.75218730239
3109.37099435777,7622.9555667815
3599.57830803989,3889.73484381007
3083.40911303941,4860.98938056574
4158.35540874597,4125.35951586079
3060.38321658465,1407.8359451928
2683.27504050987,3458.04107139594
4266.14517999297,6460.29179453877
3970.31511452231,6486.54772284211
4123.91958651967,5056.83183051412
3949.45591293944,6755.53229142873
9259.68216409104,3857.28408606584
4300.97660466445,6037.17944660747
9219.92851229325,640.266396172483
4369.44961629479,4868.83207692344
3594.98889574468,6366.51941386897
3917.52755328426,3942.7021155231
4044.80604669415,6624.53511722032
4180.1526699947,5790.01801471812
4212.40887523386,5228.0087107617
3951.92552736213,7003.83035823529
2920.62055326037,3876.09522480356
4434.65939634248,1304.1748830288
4799.00919435952,6560.65648858629
8835.5213281534,1190.39764324506
3523.07422604676,1058.37758218221
3613.39227663347,3815.00109800354
4110.83514498418,5326.1572204338
3450.61560233925,5651.00773348548
4005.51376207396,6644.7674724598
3527.88624624018,5987.84915291637
4910.86244620314,4475.0451635693
3912.44992590835,4134.73675392777
4143.58186749276,5429.13642850405
4435.7050162294,4743.23391857177
2163.83761717524,905.727470515422
3798.89093112165,1774.4006002791
2844.59390470255,4544.43655612285
3934.08358659301,5540.75414651614
3990.84026605027,3641.49386246253
3866.72572850115,5866.57046096325
3958.15283115753,2881.93779046479
7834.12150607148,2300.43528224927
4713.16735794879,2102.54727001964
3942.1871246238,5639.07306685478
3886.61574868665,4118.48262089852
4100.0279275956,6520.70385581742
1678.24540588018,3172.63217054117
4031.10766168881,3089.77135822
4220.82060581532,3735.03916986204
3771.87210577284,5478.92086873573
4167.02901318807,4593.42560562564
4251.68947013332,7368.74682926336
4747.31143621712,3567.95383703222
4186.86950094194,5597.81296564692
8051.66261694543,6915.17283469293
1679.03377300973,4694.18820646522
3350.23582756295,1701.71283960907
3683.14609795284,3892.74726462488
3868.16072599352,6714.15886501335
4561.56383462952,5632.08242382974
3811.23707875781,5274.26992103423
4270.89131674865,6973.14121547063
590.480897106713,1689.26672955115
4223.01889461622,4958.96747957132
4010.94961368144,2658.64569183685
4222.95755155083,5589.28820376785
4001.60797903638,5537.96922182688
6675.88314937638,4517.95313169396
4006.97107727957,2343.51366104047
3883.18937568291,5314.56379799142
4183.47591992731,5480.45541044502
3612.55102062479,3856.5453579407
7655.15481020796,2665.12468000704
3696.46075279096,4310.34684863667
8480.12651234468,4806.48798999869
3977.98115441044,4217.0290373627
4057.24540804508,4816.77436685734
3699.50516627501,6747.63293246728
4084.22063491701,5335.5915439598
3695.88265452629,4583.82129428837
3808.85055601796,2450.75525005025
4651.45631650167,7213.9369843973
7940.14912601162,1697.45045866954
3257.31127725397,4027.94973431382
4280.5144419931,6029.05216866522
4138.75164398031,5408.05201993191
3495.7332516711,630.377714678284
3693.35043994487,5236.87471682909
4653.95850442356,4640.31179596054
3542.08845396053,4524.77294119722
4058.59849596605,3396.54903780385
3974.64979490153,5765.23954266505
3412.21381096888,4712.54477580711
4070.5318895295,5516.48690646267
3701.55422156955,4069.66440491752
4524.11288757946,5598.04046177246
4164.90677321937,2902.16972284902
3449.61039892505,4910.6034101309
3559.89276898843,1944.04336167265
4172.40925328813,87.1798930294695
3558.53338135711,4973.06166797367
4159.67476294292,5944.3728673331
4224.88497347207,6199.03617424708
3648.21932706891,3303.51559668681
4351.33625228827,2697.63231178267
4916.64830217684,7301.57204394046
3932.34190787951,2922.11770793158
3547.26111266106,5643.50585846085
4385.09856925502,3511.00834310896
4579.30508092823,4217.313196092
4231.04589277157,4914.86579107043
3534.72859009744,2945.19143903646
1598.15151215041,2452.51707645745
4297.58679778,5295.07017087707
4040.29534615311,5389.58170252726
4684.27953772529,5400.72055557381
4545.93199331807,4969.4242670965
4239.74691081153,4696.63188696617
3848.4672777845,5450.10751186867
4443.71899701698,6660.05495838312
3954.54592963473,3645.47208467277
3645.82040183223,2033.43982476777
3807.77402856568,5138.61245909421
3514.35658310654,1841.57580845725
3666.9762539299,4684.86805385726
3244.03816609657,4452.19871716233
3989.08798775574,4188.21525764039
3096.94085818613,2913.64982008389
4069.48920834375,4838.08627155502
2592.39112596219,4017.20878805934
3401.78514948693,8215.31234645902
4290.5096542176,6244.50157093546
4279.74402134269,4396.50360621906
4431.93594845864,4064.60621039383
3720.72957605756,5571.72744801011
8713.94835301215,615.089964470432
3197.2946803246,4392.07081461299
4141.4875460826,3605.34904123736
3890.08272884317,3834.43763965887
8098.98960774429,1684.60654753335
4581.63773211011,5245.11531997886
4279.58004180261,6156.46902745547
4330.08887897755,5043.53303284067
4117.94036488159,4523.23839948794
4174.03604591518,3968.39014922309
4065.27430567279,4304.89074732091
4555.8676540623,5169.07452858858
4146.03208158096,3439.91178675197
4174.4063028627,177.428700170227
4354.67661379973,5312.34719076076
4353.16341069543,4921.4585273034
3639.88086313561,3064.59497937486
4304.77648900956,3300.56026133101
3243.04436172784,2588.62910779331
3253.45431543952,6252.23051923039
3783.72203582493,3680.59401904349
3719.14706485358,1613.79414990567
5179.79617429418,6317.98493376202
4320.5104187004,5360.76792280494
4422.98410855182,4910.14884073506
5323.98946029859,7290.88733743449
3555.29618923863,4954.25052923595
4097.57382026166,3846.65646501888
3271.80633023145,4809.04541856241
3127.02478843234,1608.22472338239
3889.30767699754,2803.62351781247
4120.13130675201,3676.33163810396
4481.99678548532,3819.83179640168
3299.92578071007,1053.1490827058
3982.02663771906,5750.00829649024
3903.67359974848,7363.74614305394
1707.14995091463,1632.77601645135
3463.8060179686,3686.05012035925
3985.16930786683,4233.79440239155
2806.67445528513,3075.56342175488
4831.23384923333,6911.99042606685
3205.1804759699,3172.23426374909
4201.74489243383,4597.17675456558
4350.25214458473,6409.08613780533
1129.68239572861,3483.16078763732
3311.34368528062,5144.63687786857
5166.70595815285,6360.49499509461
4139.03634948901,7698.08679652486
3795.80423300858,4806.26049387315
4243.7328379457,5151.51334997559
3943.93267580952,5959.8311867782
4454.09001211882,4875.87938255224
4269.67027220961,3952.59100844492
4497.79446931839,6366.57607647273
3586.58819527619,3085.56585131185
3201.94208982003,5892.14474660046
4406.14993930952,4077.45043867145
3877.62618624324,6821.79836081521
3993.34167536248,5604.91693387948
3707.95952427255,4709.64652591033
4205.03126438615,3858.53446904582
4167.37459178502,1971.20906305054
3622.59200571905,1614.07830863497
2808.50100427816,2812.65972311876
4466.84135740742,8441.04854844317
4639.98261366092,6756.66892634594
4021.59492305476,6232.85106303407
4784.72790582052,6438.97988984109
4100.06466153189,6338.38769966803
4412.73035525015,5633.21905874695
4392.90191320809,5948.74899633541
2276.06164691167,186.805938237207
4787.06314670798,4947.94195173228
4017.9739669385,5671.80798332832
4094.69067341817,5631.74160249668
4700.70915040826,5388.04716081797
4837.76451731516,5917.37778804937
4737.50168866043,4118.14179956546
4609.21893495306,5408.79074805705
4521.21892877813,6859.30731308313
8668.7637455986,819.570554362309
2432.99362592696,2471.78299601863
4893.97908056739,5372.64550397663
3458.29731473309,4065.85659337382
3994.52043470785,5065.24284433042
3693.14776253286,3427.80649802711
8066.35429632909,2408.58601005072
4531.03909964626,6275.41778697042
3806.74862725426,3068.80048628301
3758.59549720965,5315.01836738725
3831.19303951269,6749.6220435724
3806.0144433338,7838.06372486343
4441.71274072915,4286.36376731249
3996.98415449464,3409.73408741453
3341.37488213023,1418.0087854163
4306.85002430349,6137.14623386291
3800.93523435249,5098.88732245088
4047.09597861902,1236.43135739205
3749.17405757981,3758.28310020583
5049.9646739122,6174.37102740153
4176.87300430371,4800.46357122433
1671.77901118818,693.006277473774
3583.73923609531,1881.07387183028
4488.7944267886,2303.16333290715
4318.27147936342,3147.00101087256
4270.71735024232,6326.05512624526
3569.02627210161,2243.66041042017
3572.40412923821,1341.74060361429
2792.33946362924,4000.32967496773
4806.81456212202,6850.72546574505
3938.63073527496,5014.26468372252
3571.55610929065,4437.25205257208
4327.27252977401,4807.45379139412
4301.7008373904,4943.50916012622
4561.80089110795,4804.44179343456
4017.51159488146,3483.50160897039
4500.25178380971,2913.08150262529
3742.23627590852,1836.23366663189
4680.54950570063,4755.16858520247
4081.28675012149,5828.09528444465
3911.97389673247,4940.04259277083
4170.40484199299,6494.27709399229
4100.5206833598,5161.79972683424
3533.21177556912,5907.37556992002
3680.65019984659,3457.58650200011
4841.76506724181,2908.53496295645
4109.53627291247,3953.38639917382
4244.77592600107,3829.37986799044
4403.26928123762,4446.79970130559
3726.22588311879,5802.12309201536
4491.96227764045,4549.77890937584
3740.42392940636,4982.32515797788
3857.42820146545,5667.31810626324
3814.68399519592,5499.20988657898
3455.67039564309,4618.94322865909
4123.39818518824,4336.83027306555
3601.54978534886,3432.35303769595
3513.02104755881,5830.59605040461
8292.2624788443,2289.23955517133
4351.65548050249,3015.89008860138
4124.88093676047,5597.07423752178
3919.04204530115,6754.96397397013
3994.19197061406,5340.42224235794
4028.85019562261,4545.91443522837
4450.58991063257,6171.69985077503
4006.64447515354,7891.14474463923
3059.21108861741,5273.30369678356
3693.89365068842,5453.68782728683
3859.07353727313,5551.38134470785
4257.96375684768,4979.36982262208
4531.83022515866,5084.16773113091
4231.50295287437,6703.19042263333
4116.6117920567,3867.05923092489
3734.66275716703,5223.74632982216
8646.7838411122,1985.70115824496
3509.67086427526,4824.84455934058
4343.46980425069,5577.97894005476
3649.83437927891,6248.1956344164
3589.76384344568,4803.30515851735
4104.21400395424,7990.60029989507
3319.93768330017,4850.13468624849
2431.28137845475,2131.7587451064
4823.65314825179,6414.93972305791
3360.30725417003,846.167832567779
3574.65509439342,3855.91995502309
4270.97760799626,4792.05255740803
4132.25456755608,5312.06303203146
3674.7047148964,4319.95115997394
4095.52291943047,3235.7154084463
4349.29622182442,5720.2287153725
4361.72585366521,711.760753607734
3764.09411015863,6325.42972332764
4034.75189894304,6512.91782206348
4244.70035585905,4734.14083923409
4181.17771424588,5896.91835953959
3674.54915041136,4341.77471952646
5100.30005964096,7087.42968725396
3809.09304561433,5143.61356815888
7629.80300638645,4605.53068292287
3203.53465376762,5371.05429966359
3923.03057317741,5976.42614114051
4806.96674674855,8971.85705478009
3984.90815100418,2323.22485462485
3109.57539613423,1723.99096855743
2867.02419568917,6135.10046015403
3499.7413743248,3319.48535955913
4060.13073776456,5705.90703084461
4736.99161464727,6209.49296177226
3903.42030577061,2512.81560110095
4410.5833496381,1899.82834796424
2019.82154450105,322.576963240831
4054.4273150611,4998.52220554812
4032.78064946981,5390.20668258962
3774.18985670376,5566.04427342406
3437.1507579489,3568.23799576152
4348.01748227883,6388.62670929555
3343.58779271352,2950.24942213252
2781.3811422968,2958.7173099802
4012.0042257658,5189.42020903558
2816.3028878401,3280.72602431123
6891.40525775326,1195.45573205493
4764.69307072565,2433.7057262921
4352.61750062732,2909.61472384227
4705.24584546189,5316.04125424169
3098.86693299244,265.915733760691
3956.74901356271,4430.09142173576
3398.95240757166,5720.91078089388
4701.72302278689,5550.52886851994
4000.13141088722,4519.03310400741
4377.39000545202,5834.80134588514
4218.42100985203,4230.66865636922
5903.03241062531,5523.19296790315
3049.436030478,4642.30090706565
3679.66487783258,6043.82842258894
4043.93438818843,7551.40422960105
3918.98666034004,5951.53392102467
4338.66694157136,5786.32395123719
4887.47601127708,6710.12398019936
7370.78215061827,8258.33448550171
4575.54340101962,5671.80798332832
4077.68173679583,6863.85385275197
4021.96492050223,5306.66401617471
3245.28623854192,155.662146791353
3207.09180278555,2733.15215294547
3874.08672065447,3976.80116303939
3854.3924292322,3543.28869018667
4790.7167248098,5255.68585556681
3940.31325897684,5814.39900283437
5117.84685061782,7088.33924890088
3958.34982950187,3622.17106886997
4078.03381291362,6901.19239435336
4586.5359065573,1707.90756333615
3543.84455344786,5929.31245468007
3651.71643112409,4449.69837405762
4318.42284105679,2017.07215510337
8107.13302347198,3791.24551280491
4409.11805509274,5794.56455438696
4062.5741248038,6300.2533444825
3756.12113485494,4955.44382675692
6764.66027909434,3541.69748587362
3529.58443988796,125.257162755994
4698.42351440618,7393.86696835999
4406.55819409908,4694.24529192424
7267.56701800275,3731.79967577694
2149.30055044259,5351.27693667519
4068.45952797221,6629.3091530147
3589.98484202556,1357.65349245523
1833.48886217501,3204.57148485818
4671.07135934199,5329.45337712266
4634.7491376447,3541.98164460292
4115.53011243275,4830.12982713455
3419.1556549106,1066.56131130059
2479.85863040526,6628.11585549373
4809.69022375758,4690.43748038053
3730.02116082427,1943.98669906889
4328.50180270225,6739.3352438585
3320.42586621761,769.160816926823
3896.36240181578,3688.66421152673
4312.21426268629,4359.96087820182
3987.10877412897,3136.25985319046
3413.53917555824,6680.74188301844
3593.20645843261,1494.16332486935
4235.50545673188,4002.3754486766
3930.35785614214,4605.92858971494
4024.02728956834,5859.63690339722
4191.9466536652,5481.08081336264
2509.17747407273,2679.95759653453
3848.57365173443,4843.20112868246
3531.27052751424,5600.65455293994
3584.03711544509,3056.63853495439
4830.03944137264,5340.1947462324
4419.06180453632,6576.79645069751
3937.59113345415,3213.60769016447
1966.33924474257,7259.80071073301
3923.69574453469,5500.23277343342
3393.18374176341,5161.0609987091
4009.83107368349,1464.26988997502
4054.43214699467,5658.85042984318
3972.44965260626,3009.52505992158
3540.17371926803,5995.57852406655
4092.86480961837,5134.63423688398
5123.94885860501,4688.95960127501
7762.5546830683,1636.29956355194
7930.24876981828,3318.74642000637
3989.08566586836,5308.93728600913
4486.29246830345,1842.03037785308
3672.25451155485,3369.55395852012
3767.72870543589,3986.6329705022
3224.31229781679,3309.312307908
3515.81865676616,2426.20385126747
4231.01709340327,5661.4078584069
4239.76548842474,6423.12366360392
5320.27609308002,6435.28582636016
3373.62292671891,3401.77764299406
3575.1724794672,3680.76485256528
4712.78656467315,6568.27168881844
3876.04473286484,6936.93930878645
4690.99312222057,5126.84820313004
3788.53493510074,7270.5987424465
4501.11121301103,6268.02966000855
4315.31421671497,3711.62440599647
3196.56612186013,3136.0892310963
2679.15059153975,2251.33269611134
3462.04390461917,4775.74176177502
4808.715092996,6789.80217246681
4149.99162568225,5075.24506245977
4442.32154075984,4171.67738873709
3405.12628178742,1979.10863343962
4273.76927190782,4974.59620968295
2416.11273958545,3550.7905652113
3978.85658023815,1784.00533447163
4053.09417550381,4800.34982316156
4268.21646563325,6104.18382126383
3293.43631403377,3755.21443964251
2126.86302886477,2388.24032960372
4026.55425850581,7209.50461564648
4167.39442653271,3484.58158128384
8147.42647513743,1482.51281696795
3859.60788482531,4959.81995575923
3968.31544553954,5531.14941232362
2986.53158569473,2488.03691762025
4100.84393391951,7174.78058806783
3613.7803370844,4943.39541206345
4340.6953277439,2375.33943872234
3850.64517469223,3040.44148738416
3858.29435839274,5557.57617414875
4300.51737354625,6685.28842268728
8033.55907726366,518.362354158651
3814.59733538692,5812.63696499955
2278.00307225706,1721.20614958198
7849.14203100207,1982.51853819125
3547.6502173716,3247.25216828493
4295.77967988141,7895.52045078628
3986.53045373362,3586.93538643647
4307.48924376176,5315.13211545002
3728.07642793813,4551.37011368888
4059.17785996415,8363.35904442558
7429.15470401199,3234.74918419562
1392.69903301409,4023.00528785291
4144.99966270926,3896.15716937651
5040.53200688978,5005.05785632207
4661.5966440049,6337.70563414666
3921.7182906636,4533.24104047254
3181.32283422218,2682.28774040033
3727.85584781434,4680.15068066663
4340.95151295989,3169.44955048745
4578.76213999981,1852.71487293143
3629.28631235785,4517.15731810982
4014.28370662634,4451.40332643344
4426.60526468337,4344.55964421573
4833.61522453639,5623.10309255483
4642.83630547567,6247.62731695779
4178.68827465064,5518.58976563056
3723.76307576506,1734.39109347885
4220.44874262154,6507.80296493604
3587.48090259418,5877.36849267674
2670.06163096676,3353.58440707542
3506.98946805358,336.841747308885
3635.03017295617,1685.85682479952
3471.0005527462,2824.65126378085
3272.7197767213,5084.90645925605
3820.46154982704,8461.16715561988
3820.9984179999,1399.65221607441
4140.78452555065,6043.88550804796
4943.90747028058,6535.13886555283
3346.44290801341,3174.67794425004
3392.35424405289,4493.34507030743
4233.83583073041,5645.21081083666
3624.85718371292,4951.57935260946
3864.69284639749,4709.07820845172
3879.58024205521,5778.42416942048
4545.14304317152,4356.38056278366
3631.64019497639,6397.94728475877
3824.16894402401,6423.35115972946
2877.67733403291,662.08979715429
4151.38771146579,5730.62884029392
4144.85903117735,6176.87179336149
3982.25632331787,5735.45953869206
4048.93739817048,3990.72494077521
4620.86603597951,4703.50878192844
3728.95899609032,4760.05636905963
3815.49629637596,3717.30758058252
4876.66347063684,6210.74334475224
3708.45233637137,1278.60059739158
4329.29370120332,7757.19181221976
4882.82307004581,2127.78052289617
3866.11165321142,4244.47868604227
4216.28789637323,4123.71122608874
4672.48640150449,5354.11852396821
4701.91239653877,4793.35960299177
3780.7975647688,4845.53106112064
3807.786553218,2965.36670881693
3516.2226250158,3824.43542152953
4054.80183267713,3301.46961155031
3537.84389358736,3966.5714487845
3865.39839885482,5128.66690356862
4603.45633078917,2040.14588620825
4537.52484816642,4982.21140991511
3030.40587220867,2118.68744355849
3721.32194303154,705.452440388602
4284.30523706338,6159.19686668573
4450.52933332715,3507.31427962803
4139.41820688524,3713.49976903881
4221.59542520503,5867.19544102561
4197.57134006155,6854.70368795528
4310.85324977123,5227.83830009517
2597.49114588974,2726.3892174736
4128.57111252606,3819.49097506862
4357.3213527288,5170.09741544302
3817.21149880138,1597.4266916689
3171.95657065214,1111.28787415003
3874.46341309745,6138.39661684289
4253.73511756788,3132.84994843883
3391.38340763951,5228.06579622071
4238.61560577125,4856.1586821676
3778.71084314015,5073.93801687603
4010.84644931147,6365.32569349275
4114.67574801227,6430.45512796202
2500.11397032233,2844.5992488634
4297.88974325708,4922.93598355367
4034.79427281295,6140.89738280285
7012.98692226919,2540.77669320773
4276.32620845536,5592.52769785294
4129.32351825709,3816.81979844212
4161.29056294277,5558.76947166972
4328.36727044069,5425.78318635618
4477.34290618596,6314.97293580247
3398.99154108242,3573.46617809648
4837.41505241099,3779.76541557004
3711.68747256594,2629.49109078147
4053.06598310901,7760.77255049318
4293.62898345739,6231.99858684616
4052.71449599325,5084.67938598576
4928.61134466893,4785.17608530101
8112.66850848967,4023.06237331192
2715.54708813937,4812.2278271885
2414.21690964388,6082.58775783685
4450.32476022517,7229.56571450893
4142.13906520076,3883.42668916166
7736.91658796167,180.838604921856
4350.41575800736,4701.29217469778
4119.43937982913,6611.23674240212
3535.14431520742,5027.56348139597
3690.49768338822,6147.43303357681
4310.33281503026,6567.87420488162
3914.77406244573,5876.3456058223
3617.60401674511,2451.38044154024
3035.63444335913,3100.96729672557
3998.05814108536,3142.51134523511
4249.68912336498,3061.63964401907
3844.6208350937,6005.23992086283
3352.09111273544,1110.43539796212
4182.83848734245,4256.24294200644
4614.16284508234,6177.32636275732
8727.73522496655,333.204505002432
4442.28356259248,5687.15255471065
3657.60587237292,5493.47004938917
4387.31043160852,3130.23564584372
5020.39305775925,7245.87693299719
4492.81402201121,5433.91046429843
2942.58461560073,7529.92149138159
3670.57109760328,4594.90348473116
4257.7423282148,5204.36687362584
4332.75246074958,6574.8073395924
4378.45782429362,5321.61068076497
4003.39857454505,4856.44284089691
7401.37427611949,2544.81178944935
4411.87387594404,4236.40849355903
4494.77443138233,8444.34428227677
4443.12483251941,4916.40033277972
4403.23207086517,1931.82453631265
3523.2984968031,5359.4608772212
4634.66045954741,4865.30884696429
3111.70399752271,5328.37382766446
4314.35002446146,5255.79960362958
3730.03599995877,1763.26164151874
3321.51426284992,5060.69630466159
4781.22507060331,3533.17272399455
3601.75025840299,1822.7644582919
4161.15486876871,2740.99506073079
3952.18821002407,4788.01767259403
4144.12798568485,2098.05739295456
4720.85304649957,4220.38227951057
3597.39199478973,4744.93887094759
4210.5150307229,6556.39410764675
7539.30088071623,614.237488282525
2885.06649473547,5832.07350665488
3953.35483382317,4829.95941646802
4064.36691367434,4261.47154719665
4085.4946047712,5279.04395682862
4426.0000944676,4561.94107213208
4165.05786663441,6649.48442279517
3401.24377370159,6753.03194832402
3564.27584256288,3301.12857878962
4205.79352046081,5307.40274429984
4847.73516930875,4631.33246468563
3393.3349559426,3224.91737673281
4416.25208936741,6659.6574744463
3677.82648084218,3285.67047077214
3691.94643547909,5272.22414732536
3586.80925429805,5576.61480901201
3734.20056336164,4953.51137825556
4133.05141189942,4147.01224189154
4101.71745093379,6608.79306190117
3366.6524500728,2464.67902778607
4958.11253055775,4232.9985888074
3564.49828404457,2195.63758516806
4162.20571403069,6113.95896612288
4266.61345936899,7126.927750627
3526.70878258767,1500.1306581847
3796.38054049292,5682.15144564598
4034.4937561556,3005.37621561719
4017.63756880431,6129.70144429729
3811.71693330247,6262.40357088152
4733.85051535023,5024.55106058117
3929.64413924657,5540.75414651614
4596.83241039802,6650.90521644169
4657.54986984542,6750.30410909377
4294.39351641374,5324.7935122463
3830.56007645691,3809.60208214679
3325.93925573638,176.292065253018
3865.42928352596,4544.60738964463
5046.51273938034,5007.84278101134
2354.42442528954,1559.40619025994
4392.92427821022,4987.55376316809
3973.02627753337,6692.27864285707
2711.97168929793,5069.84604660302
4360.14122931738,5978.8131590377
5328.13533810697,4159.91313277292
4522.25011089074,5983.64385743584
3693.5233881525,5620.03443199152
4139.04879336997,5877.76639946881
3989.26207526318,4352.45900317718
3849.77169143544,4695.26817877867
3629.03111508045,5082.40611615134
3985.89439112063,4052.89903988868
4573.05293347012,4170.31325769433
4019.48209422916,5825.31035975538
4001.14223974113,2911.60383494739
3868.42946990675,3435.42212111452
4056.55310632793,1337.19406394545
4870.86718433762,6179.20172579967
4450.56321354277,1784.23261916954
4108.94473602929,5654.87220763294
3714.06981694215,2403.07345755883
4203.07742815045,6212.84620392012
3631.62239126686,4077.90500806729
4735.28419764731,7080.26905641764
4275.41097536066,6446.70883813602
4453.52880835896,4638.03852612612
3520.40037329288,2279.00984091644
3222.07133974556,3342.89991199707
4489.33745976579,5587.6969994548
4355.89105085586,5013.75302886767
3574.03256499412,5556.7803605646
4292.38707634249,634.071778159215
8194.58462154609,4256.81125946504
4658.75847415768,6609.47470456729
4013.95740387094,2536.85534502888
5030.06891555271,6870.73032485899
4264.24757143994,6622.43268090768
3153.69065577363,256.765806820081
4179.6773677535,5418.85005164541
4165.04567782224,5958.4674785907
2374.49726358561,1345.37789877765
3202.96753752767,4.14871711745968
4318.45120566729,6430.1138837737
4632.09040423004,6705.52035507151
4257.44190079443,5783.25486781863
4038.62794519687,4937.88264814393
3975.17299960427,2075.43844267314
3961.16735346955,5335.07988910495
4977.10639162576,5303.08370075655
3345.68909935762,4233.33983299571
4153.67344154211,4745.67802192797
7848.51046007274,130.031026765429
4543.60573895635,5057.91137997232
2913.87493367371,3678.15033854254
3528.6472360382,2857.55680234854
3584.63382611305,4695.32484138243
1697.41136869532,1926.76655321659
3515.41997114446,313.256572776784
5172.6562570008,4276.98652924551
4107.96013558886,4512.89493717028
4471.11449644461,3792.60964384766
3705.24400078876,2917.45763162759
2822.85636470691,6132.14512479824
4678.3070442657,4357.6876083674
3567.35215750456,6634.36734753838
4367.74530061108,1938.6443458159
3929.42854803383,4563.75934971541
3579.53301960771,5656.29300127946
4012.24123694976,4951.18144581738
5059.58912144697,5721.19493962318
3840.62517679958,5806.49922101767
4417.13823582222,4204.41230521062
3733.00665741382,4877.64099753182
3997.7664094046,6923.35677523894
4729.55426663307,5609.34972548555
4511.40522105434,5794.7349650535
3059.2088671679,4281.07849951852
4432.76738945082,5292.17192098029
4143.87195183432,4113.08360504178
4259.64123143428,6178.86090446661
3868.97534972794,5701.75839796784
3988.59206775327,2679.90093393077
3741.63044887481,4154.51411691617
4870.83742093779,4770.34274591827
3240.88965760119,5198.85410970632
9321.54421757105,2331.80649053531
4960.6633847794,5067.00445931
3557.11277827313,5887.88236566093
3855.16264617731,6107.87788474476
4583.99976504925,4150.0813253101
4391.79882551333,7448.08377734249
3912.30332427465,5747.56461598929
8035.9950898237,6854.47661468499
4017.86216641229,5931.01740705589
5029.50064569776,4846.83852955964
4071.12995171128,1230.57777213947
2681.68440860072,3472.87419935105
4150.63861191075,6839.98451949056
4570.51846033479,5887.20030013955
3973.33866519838,362.927502801775
4474.71233550707,5314.05214313657
4420.71890235192,2128.97403184476
8977.14286566449,1818.04750795653
3584.04453589223,4726.69604966847
4443.22112542522,6053.14899805217
4606.71565940841,3773.34351285885
4373.50215201955,5230.50947672166
4122.94228087668,4128.82608321618
3710.64219556859,3359.09695956731
4912.08620759624,4571.71579413588
4050.82090734943,5315.98459163793
4560.30836682638,6965.01436038363
3963.62505163256,5196.46709180913
4306.26413000913,4410.59779462141
4094.15257489585,5004.03496946763
4209.7697984248,2786.57399405432
4414.62947469538,4666.51106166012
3795.47067552231,4480.61459009258
3726.13236374817,6216.19944606799
4074.65462076473,1887.09807917702
3826.71347800774,5177.08763561281
4579.28480424697,5762.62502864232
3982.73293944897,5325.07767097561
4066.77301938944,6415.05347112068
4368.78495309557,5413.45103578866
4512.34208103322,5213.91452235935
3338.38171292772,718.125888001346
4499.68531171967,5125.71156821283
3394.28219110196,3588.07202135368
4719.96587879804,6323.72477095183
7671.13766195339,206.753883677082
4221.96003344983,6930.28990994972
3865.90893201262,6828.27692613015
3555.22642843357,3077.77981755792
4250.2812174661,6157.20775558061
3724.39025692449,1238.87514360682
3759.11699832155,4507.49592131353
3630.03158348658,7019.45908834692
4161.89710223769,6846.00851540968
3312.86186432197,3875.18608601189
4099.53433698726,5741.08605067435
4426.2356440001,5543.87989253847
8618.85817387418,2225.64466241135
4525.63295371388,5196.92208406022
4480.94397820458,6853.28289430877
4036.77167556478,4767.72865475079
4760.4466347186,4704.07709938705
4750.35572458008,5017.78833653692
3594.7000294243,999.045176075574
2980.78761352185,363.666336640724
3430.14789537866,1620.38667471101
2813.86229346708,2255.08363362365
3501.28559761336,5286.09083960216
3986.35478414591,4719.42167076938
4179.94959518872,6012.68471042845
3923.46742700844,4639.97097462747
4310.77344622007,5618.72696355253
3328.09682447063,1837.71133430978
3861.68022691881,5221.75721871705
3826.48561623244,6493.08337361607
3982.55248041861,6400.44762786348
4661.09803779655,2381.59093076699
3671.82853620136,4582.62757391214
4412.02663915233,6594.41429191426
3828.91644605064,4322.62233660043
3366.67357235216,2162.33413980829
3527.51016788445,4592.74354010426
4378.17728475186,5316.95039303336
8769.89626845753,274.667806766134
2370.93628647827,1431.25060334455
3624.96658043859,6027.3472162894
4213.2514242202,7099.64851261396
4592.36303130509,7032.58705249859
4871.04392046753,4635.2540242921
4743.67199655857,5739.03985411022
4340.88536037183,4825.12871806988
4838.44023637077,4871.21909482063
4122.74296313478,4614.56709965679
4370.63498972297,6206.08305702063
3780.33338313855,3774.99180263091
3652.89829194914,5544.90277939291
3839.34695646381,7199.44488920287
3634.00746768755,6029.56382352006
3605.28245885888,2426.77216872607
2509.16442642378,4615.19207971915
4619.59997340808,6174.59852352707
4101.19987524595,6336.56899922945
4779.74040442582,7142.95481038596
4579.91400684884,5072.74471935506
4518.36552476433,5547.2897972901
7378.36833280231,5968.75385544935
4716.49160582743,6107.5370634117
4385.58885601919,7082.14441945999
4698.94701317612,5159.24229827051
3898.26529584067,339.228685920716
3848.72069673027,4678.6165618126
3580.1296372389,6136.46416834153
4792.02348144583,5207.49261964817
4280.72892699386,3571.93205924245
4288.89403756628,5319.28074832679
3313.1044624672,618.840849125843
8952.8325641894,1050.59165414208
3970.36405548682,4600.24541512889
2961.92187693518,1292.2402163981
4684.01722920545,6656.19048423566
4177.95750789801,7388.41044418898
3693.60943185418,2323.73629805207
3962.15991310296,5496.76620607803
3948.48145050732,3888.08697689327
3889.82395447086,5186.63528434632
3500.37759723133,2104.9340764892
4521.30768089452,5002.67083842488
4301.30576440668,5828.09528444465
4043.19455636149,3893.82681408308
3829.78255156803,4405.99459234881
3963.04376877637,5087.57763588254
3080.17036626576,4724.13862110475
4835.25239568752,6417.8950584137
3331.73479835586,2746.4507391913
4256.68037111021,5771.54769731347
4285.00325325267,5890.95102622424
4251.29353821071,5747.16670919722
4678.70907448989,5726.82102875022
3952.18160216743,6302.81077304622
4474.31854750109,5941.87252422839
4017.9567133551,6127.82608125494
4848.24844501331,5719.43290178835
4224.21463728228,6122.19956927265
4140.9895931862,6957.512485359
4370.01216731764,4816.37646006526
4050.29097569813,5930.10826826422
3487.35394921174,5297.57093683703
3719.11886790265,3848.58891352024
2640.99829283804,2194.89885704293
3319.79338309527,3259.81202640562
3984.1812219082,5018.64081272483
3372.67441330838,2330.61298158671
4211.88135997829,4385.98973323487
3449.23770369759,5412.82563287104
3511.00027852423,1905.79568127959
3257.84756958555,4716.75049414289
3136.17354027902,6701.37172219474
3834.82771217043,4972.89125730714
4188.11987113338,7101.7517946371
4129.18439080385,5240.34128418447
3830.41825000514,5651.121058693
3786.56405580316,6692.67654964914
4526.38318592221,4242.26250166686
3388.38744342371,3716.56885245738
4367.23618543264,1924.94806420563
4380.42963592349,3971.34548457888
4207.36158419447,6830.55019596457
4955.88679763958,7004.91033054874
3791.77094989761,5350.70861921658
3723.98546042167,1833.44895337025
7947.17574898928,1726.43464905838
3640.0121215999,5128.43983029833
8258.93263424197,2914.95686566763
3662.10445978042,4679.01404574943
3520.08135614911,7155.79861580832
3831.7926370946,6106.11626976519
3498.04095427786,4414.29185810234
3093.62488393514,3724.97986627368
4460.32217701998,5415.09890270546
4361.37332426466,2789.41558134735
4001.62001776777,6379.47696735411
3484.47345338779,5012.95763813878
3315.25461159763,2527.59185502467
3067.1885845754,3759.02182833096
3959.76866098328,4364.84823920372
8565.75411199883,5140.60157019933
4635.37672835729,4625.76303816235
4422.30683398315,5817.63807406422
4443.38505486501,6560.08817112768
4850.02842856022,4532.27481622186
2500.93095002497,2024.74444079454
3728.21573047322,2764.18232847082
2772.24791959659,185.669303319997
8346.71085714164,1836.74511005911
4628.27946705368,6877.83429309155
4568.55736990432,6166.86915237689
3957.33966776745,5390.32043065239
4179.79932029231,5091.04420323793
4062.67334337991,4380.87487610743
4079.79881961398,6060.25296628473
3934.26957579656,2736.95996448917
4181.7238167709,6574.0119488635
3033.47633081659,1494.44748359865
2804.60616464026,2083.90633052083
4315.43649842519,4680.32151418842
3524.61955278732,979.040422675446
2584.73701206425,2406.76752103976
4702.22055368783,5971.82293886791
3681.32662717434,1439.09340541606
4048.87489736196,4746.13259132381
4263.59803663865,6276.55442188763
5014.38103324122,3944.23665723238
4204.50120066731,4907.08018017175
3732.35322645274,4437.47954869762
2454.95602859154,1023.93750190523
4922.07611649284,6217.3360809852
5225.25382607634,6336.56899922945
4761.24683266357,4467.2024672116
4445.80539180679,5117.4143024593
3786.03460711951,1227.05411932507
4493.58995912795,3391.1500219471
4123.49040457601,3705.42957655558
3250.29560169621,2039.63444278103
4373.2505189237,7232.06648046889
8565.48801026776,5644.75624144083
4261.57829513604,6259.95989038057
4359.40476481732,3111.3105476156
3939.64858162158,2040.43004493756
4090.47828125296,7633.92358630627
4062.71966597478,2472.80588287307
4690.36301916548,5132.24721898678
4074.79049571233,5242.8987127482
4160.75035604343,759.954095240187
3633.99267319597,1288.88707996404
4004.65887884265,4817.79725371178
3920.75581812571,5010.45687217882
4587.03025393116,6934.38188022273
4305.8279230303,4556.42830821256
3595.83825849909,2475.19290077026
4292.68238725974,4698.28017673823
3550.55118006513,5609.06556675624
3862.38996539764,1166.30102528574
4418.75424482692,4595.98303418936
4021.67594649049,6293.43353497924
3988.26590702993,3725.09361433645
4125.04672440442,2933.08636173923
8017.24240307031,3330.45380193915
4596.16985939872,6089.23715667357
3166.5920815076,2148.97867953108
4231.71026618882,5048.93204869742
4387.49665885915,5151.74084610113
3732.17594568986,3418.37259735637
3437.66689202394,2416.20163313813
4323.9186299468,3847.79309993609
1685.6695323503,955.11432109647
4220.84394784494,4819.50220608759
3781.94774980614,1837.19967945494
4019.86066552652,1952.56812355172
4293.32460819537,3252.08286668307
3204.67359482845,12.8439747296472
4741.59475872464,6011.09350611541
3318.74222877591,4603.08700242192
3644.77212151903,3940.88341508451
4256.30255949443,3906.27313556863
4168.49004742894,2195.35342643876
4411.1926335251,6964.67311619532
8475.27115314864,2633.07140619963
4439.28405354444,5873.9015024661
3219.7662152925,5349.62864690313
4759.08182604924,4412.18942178971
4659.9446915928,4751.64535524332
4907.41799472695,4155.76449989615
4312.09638319998,744.666345032336
3793.5655472009,6074.57465081262
4285.62107703244,3717.08008445698
4313.49766446976,5218.91563142402
3548.66220675842,4740.50607934152
3741.44971220334,5594.28931283252
4315.67579210662,4212.08459090179
3089.19392761951,126.6211220138
3836.79660373263,3915.8774469059
4990.0757683452,5478.58004740267
4008.61910433793,6406.35829857507
3615.65653219094,7052.30775288323
4111.88753958984,5126.67779246351
4765.41155096132,4474.93141550653
4389.57368857259,5886.80239334748
3227.44026812382,2688.53923244499
3893.22178819718,3635.75402527272
8075.89001643857,4303.4699536744
3071.69115259345,2669.38706094658
4062.78174375024,2179.09950483714
7718.30501332522,5840.20036174188
2735.71815789063,916.639144577872
4463.66292278856,4172.13195813292
4156.72535366211,2151.70673018896
3301.22817104822,4352.85690996926
4568.23656779182,5044.38550902858
3423.74238633533,2017.52693592683
3857.82531730803,4059.8325974547
4445.67961670543,6160.61766033224
3880.24461124797,2086.17960035524
4421.82798643133,4594.39182987632
3800.64965935815,288.762100882296
5411.48001449407,5334.51157164635
3814.28518349756,5422.20287093802
4578.9435954227,8079.88280349979
4627.02119627863,1413.46224574746
4520.8406334067,5663.51071757479
4087.18947442946,7199.72904793218
3933.65908848149,5635.20816985207
4312.07548748804,2567.14658100147
4707.14612402668,6877.20931302918
4934.38330058877,2791.34781842108
3324.93053295258,3656.83843384486
3777.67493986117,7035.3153145841
3143.99998789607,3715.6026282067
4586.38356222226,5145.26185793093
3685.54459531796,820.309388201258
4241.67793848834,4544.60738964463
4281.61691495257,935.507368774603
4386.99357417664,4486.52526080417
4058.05728067239,998.192699887666
5197.92693294702,5793.48458207351
3677.90302789351,3532.88856526525
6548.63276799166,3117.84619838956
3620.78039045664,5436.63830352869
3491.76072588282,1261.66471598239
4269.70060908643,5998.0222045675
8072.28505005525,2512.07666154819
4020.0823996833,3004.35332876275
2108.17945036412,1558.32642937412
3823.31982274624,4151.4450334976
4041.02003122008,6361.51788194905
3894.51575382421,4776.93548215124
4236.82746489789,4152.52500581105
4094.17629390438,6569.69248246495
3587.39946707661,4945.8390925644
4200.964284731,309.903489199634
2644.56074693927,2521.73805834447
4267.52410097061,4856.38617829315
4352.41903345131,3779.70875296628
4027.45702236213,5320.18988711845
4140.49553483599,5928.4033158884
4246.59095725254,994.328225740204
3533.30815294473,7319.30321036473
3849.48724536136,3420.75940382594
3868.40768632957,3733.67503881929
4387.06218000396,6120.43795429308
3600.18809560693,1566.51015849251
3711.96405514793,1421.93023930896
1250.46782537874,1363.79134215092
4464.25014416423,5046.03379880063
2928.08316571837,476.136345841549
4033.91697165492,3227.70208999445
4430.80398685896,6182.32747182199
4432.15385086483,4544.49364158186
3361.70647130332,3338.1829616617
3319.77363089719,125.086672804103
4696.87367614382,5614.74874134229
4446.96559999423,6655.50841871428
4282.46943165494,7174.3822584205
3967.55273285922,6534.57054809422
3926.81540176176,2732.58383548686
4777.57910202368,5339.79683944032
4547.34758458807,6701.54213286127
3814.92353971358,2275.54306213343
4294.04383314837,4770.05858718897
4411.63447078454,5499.77820403758
4500.80859800319,4503.00646710371
3963.4066005034,3775.90094142258
3552.99803117996,1435.11518320583
8486.92190583318,2787.48334427362
3165.56066722131,3792.72339191043
3875.50156644333,1916.93474575377
4106.22902550194,3933.55237358166
3432.16411545712,2580.72953740423
4562.69850198389,4434.24005461252
4745.14345806486,5561.78189248452
4403.98170296851,5382.64814496123
4097.67599823955,5176.34890748767
4607.41184024896,3192.23912286303
4620.20285557158,6138.28286878012
4258.88183747133,6759.90842043104
3734.84570059114,184.930495909502
4004.76934314554,4282.3288824985
3954.99977549772,4364.4507552669
5001.84359906687,5299.90086927521
4391.82316033936,5414.41683718409
3797.12086972681,217.551915390574
2802.81249032114,1069.23238221327
4185.74488697236,3848.81598679053
4069.44892158563,5342.69551219236
3977.4708643923,6554.29124847886
3331.24455102859,3930.88119695517
4133.61504964791,6058.71842457544
4775.83970968946,5834.97175655167
4020.32690383987,4928.05084068112
4247.36321156167,4763.52293641501
3903.7627629697,2145.4552381443
4463.54695899471,5655.72468382085
1014.79251329386,1629.08195297042
4528.4888638652,5584.51459082872
4018.22629566898,3739.30155080158
4201.15656174285,4166.56253160964
4820.32850371233,6517.06645494024
3745.95689480365,3814.31945533741
3325.77356899531,4913.89998967501
4053.06363961622,6457.10896305743
4055.31588471033,4647.07494286003
4012.97315783857,2965.02567605624
4600.74685988623,4976.86947951737
3192.22100174602,5306.0956987161
1785.01150729474,1256.49298482357
4563.59340164177,5664.87442576229
4659.14781205097,3796.64452866165
3709.97643191628,6813.27359893614
3738.50018271469,1574.75076164228
3408.66266923646,3087.04351898975
4194.29720707412,3873.36738557331
4016.63375022623,1615.49910228148
4004.28695840752,2634.03763045031
4126.93846231551,4050.79618072079
3976.52812779032,5246.82027235467
4816.49547198631,6725.46855158169
8165.70376362891,4127.51903763244
3089.42824416613,1986.89466719356
4630.61696731135,5432.48967065192
4584.65486488374,6036.89528787817
5196.37615600707,5128.78065163139
3596.6350818452,4044.26052994683
5105.57103744927,6111.3448749554
3354.18234853938,2929.10813952899
4310.10243439134,6109.29867839127
3307.52772772261,2881.0284402455
3928.09085575342,4985.22383072991
3556.07871246435,4593.88017502147
4481.13465253898,4973.2320786402
4795.72706650859,5103.94509411931
3998.66375226966,4997.72681481922
4211.93116869287,5170.66573290162
3916.939593073,5577.58103326269
4267.65130895116,5327.29385535101
8421.5714253638,5221.18890125844
4313.53299776955,5465.50874585476
4115.72634095508,2422.6804098807
3822.74592349235,3729.64015400529
4360.54186880694,6578.6151511361
3902.36466283635,2990.82724639138
4510.99171584856,4920.54896565648
4119.34038918948,5950.79519289954
3748.17267137806,5167.88080821236
3679.53207029563,6367.42855266064
4656.84441069862,5736.53951100551
4428.38970119986,4483.05827059353
4224.40472589191,5522.79506111108
3272.54013145782,4239.25008085205
3579.77737262178,6877.49347175848
3981.94547059762,6508.54169306117
4034.79640076953,5646.5178564204
2872.05443230179,5415.21265076823
4603.79789680684,4659.00960949074
5738.52499555587,5523.13630529939
4123.97386315759,6507.91671299881
4152.66455790962,1686.99345971673
4322.32496223049,2846.64523399991
3481.78629900335,4099.84189282733
3926.26817335945,6428.52267946066
4017.10138588069,1055.82015361848
3926.41878645127,6489.10515140584
3835.67787297444,3667.52271749558
3898.58028045277,4633.49198645728
3950.30326384263,4854.39706718803
3966.88728958744,4184.69160482599
4259.57501659945,3224.12156314866
2972.6881613563,2224.73552361968
5166.49559613279,5810.64785389443
1115.250058146,1750.70188911186
3546.2647734472,2281.05561462532
3820.83741070071,5972.44791893028
3990.81610854936,5419.53169431153
4879.99937663175,6025.9835081019
4553.18543846261,5705.45246144878
4048.58696220277,5325.70265103797
3815.36341756838,4628.15005605954
4409.63264644973,4612.4642404889
3972.22135376452,562.634241898443
3726.81094453303,5460.84845812315
3843.4718581381,7867.38873658534
4022.67358205161,3759.93138997788
4622.92161453867,4752.27033530569
4121.40041834171,6495.24331824297
2173.64081066346,4913.38833482016
4261.64074614504,5745.1775980921
3189.2454917423,686.41380552534
3972.43713531349,6353.9026817169
3351.14256931458,5923.45886942749
3753.85006570736,6136.06668440471
4237.61545720208,7086.29305233675
2033.90553944047,5133.55468742578
3636.73157880946,3838.52960993188
2872.8749951423,4006.58116701238
4753.13342060165,3110.11725009463
4021.82123237559,4992.95277902484
3948.91329898105,6210.11836468987
8777.73228566788,5940.73588931118
4399.73429821608,4616.15830396983
3944.33070227001,5553.37045581297
4371.48162401222,6603.50737125194
3381.11102578737,5584.74166409901
3533.63869834569,6553.43877229096
1278.99585577725,731.708685833383
3477.48346248872,5571.10204509249
2817.1301411975,2037.53158361315
3704.47499210977,4565.63513561301
4392.60548225588,3744.64348119931
3062.3823124738,6218.98394790201
4662.93813785831,7283.55587307639
3457.23944397406,5964.60522257258
4280.07352682402,6434.77417150532
4564.88694223677,6408.46115774296
2130.58193619977,836.847415675278
3855.98389677272,4933.27944587133
4062.13148449866,3864.72887563146
3762.76027669776,6135.61169215363
3577.9527581359,6448.2433798453
3402.03163145421,6456.6543936616
3873.82318531617,995.010185547767
8348.30573235144,667.261475456213
3111.04161932267,552.5750440239
3576.200593678,5284.04506589329
2137.49849252565,511.76982935331
3703.96377010079,4526.64830423957
3853.17714871716,4885.6545274113
3941.40451441454,6667.38642274123
4278.56257170664,6075.5408750633
9032.13735508731,2094.13604477571
4557.88946180293,6439.15030050762
3842.04512985151,3901.78325850355
3633.61955691438,5196.06960787231
3455.91766368599,6844.47397370039
3567.01177068812,5537.91255922312
4034.07443881553,2346.58274445903
5042.62033849598,3553.80256317086
3643.66251349008,4382.75023914977
3462.15912589581,4704.41792072011
7374.2473519538,1100.26255773862
3343.44996923051,5581.72966613945
4717.37393731992,4997.78347742298
4015.96327120494,6533.77515736533
3995.17629198871,4436.85414578
3505.9161171503,6127.5985851294
4881.91272991088,5571.21579315526
4164.55845117617,6477.34131829692
4408.99919968847,5510.74664641761
4178.50440298519,4630.25249237218
7733.59527488526,3513.16786488061
3445.93397826512,4140.36284305481
4048.49191492811,5918.62817102935
2333.52502111655,984.55308088115
2257.44190206237,1982.23437946194
4440.95145286893,5160.2656079802
3008.41207872663,875.833982764188
3911.37730278349,3849.04348291607
3380.04200995684,5196.35376660161
4484.89348936253,6475.6363659211
4271.33646266573,3084.65650109256
3623.61963394748,3816.19481837976
2446.3966920323,2960.53601041879
4014.02719238517,2673.36528315681
4834.51561386756,5633.56030293526
4052.50099745849,6852.54416618363
3999.70224953277,4934.13192205924
3608.08200668119,6294.85432862575
5643.65760326294,7640.85756672755
4424.90822551541,5508.13255525012
3918.90091961348,4217.313196092
3353.51245858569,5554.05252133435
4680.63887675474,6191.93220601452
4247.94510815366,5724.5477589158
4094.03032822935,2978.66529506276
3902.1697321937,5574.05738044829
8263.05103586102,4206.74266050406
8750.67049704313,2571.97727939961
3692.54481059573,4476.46595721581
3963.74951849941,7120.10794112374
3609.98005742501,5402.5392560124
4868.86296155937,4615.07875451163
4074.22102305977,7238.65879384661
2816.41690522379,617.590571859675
2753.59684030787,1916.42330232656
4415.69125307501,2548.4489788989
3945.2295797302,5712.67017774411
3663.50859896091,5426.52233733657
3986.55600004898,2276.79323368578
3727.07409122618,5699.76928686273
4290.20713494076,4869.51414244482
4475.81904935156,7411.93895611732
4101.39119670851,5581.78632874321
3673.40315097846,4690.38039492152
3573.80796913751,489.775964848065
3431.65335320857,4409.51824516321
4767.82018583391,4378.77201693954
3857.52062642925,2650.97340614568
4277.57061103708,5325.0205855166
7004.8604891761,766.66020953758
3451.93750619059,3195.4784055205
4202.99210693208,5629.6958287878
3841.80134058069,3485.54759410689
3634.98054978423,5947.8965201475
3917.02005538169,2365.45075722814
3325.64074873076,2504.06334309633
3714.36668035227,4332.51122952226
3630.20481615305,3084.99753385325
3981.52386904781,7007.58108431998
4066.48262250566,4298.98049946457
6112.53296143446,4247.71818012736
4616.61312363473,3839.60958224533
3029.5666747555,3340.96767492334
3804.1157033329,4709.98734724339
4077.23966765371,4254.82214835992
4374.01672140868,4950.89728708808
4134.31517115895,5986.03087533303
4116.96651649237,6760.98839274449
4164.94477488065,3872.7990681147
4031.33715020057,3689.00545571505
2946.41358618998,2280.08960180227
3801.34722590645,5959.2628693196
4397.6358341257,6658.06584727801
3999.67765674533,5472.95353542039
4690.48953714806,5779.61788979671
3791.80800285369,4948.16944785783
3308.03710207664,5674.64957062134
3205.29221369893,6204.15103137452
4250.49844600671,1360.72247015998
4197.20639030903,6144.07979142894
3556.15853369331,4604.28072279814
3431.43725088575,4898.72582895921
3571.90267080511,2435.80858545999
3762.81082821367,1511.61075541957
4284.94140327575,5198.45620291425
4533.07116816358,5432.14842646361
2373.03202239674,4653.83766690428
7939.38621964113,2582.71864850934
3379.55239161201,5373.83922435285
1050.45928274388,2376.87398043162
3930.58369509865,4811.09119227129
3496.22051467445,1714.44321411011
2747.07274619043,2111.12869450247
5000.95161332804,4276.47487439067
4350.1057903318,2796.40601294476
3696.7347748378,1338.67173162335
4035.67677773319,1989.56563239242
4354.39052171751,5709.71484238831
4540.84632286315,4352.00443378135
3682.43784027575,5692.43782250462
4493.85376089332,5219.19979015332
3786.88425289014,6444.20807217605
1342.81596493555,2143.6934117371
4531.93906526953,928.232884161699
1489.21020877674,2450.01652192511
3759.98434536095,3697.18897340581
4199.52494080853,5632.42366801805
3305.48091959665,4631.27580208187
4211.24182250628,4859.34151364894
3522.54481042089,253.299080893973
3618.98661745418,4657.98629978105
4237.86690231002,5151.34293930906
3932.88250054674,6323.8385190146
4961.52730651608,4014.93551822492
2861.63843899565,4877.30017619875
3902.99422426275,2770.94526394269
4096.56828401602,6350.71985023556
3307.8583241222,3366.99652995639
3560.50993569396,381.795647713146
4031.56964260063,2842.8374224562
4439.95811372162,6294.39975922992
4384.33276317666,6063.77661909913
4624.81347124841,4565.74846082053
3585.96112174827,4806.31715647691
2140.19929664329,3166.09651976721
4454.20431206411,5456.35900391333
4161.41439840851,5134.17966748814
3869.84197766419,5784.67566146514
4359.55521174726,5938.51928208052
4644.3166320614,6278.03230099315
3912.05875424708,7425.52191252008
4460.68802034911,5547.97143995622
3870.64431177292,3564.14602548851
3919.64000420226,7529.75150357031
3672.02575396299,4506.87094125117
3488.10725250576,6444.03766150952
3582.27657195883,5018.86788599512
3511.84344047767,2305.8911721374
2414.46222470752,189.590691141526
4093.28236012924,3857.6249073989
4475.99445094195,7435.06998410884
3200.28884188525,742.847697450656
6357.30895744672,2931.77910472786
4025.95556087097,5869.35496279726
4034.7887114449,3534.02520018246
4877.23873704679,1245.12663565147
3499.09484490482,6385.78512200253
3611.41611666141,415.553715325655
8679.77288560948,1337.70561308649
4281.71194579674,7604.5419119806
4165.1756724383,4049.77329386635
4319.16599494476,4826.43576365362
4239.98022828411,6043.20344252658
4485.29024141122,1271.78078788832
3368.8687013891,5087.69138394532
8569.51521374427,2297.08225152903
4319.50216205521,6523.94292704726
4933.15344650169,5224.31464728077
3085.37015646461,2107.26422035501
3349.15885431642,5939.7696650605
4272.89140193804,1930.63123879168
7883.47786392255,3048.22730971047
3941.34625375282,5819.79801869112
4402.83191474552,6485.97940538351
3015.11991901509,1486.32062851165
3857.91738203836,4816.43354552428
3866.02228224127,3637.45897764854
2465.77628255411,3600.57500544298
8509.02055980844,4288.80744781344
3873.5597508876,6771.90017252076
4517.77428949951,6571.85242709185
4493.93964540408,6398.23144348807
4193.15428156956,2802.99832632248
4185.79646047863,5156.34404837373
2464.98833472696,2272.19003141318
2470.94569746638,867.991233549586
3556.65880215948,4545.5165284363
4360.57992522132,5628.84335259989
3626.26297610212,2752.98638996525
3775.81299859449,4300.28754504831
5022.39017396286,7447.57296819815
7720.81532734328,6461.88299885182
4330.78630798895,2642.73280299591
3829.81563172911,4689.13043479679
3582.40431175618,1960.80872670149
3452.0523227444,5435.33125794495
8677.6253725553,3040.21420268624
4302.64200724562,4686.80007950336
8870.01244580076,7361.18871449021
4452.65226078435,5585.53747768315
3737.32439713441,5869.52579631904
4358.70118987478,5538.42379122271
4490.1728800724,5184.3620145119
7397.89394709858,1389.13834309022
4024.38456834714,5967.33306180283
4046.51621403358,3867.17297898766
3917.89301701876,5378.04451983338
3989.43290222498,1560.14502409889
4402.95424831376,6865.16089833571
4414.81561329964,5444.82182121945
3328.4866489502,565.646345571811
4371.26651963618,4083.53109719432
3875.39311278581,5510.34916248078
7909.74421266159,1935.40506315843
8569.84696650797,490.685262210452
3832.47201681745,3396.4355011687
4259.30277681905,6593.84597445566
4283.79439769957,5646.57451902416
2443.38864494203,2174.66671323107
3797.57740048835,1509.73528666341
4380.98263479046,6906.5914102101
4164.70254566692,5434.87626569386
4206.69861304577,5622.42102703346
4161.83219744741,6158.40147595683
3890.95883484253,5212.55081417185
4547.93901784445,5495.11791630597
3092.88392513468,5984.26883749821
7849.59588981454,3494.69754747595
4423.11866534101,5387.9334127552
3457.91357994524,5620.31859072082
4642.47181652706,6056.38849213726
3475.1608389936,4267.38179505299
4220.15129100805,6351.2315050904
4572.76694066067,4154.05954752034
3633.48740778067,2901.43099472389
3920.55910538558,6398.74267548767
4621.10818005508,4799.66818049543
2769.90646760435,1238.47734252855
4683.31794363885,6174.08686867223
4216.11691839781,6040.81642462939
3892.51495361629,4076.14297023246
4096.69756670634,6457.96143924534
3534.33238028713,2885.29082118503
3982.72324289843,2730.1970290173
3538.37563697095,5451.75537878547
4059.10374277552,6455.63150680716
3816.01069139718,4791.71173607497
4501.63595452244,7148.80797278328
4011.64857098308,3541.75414847738
2850.066740459,5623.04642995107
4653.86273680513,5990.00909754327
4026.50168835497,2891.201280469
4429.64299721009,4581.20678026563
3369.42114072866,4743.91598409315
3971.66785984069,5865.66089931633
3966.2623847971,4534.66183411905
4351.72807587271,6275.0203030336
3787.70467135667,2368.00818579186
3174.60417531655,5583.0937971822
6999.22000248247,3945.54370281612
4328.67358496675,5577.41062259616
4198.40259399564,5333.65909545844
3097.02868891538,249.150368731849
4792.50614895964,3266.5749618775
4074.11477279323,5049.15954482296
3573.55546765204,1266.49541438054
4250.60959540796,4317.8487236613
4834.72206593076,6218.87019983924
2710.05964231346,2402.67555076675
4342.2584953989,7071.40347320551
3714.0390046088,8920.65182090189
2126.33407893667,1767.06934734863
3631.32699366576,5253.12842700308
4658.36144757771,5411.63233535007
4312.67008191051,5532.51354336637
4233.66217755394,3100.34210523558
4228.11016254001,5134.12300488438
3190.80835676462,4413.38271931067
4021.95857259062,4151.33170829008
4357.44217042255,4637.58395673028
3554.58351748806,6451.4828739304
4230.43929852678,5311.32430390632
3882.31978226165,6219.72267602714
4326.74872163807,4545.17570710324
4776.98390954183,6873.57191215201
4838.104939508,5138.0441416356
4194.9564965645,2913.70669411528
8597.85235742223,8561.64517487491
4960.76228815997,7130.22433017111
3807.97648768341,5661.9761758655
4182.15186779276,6441.1960742165
5082.87425225428,5343.03633352542
3647.14553763598,2985.31469389949
4863.64796948134,6200.79778922665
4316.64376469539,6440.68484221691
4628.05457133722,5617.59032863532
4867.1471765024,2593.57334282659
2728.64106968714,854.919932001674
4987.66289658091,4592.85728816703
3901.10675292973,3313.91572160823
3723.95895458599,881.403515001278
8013.83656600972,364.57563400311
4184.22967720926,4826.83367044569
4030.26503463308,3296.86619785008
6535.51360640462,1071.39200969873
3534.88659420423,1010.24111458114
4065.88512391561,5358.49465297052
4437.16846215206,5369.57684341332
4350.10304899422,6905.68184856318
3761.90947064954,5036.99738206671
3707.40022718218,2754.86196443522
4346.91923300979,6424.88527858349
4352.35575846318,5174.18938571602
4948.63546518018,4449.30046726555
3661.24681455381,5792.57544328185
2899.62412203208,6156.58277551825
4426.83160737766,5126.73487792252
3584.45599838372,6174.14395413124
3739.60370116171,501.994790208069
4797.65211189042,6334.01157066573
3586.52763433765,6364.58696536762
4377.6519434425,6659.42997832076
2309.69530557719,872.480899187039
5104.4153735784,4132.97471609295
3014.22708621939,3986.9171292315
4309.85807291821,8025.04016874443
4663.20454165851,5010.96852703366
2649.34628643453,4641.22135760746
3679.21657637834,5052.45570151182
4504.23633050046,1694.38158667859
4070.34941196683,4799.78150570295
4408.45879913639,6897.66874153896
7538.41212220808,2777.59466277942
3236.23795123367,5159.29938372953
4353.69665675037,5899.6466216251
4406.95405447158,4029.76843475241
3483.06077601658,7154.77530609863
3294.73948316209,1931.7109996775
4396.88831917619,5176.86013948726
4565.5444639366,5825.6516039437
3984.18956663837,5429.9322420882
4371.60660696656,920.276439741231
3830.71979793828,6199.88865043498
4435.918820139,7282.81756780651
4573.9508907852,7398.29933711081
868.141994053827,3009.75234461949
3739.79939562177,5463.57629735341
4004.63103224101,2985.5419785974
8173.05697232674,2190.0112846134
3686.1610548075,3697.75729086441
4236.13056401965,5426.97690673241
3483.71487951385,3602.67786461087
4600.79349798768,5135.03214367605
3653.97532809878,3246.11553336772
3435.47995610886,4376.44208450136
4036.81353521842,3903.26113760907
4817.91638415855,6899.48744197754
5028.22168537914,7153.35451245212
4001.52249061602,4877.18642813598
3859.467318936,5330.59001203987
4576.65688592606,5106.27544941274
4138.50200060701,2314.81384080855
8422.05431742409,385.944359875271
2470.26603399812,719.035238220639
3772.48052178418,5401.11846236588
4800.61274407513,6416.5313502262
3900.10249345268,3047.09067479326
3449.85397235964,1698.24616653987
4568.79244007185,6356.00554088478
4314.60014678904,5068.99357041512
3999.23696927292,3379.89742083777
3793.18139779085,2722.46786929475
4169.94715558598,3998.96554392498
4643.43869389268,3697.41646953135
4253.10849745649,5312.40385336452
4360.33613274096,4810.06830541685
4058.08782614252,4533.52519920184
4626.46846364071,3099.31921838114
3863.97774344972,5783.42570134041
4610.14419683628,5036.54281267088
4516.91797868065,6426.76106448109
3457.21423805454,3355.51664414915
4276.63814156808,4670.94427612144
3354.97464333242,3936.28021281191
1624.46765133084,7033.7236874158
4234.52735969922,6586.4578474938
4045.83880898139,4061.42380176775
3988.6003842374,4280.28268593437
4172.88413228582,3419.16819951289
3522.73987662001,779.674689911012
8473.44373117136,982.620843807419
4189.53266432096,5093.77246532344
4870.11052355215,5161.11808416811
2898.11480423303,3345.28692989427
3211.06065985383,1238.6478589089
2457.3360267445,1858.22742542332
8747.67422945186,2464.11071032746
4801.09476569431,5846.90642318237
3709.37659581656,5331.72664695708
4991.03257007572,4178.38345017757
4091.29449659343,7104.99086586695
4030.38724133512,3060.73029379977
4490.62684031854,7554.52997562338
4064.04667694728,4680.43483939594
4141.76632356241,1623.68293711368
4335.84034329514,5457.04064657945
3754.51488990484,5087.57763588254
4618.24917186413,6546.44855212117
3954.77570233935,5479.71668231988
4520.77797078978,134.86172516357
4803.58465999376,3658.42963815791
5068.89449027728,3556.58748786012
2368.43827970298,6709.49857728174
3665.36116783239,5412.03024214215
3448.52392360153,5600.48414227341
4173.44588139175,4984.31426908299
3378.59979498114,3815.68316352492
3817.89383309783,6395.73067752811
4452.22941811074,4637.24313539722
5147.8344878655,7152.27454013867
3308.76382830549,2742.47251698106
3657.66371167416,5095.19325896995
4382.67584611961,7127.26857196006
4159.68996475304,2870.79872599061
3942.65947603601,6480.40997886023
4809.64686756377,5759.2722093497
3977.296953989,6640.33468085374
3779.96610543496,4459.47309606143
2557.09175791508,4209.35675167154
3734.93766080296,2229.85038074712
3782.75238680535,5245.22906804163
4876.22395761364,5393.84408346679
4674.05826337482,6321.73565984671
4488.96495292177,4838.48417834709
3823.28293243321,6651.01896450446
3997.5413716428,3194.00073784261
5113.03802800958,6129.75810690105
7516.93998345,1075.48387425792
3973.45117943428,5414.01935324726
4662.58617848743,5581.10468607709
4013.20520032381,3320.28096171565
3141.86976318535,3738.10783042535
6608.86088706327,6026.60848816427
908.759018786724,1365.32577814639
4460.07692406547,4892.24684078901
4278.36931630328,3576.87608284811
4737.97478034739,5323.31563314078
3917.83094563161,282.794767566946
3880.92787397675,1778.89047734418
3134.75545865611,1805.03308044001
3702.83348151367,5429.53433529613
3911.55809573949,6145.21642634615
4418.6696058483,4570.46583401115
3540.6301629399,5248.80938345979
4613.26593678192,3610.23640223927
4538.85343731162,4698.90515680059
4305.00262637242,6299.51461635736
4782.91084573612,6612.08921859002
4607.22175285907,7261.05067085774
4331.97475661523,4801.94145032985
3875.08035166996,5658.62293371764
3798.1007718863,5042.11223919416
3593.71456152267,4520.34014959116
4461.20879737871,5755.1802390767
4308.28341041014,5523.59087469523
4322.53652436255,4040.45271840313
3970.54277370537,2849.31619919877
2570.62587035481,1881.35803055959
4347.78972940059,2958.54689931367
3833.20936711802,4260.56198554973
4434.16364995732,5986.76960345817
4635.0252487346,4713.51100005779
4140.76112988715,3045.66988114674
8051.69100736303,2411.08677601068
3442.67976171018,5052.00113211598
3860.26149872147,4246.46779714738
4457.26228019836,7411.71145999178
3989.31558790421,5563.77100358964
3702.82191687115,110.708233172864
4719.83452086347,5084.11106852716
4514.34875479042,5481.64913082124
3499.3930522966,4192.81888276824
4423.44592019261,6579.41096472025
3932.8072090601,6827.42444994225
3449.23825158937,4629.34335358051
5317.22357586306,5216.074044131
4617.72736950896,6106.45709109825
3452.17734964848,1710.86279297813
3997.91457516882,3898.77126054399
3733.48309737093,3498.6188956548
3621.37166529101,6146.35306126336
4508.2208500703,2949.56756803877
2387.8102262774,2312.25641224483
4025.45581878487,4364.96198726649
3112.1854098937,4247.03611460599
4264.20874189236,4929.35788626486
2851.22179991015,2337.37591705858
5912.29410342516,4671.73966685033
3741.12845737125,6546.22105599562
3846.66423837365,4418.04300704228
1664.05914102612,3206.21956320261
4612.42811171339,4120.41506939988
4591.43775267571,4802.56643039222
3994.62807684007,4021.12992481056
4266.95243448542,1192.15946965226
2934.12150653406,99.6828771187759
3647.75392173736,6179.31547386244
3656.94156627469,5439.82071215477
3716.19388169599,5715.96633443296
4106.01775965546,6468.98696708438
4406.94044475378,4185.08951161806
3883.50728041923,5275.00864915937
4924.72406278734,4399.34519351208
3884.14433176026,3528.62618432571
3758.70287216725,5437.71785298688
4458.93410975925,5107.80956826678
4482.89380798328,6826.00365629573
3806.36410034458,6083.44023402475
4423.25888804461,4740.44941673776
4079.89855071379,5489.20766844963
4498.7726165465,4509.37170721113
4036.21791668475,5758.93096516139
3943.20512371402,1855.32917552653
3638.84600812038,4892.58808497732
3992.73738460375,3976.11909751801
5769.06181108783,6659.14581959145
7476.85084274379,1058.0934234529
4313.28232576268,5750.46328874133
4008.09607168943,5092.80624107276
3674.10810692353,3718.50087810349
2558.26533021265,923.174795351828
3212.44561349546,4163.49344819108
3910.7996205411,4675.37706772751
3855.77526839471,5394.35531546639
4430.64893040209,4768.92195227176
4686.76248970453,5444.76515861569
3804.53398988061,3805.62385993656
5128.73856400557,4294.5477078585
4111.53324462699,3841.20078655837
4399.45015495212,4953.90928504764
3270.55925225413,2673.64944188612
4177.97445791135,5065.01534820488
4434.35896876391,5650.21191990133
3520.23010789252,932.83619214811
8069.41832442404,1294.05881112287
4150.45556759873,6775.4234024799
2858.83645241808,1141.86337456573
3930.26112124727,5484.54738071802
3612.13112657271,4443.6172926795
2912.74355746367,408.677058219464
3725.72111465856,4853.60125360388
3663.94303297511,4444.24227274187
4565.14208485158,2868.12754936412
4373.09940658101,5344.0025577761
7835.165319729,1502.51767608189
4135.96246879592,5445.73138286636
3576.90930935389,5981.93890506003
3901.45519713184,5394.92363292499
4346.67824421235,4076.99544642037
3790.42691110832,5979.3243910373
4163.98779966164,5223.51925655187
3982.94881886202,3451.39167255921
3305.40394338669,4559.21281004658
2750.26134925768,5478.63671000643
4040.31392849143,2263.43777340857
4405.76372462354,4613.37380213582
7649.18959866915,1207.73132573251
4374.29147176771,5527.17119011339
2528.08128458847,4427.53399317204
4904.96408963069,5471.47607917011
4256.37611295457,4565.12348075817
5416.37220069271,6411.07524891044
5067.33136517629,5412.48481153798
4253.2694162546,2207.62912583015
4907.08809234129,4477.94341346608
4213.78107512182,5158.78772887468
3863.40659621211,4402.35719147164
9338.9916227602,3845.17900876861
3662.63386318614,2631.7074865845
4570.55667676572,5218.57481009096
3307.0710337448,5125.71156821283
4345.93426689539,5220.45017313331
4346.04082189295,4377.63538202233
4762.80357145042,3260.60762856214
3571.01051035417,1904.43176166447
3978.4507778727,6381.2956677927
3667.82784182411,2761.68177393848
3859.241986035,5135.71420919742
4319.78205415812,5358.83547430358
2266.04035475938,2816.86544145454
3869.88949712042,5639.07306685478
2097.73747798908,2905.86378632995
3529.18058521099,7312.3134130502
3927.53883354007,3583.12757489276
3870.04887809911,5241.13709776862
4166.21811872898,6597.08546854076
4097.83709102477,6217.67690231827
3759.32366654368,1872.54910995121
7829.50322949433,1244.44467584391
4899.74668230654,6641.01632351986
4542.54515341433,4314.83630284649
3936.33275454047,1599.64308747193
4370.25775189429,5404.64211518029
4040.97591741418,1796.33769646678
4142.81737475213,5626.9675667023
2800.19938702896,4867.75252746524
5004.72871567766,7840.22282377983
4517.82800825514,4712.88601999542
3499.98702930509,5758.13557443249
4314.09498159824,4966.92392399179
4019.36025697412,5516.42982100365
3691.0876814504,4571.03415146976
3746.11447970343,4914.35455907084
3740.79606973283,2273.26979229901
3545.20234751407,2864.14932715388
4184.95087880132,4564.44141523679
2811.86212740808,959.945019494611
3675.82432929281,7250.65096879157
4226.01007307721,1675.28607778395
4262.30833564567,4740.67649000805
4196.41319421833,6684.0380397073
3719.96761308066,5982.67763318517
3784.56800669854,5444.99265474123
3365.41413746412,699.939729325991
4693.8560340836,5346.44623827705
4156.11225309197,3618.19284665973
4062.50677984162,6049.96658942608
4358.96092451441,5657.42963619667
4270.76065906724,6845.042291159
2614.11100697557,3612.62342013646
4668.71961352811,5766.8307469781
4142.57544565798,5977.50611345396
4484.72231107794,4093.59040078268
4569.08422845806,5324.11144672493
4654.72358258379,3134.10011999118
3791.34006776377,4292.3877632316
3706.19048986699,5350.59487115381
3330.04835971761,4438.44535009305
4449.56262835642,7340.67177766618
4445.72579976014,5971.25462140931
3870.64576756973,2378.35164810952
4391.83516950931,7299.35543670981
3709.69379286882,2753.4980448201
3637.57219103201,4522.04510196697
4269.66126756468,5649.1890330469
3985.04515547024,3739.1878027388
7959.94762039523,304.390804565476
2609.00898565877,4479.98961003021
4658.33930670068,5203.6281455007
3795.60768860371,6819.01343612595
3996.56670654412,6109.69658518335
3718.34395928612,3308.97148657494
8388.16935957135,1592.08444412972
3772.80847383225,3076.9842154014
4109.61448700915,5692.09700117156
3946.0850626645,3418.65675608568
4510.4294546486,7047.98870933994
8629.79163339621,2518.04399486354
3244.02544604191,4384.34186631807
4796.85475349477,785.016884593279
4172.58508755352,5671.46716199526
4066.81737280721,6084.12229954613
4090.62691164458,3902.29491335839
4324.428144397,3946.96449646263
2630.85581211476,2966.04877433831
3688.98150273096,6761.32921407755
3874.22410555366,5889.01900057814
3964.71936813505,5820.08217742042
5186.91581515281,5880.55090130283
3964.82074795269,5302.11747650587
8486.11460925833,821.446023118468
3977.69415689,1792.01844149586
4301.05612139988,6293.09271364618
2430.13765986964,6625.67175213753
4258.85994723604,5768.13779256184
3615.26696260295,4754.42985707734
3991.69257938211,4836.38131917921
3950.2258691986,5327.52135147656
1856.55145496067,4250.21894608733
4211.04912021515,6445.0038857602
5338.67239330755,7050.88695923672
4055.89225517862,3788.80183230396
3925.29756451391,998.533732648355
4703.64874280331,4911.96754117365
3953.53248899431,4894.12220383136
4148.25625639651,6792.98458109289
3565.34129360594,3335.00034160799
3362.57474481666,2163.4707747255
2983.08547169562,4291.25112831439
4119.17015057016,5631.00287437154
556.311119624512,2387.84242281164
4848.5214119528,7458.93931737025
3170.62376613877,4475.55681842414
3628.67174118893,3250.66207303656
4015.09597759942,5734.60706250415
4608.22396007696,5668.85264797252
4294.37709566088,6712.90848203337
3133.37042935694,3423.14642172313
5121.89386937145,5314.33630186587
3106.44168458038,549.22196044675
4802.73037785331,7601.5294911658
4410.62492150659,3499.75553057201
4451.32344666734,4952.31808073459
8755.94495040405,1080.31457265607
3815.47235751113,3953.44348463283
1745.2429281616,1935.29131509566
3535.3495729345,2379.14725026604
3633.25911930761,1816.45609221586
4087.88904738597,4193.21636670506
4431.48268248134,4630.65039916425
4548.09820726158,2417.79283745117
3416.81593086676,5445.04931734499
4671.17662274987,6424.03280239558
7179.36849282987,3368.47419763429
4495.81759653873,5206.2993221272
3908.8737843715,5980.46102595451
3230.99760577867,791.268376637932
4446.10901460031,4822.91211083922
3877.66606978092,6144.81851955408
4079.98196613501,4462.59884208375
3602.6405843155,3526.75060985574
1177.15387153843,3781.41370534209
4413.72308052695,5387.99007535896
3454.76853596823,1264.79046200472
4146.99326333182,5983.07553997724
4351.35128996189,4544.09573478979
3086.97015832827,4267.438880512
3829.62718736072,226.815497894369
3676.1512729848,7044.63546719207
4318.84184396874,6446.87924880255
4143.41105413868,6263.31270967318
4774.68459533045,6713.19264076267
4304.83643188996,4890.0306564136
3509.25728751955,1773.5481240912
3723.53110667924,1939.26953730589
3726.82813058436,458.063829515153
4250.91967003372,6614.1349922989
3973.58529615879,6227.79286851038
3932.39695086841,2590.39093420051
3732.03703601628,612.58935708119
4627.3933216923,6764.45496009988
3989.51387563657,5406.97204761846
3804.59340889087,6528.2053079868
3668.51578484056,6802.30515655611
4057.12969115358,3692.75618179974
4354.83479493161,5246.93402041744
4198.28573886482,4656.50884353077
5044.36429735288,5599.91582481481
4640.90570765295,5514.83861669061
4799.67386395971,4936.85976128949
3094.56467317702,4317.73497559853
4067.90411665442,2300.60590434343
3937.43667695583,2312.14266418205
4710.46215499803,5029.72300316762
4639.91354495165,5731.82213781489
3967.0263500329,5188.73814351421
4286.14893003618,5323.9410360584
3998.03433146357,2738.72179089637
3944.54978912876,5166.23294129555
5236.67703065855,4972.55001311882
3988.61115975655,6057.75220032476
3303.51198375839,5285.7500182691
3617.04455699668,4193.04595603853
5352.51175961998,6817.47889441666
4023.87022407642,3821.13926484067
3781.88579648296,7474.28388875258
1959.79644681972,944.543574080895
3717.64329780214,7439.78651158896
4067.25767082783,4985.84881079228
3742.96106222253,5533.59309282457
4279.75177368363,6627.09254578404
3923.07937470078,2004.56917101406
4737.92175726105,4830.01607907178
3652.89411382273,3775.84427881882
4264.21874512981,5413.22353966312
4111.82841735957,5468.29367054403
3566.15629796535,3909.00097479888
4310.21003660545,1826.06082640839
4173.96773289882,4858.71611073132
4402.8055899463,5378.44242662545
3426.88494865206,4677.82074822846
7729.30944784048,2396.25364805557
3901.82424152133,1822.93508038606
2144.6480059047,1429.77304138047
4250.23075972474,5066.89071124723
8582.88025288688,1275.47485136926
4612.89438312239,8068.5164543277
3725.87595592858,4433.61465169491
4003.8576062548,5000.17049532017
3250.70572538945,199.649915444521
3568.27323235132,4729.42388889872
3901.49297662238,4630.65039916425
5070.39821706801,5164.52798891974
4972.23724939567,4455.15405251813
3325.35990571775,1502.23351735259
3820.95398204476,1376.23745220884
4268.5243050704,5268.24592511512
2473.75860277268,1867.15009409446
3956.88772536683,2167.27858626921
4501.17407483544,5296.09348058676
2879.90454347252,957.78539200915
4585.34545377333,2085.09983946942
3551.18452749443,3140.1812013693
3772.86929791182,2786.85815278363
3674.46069347688,2210.12968036249
4265.29174896111,6238.53423762012
4746.78706113173,5572.46617613524
3651.9813725622,6219.77976148615
8103.18139239092,2259.34601456319
3916.92430542736,5778.93582427533
4413.10849744545,5329.45337712266
4600.47882402776,7039.97517946046
4294.99898296685,5890.15563549535
4245.3234454025,5011.87766582533
2609.78663015802,3696.6206559472
4289.49769047057,4754.25944641081
3968.51374873499,4028.74554789797
4138.56173117864,7033.66702481204
4007.32193054196,348.890082716998
4101.14582554676,4399.85684836693
3726.61044865215,5306.32319484165
4011.9348082662,6965.01436038363
3697.7627105533,5462.38299983244
5047.89931420924,4111.37865266596
1702.66780365274,2537.25325182096
2301.95544398157,4756.646464308
4353.43118739735,5604.91693387948
3962.6984813125,3494.86795814248
2439.51513038502,770.808948128158
4721.69120499312,1394.1394521549
3663.57599090045,20.9140813204133
3929.43492286764,6196.42166022435
2963.59847501966,2970.76572467368
4254.44588455926,3563.74811869644
3182.0756111954,4601.95036750471
2698.40672770153,1417.55421602046
3586.34108031867,6240.01169387039
8924.95224147932,4232.43027134879
4438.09105413923,5614.63541613477
4765.04601458311,4262.26693792555
3944.30861304435,2048.61377405594
4236.87408868399,4680.83274618801
3381.24389803567,4336.60319979526
4029.55982257395,7489.00263436204
3450.47092775826,5924.5955043447
3955.43724930635,4716.75049414289
4899.46113265455,5706.36160024044
4749.52816179071,5576.16023961617
2459.67455056727,2.27326983441936
3514.82242013055,1501.26729310191
4076.79860942483,5441.8669087189
3931.89895275404,6180.67960490519
4131.46833202014,5846.28144312
4041.21851364913,7317.82575411446
4567.2184323742,6000.80712925676
4910.51410193655,5537.5713150348
4019.0299638839,4206.96973377435
4480.79866612106,6024.44896639262
3505.08299352736,7063.56035399256
4144.40273006686,2871.76473881366
3660.17523137914,4109.90119641569
3446.25721065971,4768.23988675038
4013.36618918118,6135.55502954987
4606.94559995171,5993.53232750242
4187.98078184954,5824.91287581856
4491.31538342676,6728.19639081194
3735.06413487649,3826.82243942672
5092.71663034753,5886.34782395165
3859.61084811418,4413.43938191443
4174.11343790641,1768.60388905791
4189.0342841082,5580.649693826
8372.37465860089,2787.31293360709
3784.45525710021,5064.61744141281
3444.78681494972,5786.77852063303
4357.14589372542,5455.84734905848
4182.2186699059,5880.15299451075
4013.83600124457,5819.68427062835
5012.95017076585,4935.95062249782
4514.2373330315,5501.4831564134
4056.23661311014,7142.15899680181
4247.70560197015,5963.12734346706
4500.87748925616,5054.21731649139
4975.46435024709,6940.86086839292
3865.52779606576,2712.23815503986
4144.0446759909,4916.45741823873
4017.86709717834,3955.94382773754
2837.96539761016,3118.69867457747
4202.33610011469,5646.06328702457
8366.19230443578,3926.78922668216
4305.27425318601,6523.3179469849
3078.23163502551,1395.56024580141
3950.9645858285,6330.20375912202
1548.32930800385,2116.41417372407
5773.2756989439,3740.38110025977
4131.52203532274,1364.24601726057
3841.54876076703,5074.56299693839
2709.71352033434,701.417397003889
3959.29327582115,5498.18699972454
3906.43762438296,4801.71395420431
4388.05207389491,5464.82668033339
4150.65888692414,5121.62002079507
4447.50096299025,5434.76294048634
2697.32392499273,4702.94046446984
2423.29652090917,4688.78919060848
3613.66438012643,6979.39270751528
4008.99145198831,4761.87506949821
3678.4792158847,4679.6961112708
4512.97130266703,8679.7418810572
4227.17833703206,5249.15020479285
4095.76300507275,5773.08223902275
4180.72500475889,4435.09253080043
4898.636908248,5307.28899623707
3896.37649883798,4516.53233804745
2641.54509193679,559.167515972335
5332.76181110819,6789.63133894502
4140.95182496889,7297.87798045953
3769.99665430976,5913.28624063162
3798.00714945414,2433.7057262921
4896.39456601064,6206.14014247964
3761.07433462187,1753.14556961281
4121.96703329215,5048.47747930158
4104.7586928448,6032.40541081309
4152.02517878769,5716.02299703672
4955.71316471586,6811.73905722685
2306.10940760243,924.425178331809
4238.77289488892,5679.99192387433
4274.47655761689,8358.18752469438
8428.76430513215,2822.15070924851
3177.95355386237,3140.01057927515
7918.92659311112,1138.51034384549
3950.36631911425,2247.24072583833
3936.50551734538,2960.93391721086
4849.66628482372,5595.76719193804
4017.55711570998,5505.17721989433
3919.4108108684,5632.19617189251
4477.34378666819,5914.25204202704
3699.61410397107,5215.10824273557
3934.74945117377,5989.72493881397
4499.87446817185,5267.79093286404
4007.58249402072,6419.25918945645
4151.06468279889,4763.23877768571
4058.60368498905,3952.30684971562
4420.65558083754,1841.97371524932
4053.11832439006,5389.18379573518
5037.64890617543,7449.61874190703
3878.99269296763,7782.19778039838
3861.60586347646,3900.87411971188
3965.1542050987,4373.20259041626
1376.26497783835,1271.61027150798
4066.05870270815,1798.49742966605
3556.06698746941,5017.27668168208
4454.06030819716,6290.70569574899
3931.37381323073,1525.59130147296
5159.45092009419,6718.98956341149
1601.33441053246,2055.88836438266
4157.61665165468,4490.38973495163
3762.36108866484,5777.23087189952
3726.73635682107,6325.82763011972
3848.35022887491,5075.47255858531
4277.26101886763,4940.72423543695
4535.62629052978,4252.15097173343
4376.21924530781,5680.33274520739
3776.5998095313,3637.57272571131
5046.92536739082,6213.01661458666
4748.84433210145,5455.05153547433
3563.28742835631,4213.95995394414
3579.56826504767,5238.35217307936
4206.84823995395,3420.0206757008
3912.43846574807,3286.18191419936
4597.37759260134,5897.4866769982
3140.65415061945,696.700340954706
4923.87627185376,6461.59884012251
4123.63941935551,6194.71670784853
4474.27533939477,6246.94525143642
3774.8819119229,3986.69005596121
5279.07388978662,3789.19973909603
4081.48611922757,5224.08757401048
4206.78396057811,6868.28664435804
4828.12699048691,6721.83115070452
3591.76941983939,4347.40123150875
4094.97407861862,1124.47292376071
3855.69375639076,5997.79470844195
4511.55818538456,4947.88528912853
3482.28090361616,1991.27058476824
4158.93617322452,5822.58252052513
4050.37414895663,5281.82845866263
2526.78405761464,4717.65963293455
6538.97747686856,3705.25916588905
4332.26266307023,2058.04788615431
4937.05319920593,4112.45862497941
3634.60998222596,5258.6411909226
3979.38304733774,1771.55901298608
3923.75183508435,1106.79820851258
3715.77813316877,2897.45277251365
3973.93152072255,4658.72545076143
5190.62622884828,6813.27359893614
3828.00720666827,2050.26206382799
4149.78102192582,4963.45693378115
4864.89605452342,5823.94665156788
4194.47103055563,4752.32699790945
4152.59766614358,4432.08053284087
4356.71361855456,6376.29413587278
3579.29234113155,5539.33335286963
3839.37331442904,4727.03687100153
3994.0149605051,6877.09556496641
4268.2503568134,5541.77703337058
4184.46685364943,5488.92350972033
4217.8417250248,5340.59265302447
7833.52554564401,508.132639903764
4087.28115156158,4763.69334708155
4355.60938653098,5488.58226553202
3797.32058634966,3371.59994365662
4108.97473145677,4153.37748199896
4438.33529589233,4444.07186207534
3112.19023835752,1214.15333415751
4567.13586463381,8205.59428705898
8010.288402621,1465.7474519391
8463.73957990954,3635.52652914718
3318.917414642,2006.72890421334
3677.64523016567,5464.20170027102
3401.53642590605,5168.84703246304
3939.27828082337,4077.96167067105
5073.62977832368,6757.35099186732
4200.2655081175,4596.15344485589
3324.36955633104,601.620808987354
3653.23172359589,2222.63266445179
4090.55453492119,3848.53182806122
4110.0189707077,3254.98132800748
4176.2865851652,3772.15021533789
4422.05997979436,5868.61623467212
4885.02502024657,4507.325510647
3534.67370742365,235.169743393098
4081.66935447361,5044.15801290303
4161.30514031967,3550.73347975229
3193.66694074082,4820.80925167133
3826.64531269999,5925.61839119914
3748.66429535694,3438.54786713684
4100.32675081095,4988.86080875183
3863.35016709972,2899.83979041084
4177.78983087707,7158.18521085026
4178.12739318971,5318.42827213888
4007.44507266867,4910.8875688602
4148.60693547904,5667.71601305531
3999.34402819729,6870.67366225523
3877.61763133798,3274.19037353727
4043.65432657297,1581.74108752588
3390.99113167093,5684.48137808416
4519.8273956664,4506.64344512563
7544.46597571529,1914.4908538252
3481.99893737739,819.911534266091
4148.37250178045,4474.53350871445
4536.62615045895,2572.14790149377
3992.7948460208,5288.47785749936
3981.80763516967,4650.31443694513
1851.90478751764,1422.72584146548
4269.86652815911,4390.02504090412
3557.09061568091,609.577253407821
2738.51387454199,5524.2729402166
3459.54438280686,2574.25054923403
3496.37252918576,2143.86382240364
3477.47891555368,1218.87039020669
3947.15996520823,5023.69858439326
3496.00333060737,6826.79946987988
1471.34344730834,2689.50545669567
4213.91934590278,4268.06386057437
4802.14761266004,6060.30962888849
6030.02071820546,3304.36807287472
3652.65984956046,4239.81839831066
3794.15327217964,6117.65302960381
4668.61417461249,6986.78083447714
5825.86697295166,3850.74843529188
3409.30386972766,2974.97123158183
4029.55683422447,6316.33664398997
7355.0488865852,3398.25399017966
3965.40505593493,4993.91900327552
3571.85357550696,3225.31507209726
1364.68073130437,892.25836788925
3825.7150166725,3824.5491695923
3333.54315694172,4645.54040115075
3343.2059407242,944.714090461239
3402.58200035855,2537.13950375818
3633.16345974074,1274.33821645205
9249.65400359322,3266.17705508542
3857.20481469678,4916.34367017596
3706.87788114297,5640.26636437575
3236.05892498939,3907.29602242307
3861.7867305363,3741.11982838491
2065.68514614377,1965.98045786032
2417.0060543594,3725.26402500299
3606.14431972689,4123.76831154775
4365.22384103829,5144.97769920163
3484.53581038344,4761.19300397684
4307.94327089919,4651.73523059164
7733.72215870375,4578.42227843162
2643.52106272089,5269.04131584402
3605.76564700374,6515.07734383513
3597.01347311191,7155.400286161
4167.42172828036,5203.57106004169
3794.23256674782,4866.55880708902
4369.38531365603,5708.80528074139
4108.66157625552,4489.53725876372
4280.64796294046,5282.34011351747
3599.01560468913,4952.26141813083
4163.42142751256,4141.44281536826
4119.82471176037,7167.73328243903
4586.06209159644,7219.16601244276
8167.26526223581,687.49361926807
4451.91444911185,4967.37849338762
4281.84262910124,2914.27501157388
1538.78731798519,522.511039892323
3611.26781745759,5664.59026703299
4143.21652668299,6119.58547810517
4140.82759872029,6329.29462033036
3844.89640402374,3461.3372280848
4233.13845700886,5913.85455809022
3798.80962854142,4361.7795786404
4213.72390721109,4944.98661637649
3920.42671992263,5129.97394915236
3608.03108712023,5376.2829048538
7479.85568265027,7620.45480082154
4549.09372484383,1624.93321437985
4070.76831128489,3295.04770883912
4220.20853712612,3737.59659842576
3729.89370901793,4604.73529219397
4210.65026898497,4849.96427558196
4106.62917765155,6661.93074428072
3628.85620998138,1376.35120027161
4126.51321469876,5893.28138151767
3365.69726641109,2064.24250416757
4004.88451498829,5351.67484346726
7714.22068300803,3084.37234236326
4541.37489865113,6339.2968384597
3765.24422787944,3796.07621120305
3997.09242919259,5887.4277962651
8527.91080412548,2045.43136542985
4146.75456543826,6600.66578395892
4334.33396482132,3428.1475307878
4362.64735695482,7512.19032495732
3558.44244686349,6835.43797982173
3946.24063147445,6312.87007663458
3981.59366868222,6200.34321983082
3178.86428512666,533.763746715461
3908.64247268287,6535.5367723449
3095.80421381044,4200.7753271887
4324.80252972627,4804.3851308308
2953.52063110543,959.092543306704
5662.94302636817,7139.08991338324
4647.3037609917,5297.4005261705
4649.78957087605,6373.33922337223
3627.89749148427,4819.50220608759
3810.17868473601,4937.25766808156
4418.60309692339,1079.9167715778
1768.6367376392,2411.99591480235
7761.77743276096,6722.45655362213
3817.89225902216,6744.90509323703
4090.09446154039,6110.20824003819
3764.32847009525,4856.04493410483
4068.08278614687,3048.79562716907
3433.83362426586,3280.66915027984
3507.3318804807,6753.48651771986
3992.93328476036,4422.81661998141
3791.21251884454,7837.15458607177
3143.93481521823,2786.34670935641
4087.55037351996,4589.78862760372
2591.4920459897,1802.1346191156
3222.43008120847,5148.21719328673
4802.13770636639,4481.86497307256
3921.25453111739,4086.99808740497
3480.41188430515,2727.01440896359
4068.80518241339,6583.67334565978
3784.11675173535,5430.72763281709
4992.59845220666,6700.29217273655
3447.52436650718,3918.09405413656
3954.71019685018,4872.07157100854
3032.07258983217,1714.49998242768
4121.82796566327,3004.12604406483
3612.96449168115,4428.49979456746
4031.08885761001,5020.45951316341
4486.82779143179,2873.46969118948
7005.80044902866,2827.54972510526
3432.01058264821,5420.15709722915
4373.52347018371,7058.27508619858
4643.17652280646,7612.83917773413
4083.39913009662,5716.30715576603
4607.11823825563,6096.90944236474
3992.59250140938,4243.17164045852
4193.48629963268,4314.09757472136
4213.7599861274,3556.98497179694
3385.91507019093,4603.20075048469
4453.76256769371,6108.84410899544
4270.54657623101,6339.580997189
2926.61359454316,3422.40748217037
4128.42903007335,3892.63351656211
2940.97192434603,6607.48559346217
4452.80870313175,5209.53839335704
7482.92095300147,4171.62030327807
2651.07077715757,3203.26443927444
3743.51033135734,4944.81620570996
4167.03939895587,2499.00536000027
3937.47459600563,5904.2498238977
7817.91557700889,3648.25700936203
4243.49599889566,4153.09332326966
3531.44861052766,6336.85315795875
3921.61642014976,6233.41938049267
2674.82147730078,675.558952637368
4359.14447860166,3970.49300839097
4484.24701579064,5617.81782476086
2772.4826801652,4748.2354504917
4377.55792871438,6043.20344252658
3760.95964733989,2941.44050152414
3916.45995344927,5657.20214007112
3921.93472173256,4581.60468705771
4822.50044790132,6072.92636104056
3774.88303389061,5780.07245919254
5015.72067632579,6444.15140957229
5060.77071752022,4403.49382638885
2425.52018990295,2494.97026375865
2103.16561081635,1902.61306122588
3101.00475986568,5072.00556837467
4098.46272540182,3245.26305717981
3903.29288010767,4345.63919367393
2924.32839158574,961.081654411821
3792.62148606126,5240.34128418447
4542.36568278402,5847.13391930791
3985.29319607915,4224.01925753249
4063.53421596367,6366.57607647273
4134.40850502296,5317.51871049196
7720.83070811775,1937.96249172215
3666.39960411985,5376.68081164588
4281.53534481473,2082.14450411363
4473.84544386846,5606.16731685946
4669.17130306769,5369.00852595471
4062.99628382887,4560.06528623448
3724.1726544456,5184.13494124161
2967.94742744131,2876.19774184736
4490.6483685142,4883.15376145133
3769.79991238581,5903.45401031355
3767.35479803125,2820.04785008062
4717.66304157742,7480.30788467169
3774.41652831834,3121.99504269395
4511.73644398164,3950.71564540258
4327.22270035937,6780.70909312913
4597.74219089292,5359.63128788773
4337.70326715784,7186.3169250512
4817.40289555381,6077.41623810564
4332.7550173548,6323.89560447361
4318.8059479274,4897.19128724992
4610.57914396898,5239.88671478864
3811.84782865653,5078.3708084821
3274.82419645426,2164.15284024688
4055.16959374919,5188.96563963975
4282.30534627899,5377.41953977101
4289.86235217144,4646.10871860936
4373.61933603511,6637.20893483141
3764.45525591477,2561.86131320749
3490.23941430668,3107.50294749953
3672.30839206713,4894.52011062343
3253.45879508502,2545.26635884518
3458.30876992577,5689.5962352116
3490.59827876983,6425.2265227718
5510.61966357974,8775.61669803963
4422.99951270862,7764.80743530717
7038.16764027999,5045.52214394579
4287.63151200353,5869.46871086003
4004.7886945092,3353.58440707542
4198.16345250788,4148.66053166359
4701.71990017912,5727.38934620882
4599.12816001902,5261.5965262784
4052.80985802787,3694.17697544625
3813.31418449609,5033.24665598202
1576.58418446936,4505.3934850009
4045.08642547308,3859.04570104541
1959.80880072478,1447.61816729514
2188.67152879442,1238.02266741891
3323.45378543361,1230.06622299844
3022.0396288172,5312.5746868863
3861.41265084416,5598.04046177246
4108.19348305541,4715.38636310013
4467.31763695959,5571.89785867664
4098.0425929931,5238.92049053796
8648.34237045792,6870.21909285939
3525.38370385738,3467.53205752569
3704.70093971918,4197.36542243708
4575.81000787007,6072.5855397075
4453.16327379119,5076.38169737698
3798.77913480918,5023.69858439326
3906.97449922032,4595.58512739728
4264.4241609945,6608.84972450493
4688.88766020933,6469.78235781327
3617.73287879246,5299.95795473422
3326.59103478504,3546.81234300107
3845.26390761186,5930.39242699352
4154.90316553021,5793.71207819906
3317.11118713804,5254.60630610861
8423.38802958152,2973.15274257087
4122.4090783141,4630.70748462327
7941.2908342992,3986.6329705022
3753.03894004105,5087.97554267462
4039.88183837358,3861.1485602133
4313.4220681601,4995.4535449848
4256.30100649151,6149.70630341123
3066.68844376219,972.334255521146
2785.45486852159,435.331157599412
4027.12251445774,4295.911416046
4359.60901337093,4022.03948645748
3702.11207886494,3747.71256461788
3638.95741566928,5515.57734481575
4280.31135770655,6408.57490580573
4273.56556147591,6737.34613275338
3388.47891333875,4925.72090824294
3986.93941546294,4280.79434078922
4942.41384615634,6356.63052094715
4555.3447736057,4965.16188615696
4367.31630235694,4885.88160068159
4413.4049015898,7103.85423094974
3698.98104214575,2119.31263504848
4039.3970876139,5451.41455745241
3339.20732281191,5804.05554051672
4214.52431189117,4579.67223855635
3971.01172846145,4414.63310229066
4803.06197579175,4587.17411358098
3725.02598637409,4528.6945008037
3541.61284839314,998.022289221135
3746.36688542537,4022.20989712401
1874.54851789654,4605.92858971494
4281.04980794658,5025.46062222809
4257.90841273718,5505.23430535334
3692.36493511,4471.29443748461
4216.60353772208,5523.13630529939
4364.98095230521,5391.68413883989
3248.66552663157,896.236590099484
3171.82405774641,3739.81278280117
4408.69544801627,5578.60392011712
4726.41684633927,6191.25014049314
4085.94969128197,6359.92667763601
2179.41980109778,7048.329530673
4469.42090268376,5608.83849348595
3946.20171914117,5963.6389983219
4194.81132169508,4437.13830450931
5101.07434151733,6555.08706206301
4540.84931184679,5627.8200428902
4334.42806610131,6225.9741680718
4370.758464719,5549.33557099898
4118.24839523481,4698.05268061269
5186.12436587188,6564.29346660821
2943.12542175451,3940.31509762591
7897.69855013151,3476.45451476921
4385.59490545814,5149.18341753741
2723.07655950327,24.4944809792681
4237.36380054526,5612.93046375896
8514.89260059335,1590.37949175391
4077.79729710522,5685.16344360553
3760.54120421903,5174.07563765325
4334.11884744347,5493.12880520086
3034.1327871016,5411.91649407938
3716.27068125527,5210.67502827425
4519.16181789665,5374.18004568591
3803.57683432985,3810.51164379371
3709.82641670969,5911.97877219262
3502.51693336583,6372.08884039225
4038.46188540618,4766.53493437457
4121.76507616926,5162.48179235561
8458.90858932551,4816.66061879457
4838.86749274135,7041.96429056557
4129.26047532291,6025.92642264289
4152.24109417569,6668.40930959566
3771.5813134584,2002.97796670102
4244.30875993036,5774.6734433358
3496.37696253219,5107.18458820441
3690.47469290143,5261.99443307047
3629.44757750003,5992.79359937728
4042.52854601747,3745.09805059514
4413.69264395373,5305.12947446543
3585.71073907422,4851.7825531653
4299.93966885982,5571.61369994734
4240.1481452518,5137.13500284394
4080.78619379877,6208.41341231406
3529.63902506571,6758.26055351424
4248.09254231269,8785.1647696284
3770.41054859199,2306.62990026254
3961.72323331745,4205.26478139853
4210.93644050246,5157.87859008301
3090.68861017901,3555.50751554667
4336.84066531461,5313.42716307421
3857.32880927051,1200.91151622925
3524.80685371046,781.720622190609
3460.70211492513,4469.47573704602
4856.51987735855,6949.32854481298
3475.30827176282,6015.18547638841
3750.88604083565,5361.16582959701
1800.70829898912,40.0663783539736
3467.27396546032,2478.31864679258
3949.06995022428,7911.09251829415
4423.51684808892,3287.60270784587
1726.21248588523,573.659611166758
3460.67943573859,2306.74364832531
4653.59862747426,4746.24633938658
5228.18054036092,5445.21972801152
3495.24058641069,4405.31252682744
4599.84942138597,3458.09794542733
4168.9846643559,4811.71617233365
3043.38652226823,6441.99188780065
3990.51163888637,3738.78989594673
7415.20064647147,1094.01106569397
4375.38335770341,7330.78373045485
2172.4150954724,2065.54976117894
3880.65951302758,873.731229310113
4502.31811121785,5176.97388755004
3142.46384975068,3199.85453452281
3723.14663440232,4147.58055935014
4744.37216837539,5516.60065452544
4495.22894673597,6825.32201362961
4689.77726214676,6515.70232389749
7983.95517643548,6726.77559716543
4228.37728180327,3996.06729402819
3430.38125473246,5493.52671199293
3241.58350337261,4588.65199268651
3638.14705944653,4860.25065244061
3641.32145350244,5402.70966667893
4353.53872805988,5390.66125198545
3253.3509980021,6595.83508556078
3058.45997275792,2611.53221680403
4310.18247171174,5056.26351305552
3415.29662563209,6230.52070774063
6744.57458131608,217.267756661272
4921.62796088958,4662.8740836382
4120.40783864112,4669.35264895314
4517.53417444326,5747.67836405206
4437.79770154098,2772.0818988599
827.947424638816,5498.35741039107
3506.68921058963,2531.2859185056
3736.92161494892,7588.28820180661
3504.67939471803,2301.34463246856
3400.79598688172,3122.33607545464
3860.26340779442,5484.49071811426
4697.71244585502,3820.22970319375
3509.74800395655,5871.45782196515
3731.23940527185,6330.54458045509
4145.772441077,4968.57179090859
145.526007417126,2276.90698174855
3574.51836114981,5729.83302670977
4229.53965424005,5101.50141361836
4456.57816788017,4767.50115862525
4064.01318805096,6219.15435856854
4449.14638122449,5174.07563765325
4611.2499642572,7139.88572696739
3762.35421201097,4154.62786497894
4038.59323688404,4823.8783350899
4034.88802660737,5207.72011577371
4341.92095751713,7810.89781205792
4524.6780424422,110.139915714259
4338.15899932701,6307.35731271506
4727.79710247993,6830.60728142358
3773.76370999961,5137.70332030254
3488.27153663532,6546.95978412076
4865.14317651585,6026.72223622704
3863.88602061002,5945.56658770932
4861.25599017816,2967.63997865135
4155.4500139611,1903.06784204934
3309.70926914967,4090.91922415619
3446.40310646456,3791.24551280491
5065.73773195212,2676.88872454359
4350.62879917048,5540.98121978643
3968.48810370078,5053.42192576249
3359.1382365386,2742.18835825176
4758.50621417507,7256.5041311889
3683.01709632906,5367.41732164167
3746.61678087897,2476.7841050833
4108.20862713521,5016.3104574314
3252.5383409103,899.305462090424
4538.40079938784,3300.73088342517
8042.63312712193,2076.40466692382
3960.20733431209,4513.06577069206
3714.48174014048,3479.7508828857
4703.55102846316,6125.21156723221
4238.42772679706,5408.67699999428
1734.14108042176,1803.32812806419
3706.43368547533,6656.4179803612
2199.17381292333,404.187366153558
4270.72703196315,6574.75067698864
4192.46857611041,9315.57494631799
4421.5914309456,5505.17721989433
3932.45880502362,1398.45870712582
2784.99609264999,5562.69103127619
2968.54571891192,542.458972117971
4542.85175515128,3257.31126044566
4119.03456828136,5356.67595253193
4348.61884197749,6327.76007862107
4273.86895525324,5686.98214404412
4270.23624620496,5216.3582028603
3821.83576566599,6501.15356609931
3837.96202446674,6742.80223406914
3435.743846698,4618.20450053396
3047.38645375076,2827.26556637595
4571.20712459544,7671.14837984489
4011.05496970407,6358.7900427188
2265.95704942803,2967.24207185928
4361.94258873828,7562.31558652206
3731.22553717358,1493.36772271283
3959.81817219743,6120.04004750101
4521.79715818277,2634.6628219403
3936.11955599183,2956.33050351064
3030.24821259546,2755.43028189383
4723.03202607144,6590.89106195511
3426.79521531482,1199.66123896308
4136.22424631835,2093.34044261919
4129.65423074973,1731.83366491513
4736.31208468326,5300.01461733798
4534.9977213401,6849.24800949477
4384.09715745057,5750.17913001203
7510.31591467693,1189.26100832785
3718.66481592676,4439.12741561442
4660.62049714792,5019.94785830857
3332.77114776315,4023.17612137469
4382.08501498557,6747.34877373798
4234.36516813184,4796.65575968063
3514.58640279163,3848.81598679053
4254.75537051376,4807.45379139412
4225.02698353413,2505.88204353492
3836.55516044571,4895.65674554064
4523.67640221391,5599.68832868926
3629.57472289491,6633.57153395424
4298.65855367245,5036.03115781603
5283.20697702624,7098.22771896745
4674.22076547352,6237.68176143221
2428.39595322545,4316.59834068132
2849.51500578051,2771.17254864061
3512.54699325334,4162.64097200317
3954.26469126074,285.409017305147
3277.81332690302,5125.42740948353
4367.71518478491,5956.42128202657
4420.73820558683,4397.18567174044
3480.57619995525,4001.69338315523
3779.02987255883,355.766713394735
4518.78116665402,4859.05735491964
4370.87837720831,6708.81693461562
7764.93821331529,421.464201038073
2772.7344649669,476.249988190508
3520.92192303427,5749.66747515718
4218.99897793935,5642.19881287711
2951.74659761941,5121.16502854399
2945.29568099858,3850.12345522952
3680.74654916303,1871.1283163047
3235.09029490474,1685.28850734092
4301.24466442043,5173.16607600633
4240.93806599517,6918.69648750734
4195.28511864894,5466.5316327092
4762.83254974094,5471.81690050318
4396.34812203072,6284.05629691226
4126.28533499889,2523.44301072028
4681.37299908374,5531.43357105292
4388.88217730473,5401.80052788726
4607.20880071459,4815.12607708528
2064.35300436156,3238.32949961378
5415.47938512293,3800.9639950602
4283.91348124884,5810.7616019572
4582.8048836732,6406.86995342992
2776.27919368525,1213.3008579696
3501.10613827653,1575.83062824191
4409.21608456361,5544.95944199667
9311.3538428329,1835.15390574606
3841.30952160539,4976.52823532906
3002.40676247151,1978.42656791824
4441.47858264946,5336.27318662592
4090.22850604498,6866.46794391945
3563.65329273496,2589.14055122053
4464.26376451717,7484.91108694429
9464.86374261397,891.917335128562
2076.1525883574,581.616055587226
4583.29550900036,6764.62537076641
4031.86958282945,4658.27045851035
5236.71152210767,4249.13897377388
4542.06032651962,6462.96254831001
3830.19524865542,3378.59037525403
8379.99263372301,2634.83323260683
3840.77120114054,4067.84570447893
8109.79841286026,5377.19204364547
2359.30510964952,2415.74685231467
5101.77330190804,5648.10906073345
4078.4065706257,5748.4170921772
4142.07025526206,4205.89018431615
3485.70368648992,368.838014942646
3031.34857592044,1023.76698552488
3894.91250158544,4753.06614888984
4234.54953991313,8603.35984547861
4035.45313729595,1446.19737364862
6996.72273813975,152.706890720917
4438.8336840252,4715.32970049637
4606.51007255018,5569.17001944639
4524.67179969818,5510.00791829247
4973.43000438107,6479.3870920058
4124.65558963008,5360.59751213841
4694.47430433072,5668.96639603529
5023.24598702736,2835.79032825503
3617.16686150516,6524.96623675695
3065.41131198754,4992.83903096207
4058.26186590094,6422.95325293738
4446.50239207579,4647.52951225587
3318.75254985929,5270.74626821983
4346.2207604289,4723.22948231308
3427.68831625492,4133.88427773986
3664.92663376105,3150.01300883212
4173.87135114665,4337.39859052416
4403.24816427363,4697.76852188338
4643.90541942898,5217.32442711098
4782.0686664932,6961.66111823576
4431.54713500152,6062.35582545261
5097.23516865598,5695.39315786042
1398.49166352045,2273.32666633039
4320.53341865969,3763.45504279228
3998.817050079,6004.84201407075
4495.43346384214,2821.52551775852
1618.57552076417,1938.18977642007
4701.56223450307,5455.27903159987
2169.5461206237,274.213158084941
3508.64332205156,1309.34650847382
4106.47495606061,6139.8174104894
3467.01772474912,3740.94941771838
3800.46161823975,5502.67687678962
3378.38079129882,4527.15995909441
3796.70393388161,3350.91323044893
3645.26556488652,5862.93306008607
4257.45588080188,5887.31404820232
8056.71934852548,2323.96358274998
4266.7959779825,3452.18748614336
3604.0971381992,5477.04550569339
4180.11330482722,2838.57504151667
3725.51574107056,1389.30875375675
4540.94092629424,6217.27899552619
3887.19371287066,3501.11945018714
2767.53594351331,943.97525662229
4701.56929882819,4977.66487024627
5035.99139840318,7258.89157194134
4271.98818623223,5281.99886932916
4298.83984080111,2671.77386741615
4555.37825595388,5227.04290936627
4389.60887136382,6354.7551579048
3881.80422395713,8851.3170909521
3744.17708481578,2895.46366140854
3949.95678468805,4305.40240217576
3541.81765523369,3897.74837368955
7663.83468771328,1837.59758624701
3646.92990812767,4246.69529327293
4184.9733296169,4319.15576924504
8499.80481892777,5351.84525413379
3872.27645656032,6350.60652502804
3587.14980664874,7906.09098637423
7934.49762049258,2786.46045741918
8519.09845847296,2865.51324676901
4962.7065435999,4475.72722909067
2689.47535999542,1632.94642711789
2977.46081439865,3927.8121135366
3964.08848340249,4863.83096785877
3500.57230046154,844.917502444704
3291.22499456905,1878.28915856865
3509.75310522734,3883.82459595374
4524.34424750995,6064.85616855732
3838.82239677189,2906.88688461202
4707.09350061552,6424.9423640425
3652.64414109229,4195.09215260266
4072.81009186323,6486.83188157142
4321.24097841532,7229.62322282319
4176.86745098658,1487.34351536609
3189.63349185298,351.106504948485
4058.18137867508,5442.88979557334
3603.987994445,5698.23474515344
4444.57249071653,6910.85379114964
4783.27750447174,6447.50465172016
3218.51371846904,4852.52170414568
3617.42046481184,833.38068974917
4603.01063259328,2881.0284402455
2290.69053252006,5390.37709325615
4153.78279389244,4965.67354101181
1978.94547860561,462.667243215377
4324.96021516056,5780.75452471392
4217.02268560026,2723.09306078474
4047.40674303696,5730.34468156462
4515.99808787543,2759.8630734999
4922.72269293267,5777.00337577397
4106.8063925129,6007.85401203031
4258.78512803465,5054.84271940901
3804.89943728048,5262.164843737
5133.16265623972,6877.15222757017
4935.58849059765,3576.81942024435
3447.26558300608,5647.88198746316
3687.15780439687,5572.35242807247
8630.83328430733,2642.67614039215
7886.97650180227,2738.03972537499
3905.34618011536,4847.23601349646
4168.51861962492,100.76267764728
4202.5881832637,5357.016773865
3916.13514445358,5662.2032491358
4120.29223655261,4133.54303355155
4166.22321118839,6656.36089490219
3785.50783036234,5284.21547655982
4996.86757721816,4494.0271358288
3669.61470446609,2694.16553299965
3971.15406596765,5900.66950847954
3669.34276313673,2722.01308847129
8202.38089980876,1810.60250696328
5061.01039054681,5979.38147649631
4292.86443144911,4920.77646178202
4607.72800105997,5788.02890361301
3691.94676645866,4397.07192367766
3865.38406308824,7120.1646037275
7481.71780793091,526.943937212203
8468.2358107475,2438.42267662747
4434.04919811427,4807.22671812383
3729.08139167328,5617.4770034278
4163.21777144636,5544.78903133014
4094.91113470526,1783.94846044024
4706.72145087125,6412.32563189042
3305.9784643259,3863.47891550673
7677.4035443581,1948.30574261219
3759.54267353967,3584.20754720621
4383.423819654,6178.5767457373
3284.50448954401,1678.80973059835
4168.59729456034,5014.88966378488
3478.09924726562,729.264952475526
3392.3872967324,1871.92391846122
4191.38840623814,3960.20620867708
5027.39189553369,6707.9073729687
3704.15665200422,4783.12988873688
3348.97168807356,7071.80095714233
3901.74667529416,4808.02210885272
3917.04887713817,4381.5569416288
4113.77420334989,6744.90509323703
4400.7157483457,6541.56076826401
4483.53175117532,6734.04997606452
3825.48796367517,6914.83201335987
4286.36558778166,4748.34877569921
4041.75853874325,4629.74126037259
8425.33588592194,1739.73334101802
4257.00579043354,6507.63255426951
3672.91346747018,2553.56383602634
4360.75773096976,4346.54875532085
4003.76539735308,7255.02667493863
3796.80539783848,5991.37280573077
3722.87494352947,6341.51344569036
3601.72151805111,6368.79268370339
7976.63782098875,5355.6530656775
3913.35847262654,4457.71148108185
3504.08572371486,4056.87726209891
8277.88883209983,1537.18504105678
3424.71756863424,5173.33690952812
4738.9130531614,6927.10750132364
3333.14048428492,3465.37232432642
3785.78877752832,4296.53681896362
3701.28455229528,2312.25641224483
8199.09986960091,3743.56393174111
3460.28343605552,1770.87715889233
6763.89916347734,1953.2501890731
4409.72490550426,4453.96075499716
4302.67820628382,6397.60604057046
3120.17625744331,7438.25239273493
3748.74071132626,3541.46998974808
4030.01714553657,1423.80570806512
3691.19542876488,3081.75803976815
4349.57041522104,5793.37125686599
3744.94503126045,6441.36648488303
3753.43701361136,5264.26770290489
2522.43416654786,6409.42738199364
4503.96616668469,5981.71140893449
3914.15335660232,4288.86453327246
3737.81783735898,2206.26520621502
4288.20350344039,1600.32504727949
3466.11650933189,2018.54982278127
4036.64563870746,4617.97700440842
4820.85504936513,6157.88982110199
4396.30092793071,6272.12163028156
3623.7281512117,1738.31254737151
4237.18057892467,6449.49376282528
3457.35044556896,3548.23313664758
2702.29117240485,2943.25920196273
1859.11581835746,1556.73511934726
3312.9594739209,5726.48020741715
3797.25164611319,4266.64306692785
4071.1273189448,4558.36033385867
4612.05241745604,4915.32078332152
3600.70856505307,5580.649693826
4362.72025744173,5657.42963619667
2048.25824717331,4709.07820845172
5041.7499131252,6342.87715387786
3677.76363373834,6067.69775585035
4213.55956650088,4331.60166787534
3748.34309762452,5031.99627300204
3558.97723739862,7572.65947169497
3348.83967349351,2791.00699708802
4529.90656167386,4398.03814792834
4151.67338135704,4809.10208116617
4690.03029320978,5066.89071124723
4451.37074582278,4775.34385498295
3889.8511498747,5662.2032491358
4184.72330379196,5210.27754433743
3767.68081125254,5130.25810788167
4762.50220123964,6710.69229765796
1887.16431561407,327.634999193795
8809.81255503031,1328.0442162902
3306.79960477904,5183.11163153192
3941.0557657122,5308.88062340537
4396.48548258318,6355.60763409271
4194.6135470676,4735.84579160991
4831.33584971549,6089.46465279912
3220.08459508939,5355.31182148918
4124.40895097613,5056.49058632581
4459.60546402336,4469.75989577533
7069.27116674269,1826.11748901215
3774.42546800235,4305.28865411298
3742.17870656516,4568.02173065495
4355.07273792685,5071.89224316715
3868.20929149246,4860.64855923268
4407.76022712959,6574.46651825933
4037.89522990857,6310.76721746669
8098.85648728442,1024.05114425419
4452.79386465484,6371.2930268081
4295.76958520421,5168.73328440026
3717.25261671502,4062.39002601843
2842.6445341405,2869.20731024994
3866.06485915868,3781.35704273833
4306.36492298127,5900.55576041677
4234.88586079184,4492.43550866051
3735.36851985892,4365.47364212134
4409.20779758472,5987.28083545776
4309.50816482969,5653.33766592366
5230.73846342769,4351.2086201972
3909.46252323705,5712.78350295163
4061.49752556825,1992.40721968545
3866.3513623763,3293.39941906707
1852.93054863653,660.328023603996
4168.52627628932,4334.78449935668
4344.57920993256,6520.47635969187
3891.97596282409,4800.91814062016
8961.60129263178,2284.29510871042
3864.29872956271,3597.90382881649
4051.77834042459,5550.41554331243
4133.84333676769,6885.79073751201
4689.25099225924,5883.44957405486
3701.41221798799,4774.49137879504
4163.21546033479,3995.10106977751
4122.14343119439,3422.63497829591
4537.0146998564,5041.65766979832
3618.43215129046,4996.36268377647
4529.66131043451,5051.5461398649
3980.62063034665,4028.29097850214
3909.70545709792,5526.31871392548
3441.37135258936,1193.01194584017
3348.05964095119,703.633792806922
3908.81415341353,5532.00188851153
3950.50238293864,5089.5100843839
4622.33855084351,4960.33118775882
3635.79638939676,4661.68036326198
4106.10010173493,5059.90049107744
3969.27133014035,5844.57649074419
4038.45133397489,5389.35420640171
4423.65368546466,4745.33677773966
3987.05694555236,3895.13385966682
4509.09583702583,3377.39686630544
4198.78980147654,5340.08099816962
8431.82487256012,579.399606927286
2329.18168680227,432.375901528977
3918.79405074601,719.433039298899
4045.67356228862,5628.84335259989
7489.9729524741,3322.32694685215
3533.39096926559,2519.86269530212
4281.71772265936,6766.61448187153
4313.27347354638,5335.93236529286
3633.20814597159,1172.8366760597
3520.46442467483,6217.96106104757
4557.06838764911,4813.13696598017
4438.2928053418,6631.86658157842
4233.37979773965,2039.12299935381
4065.32658971252,2958.60377334506
3471.24016249386,4807.85169818619
3924.77571957259,5335.13655170871
4131.07166778649,4374.33922533347
4345.11912496582,3073.06286722255
2447.66783318427,1730.92442040965
4957.98608993625,3561.75900759132
4466.31591322198,5993.9873197535
3967.78949900602,3514.24762576643
3342.3712727591,4412.92814991484
4312.39559190914,5367.3035735789
4555.02438524236,3738.73323334297
4524.85945967995,6152.54789070425
4068.50369594276,5108.83287797647
3888.69217506763,2445.24248613073
7017.47496195183,2354.8233476088
4235.84997707281,3541.24270505016
3832.91743706127,4551.19970302235
4737.00784425046,5124.51827069186
4142.4761616139,6222.96217011224
4015.90125430311,5610.37303519524
3925.65917769638,4130.87227978031
4230.09765989346,5212.039159317
3490.90318775126,4510.96291152418
3449.18178335849,7406.42661505306
4218.80685472267,5273.8153516384
6458.3259082629,6301.10582067041
4792.33663235186,6133.16801165268
3443.76421954387,502.847266395977
1873.79349387234,2784.86904167851
4206.0739694288,6652.95099015056
4324.28613743708,4688.73252800472
3838.93984904399,3215.59680126959
2817.3495368938,3142.62488187025
4423.11563910114,6605.38315714954
3654.50549700518,5039.1002412346
4580.87728718261,6606.06479981566
3385.07083471359,3668.77310047556
3447.55396232725,5940.33798251911
4173.70712041515,6462.05340951835
4141.58538363867,7730.59506258336
4270.85322293207,5553.48420387574
8367.77159627911,2942.57713644135
4006.89736528083,3539.31046797643
2662.23025426471,2178.53118737853
3823.83698996589,6875.84518198643
3793.5395498838,3036.74742390322
3712.49906691985,4176.84890846829
4844.88434012353,5094.51119344857
3984.19599287074,6629.70705980677
4373.38185532323,5184.6461732412
3348.93971161449,4162.92513073247
3585.56300306633,5721.0241061014
3271.18637882721,91.8400948686066
3622.73823602126,7011.38889586368
3746.94376930302,6679.1506787054
3235.96052554064,857.250023010573
4405.18222852213,4393.94617765534
3506.06205666053,3971.11798845334
4619.34376548589,9026.30135988813
3995.02846102078,4583.76420882935
3916.42303855183,5366.33734932822
8775.83799347282,1997.1810440522
4285.72791660515,30.4049815576914
8309.77139988497,2221.32561886805
4206.91905328597,5059.38925907784
7741.88470825396,8297.09339789436
1970.63879683077,25.460620989252
2649.55218848182,2915.29789842832
4067.47066220957,4073.07430966915
5000.25340325322,6432.67131233743
2383.48994577045,1806.73803281582
4576.52258953187,4176.56474973899
2924.999677159,3148.59221518561
4191.97009151754,5572.92074553108
3769.52954622484,2686.15242597542
3633.46825895178,6782.41404550495
3800.95211362772,5246.82027235467
4575.63340451029,3768.45615185695
4927.24535443105,6207.27677739685
3456.13819761809,2428.76127983119
3734.77575860843,5620.14775719904
3924.70450268193,5052.85360830389
3583.43029945974,5749.43997903164
7292.54932728283,776.207963984904
7885.14342194651,2240.70507506438
7380.73421013757,1613.33958050983
3542.42348775817,1580.77496898901
3074.16764100283,1345.32102474626
4007.32271548309,6065.19741274564
4994.06826096786,5857.81820295863
1846.05297889184,729.946912283089
3611.72800534458,5280.29391695334
3567.32979829035,5551.72258889617
3479.97185495765,6011.71848617777
3215.89875587468,4625.36513137028
4352.13303036469,5068.53900101928
3811.72335852543,4900.37369587601
3781.07150467116,5121.62002079507
3441.24430663926,1091.90831223989
3476.67629071464,2277.07739241508
3478.43136331041,5212.20956998353
2996.24350958664,2507.4165852442
4042.48065398677,5212.77788744214
4423.31184195206,4754.42985707734
4552.57898121025,4364.62116593343
3813.57767585999,5119.68757229372
3488.970975096,3381.14780381776
3817.94821509395,2281.39664738601
3828.13344390566,3232.70319905912
4066.10399765259,6859.36397568689
3699.79322130762,1725.46853052152
3145.61318504082,1141.40869945609
4033.53160417841,3578.80853134947
3707.68384080998,1261.83523236274
2088.5478187975,317.291616161497
3551.31612921442,4342.34303698507
4923.55002068515,5073.82426881326
2671.20117118002,4649.80278209029
4114.30890729432,5242.84205014444
4331.88147625835,4687.14132369168
8869.0685051382,4819.78636481689
2793.41039460463,2188.47674290412
4619.66933814671,4694.01779579869
3957.4027244546,5742.16560013255
3136.19810093644,2913.87710478181
4955.96403817081,1400.39094419955
4093.07432765429,4717.03465287219
3893.52028217968,5706.75950703252
3649.91625660132,4653.55350817498
3758.58891688568,5246.93402041744
4306.17038875413,4913.21792415363
4712.42197419313,5251.0255678352
8515.79680191129,8807.04499178468
5122.75282778187,5721.0241061014
3669.64415416452,2725.195708525
3570.09870027115,6254.73128519035
4009.15078826696,4510.79250085764
4240.62608384284,5061.8329395788
4344.49169930492,5633.84446166457
4345.2136749645,4995.1693862555
3667.07363042763,4232.03278741197
4057.76639423687,2244.74017130599
3175.69038246361,5162.08388556354
4058.80062303874,5059.10510034854
4620.24884475124,3619.84113643179
6564.92340083849,3425.30594349478
3572.6310611644,3076.47277197418
4362.38766480097,7133.40673879719
4320.5022720935,6375.83956647694
4339.15869009663,6723.53610308033
3758.14624686192,4635.70859368794
4223.28789414304,6400.67512398902
3662.76495482974,2212.80085698898
3164.53442447709,2087.42998333523
4257.22698525913,6824.35578937893
3974.24522374359,4563.75934971541
4075.38090573851,7084.47477475342
4023.55178897343,3037.82718478905
3757.1232511379,5733.75458631625
4740.24756996717,5273.58785551286
4251.04347877295,4274.20160455625
3622.72374251756,5765.92118533118
2938.24616499907,5390.09293452685
3039.4750366829,6583.27543886771
3714.49983405857,6344.46835819091
3336.0373983323,4011.01395861845
4854.96916375271,6976.83527895156
3671.65654280434,4679.18487927121
1466.98372863938,2085.44087223011
4591.89698793671,4992.04364023317
4644.08243816309,3638.02729510714
4097.83040027623,2724.11594763918
3705.72934977881,4892.87224370663
4470.10787282255,2971.95923362227
1634.04458213848,3231.96447093399
7944.83542124025,7701.21254254719
3738.34985774494,3665.07903699463
7919.18866023701,1221.99613622901
3935.24532983466,4128.20110315382
3527.1605514438,1940.57679431726
4429.55498520138,6375.72581841417
4268.17683457886,3655.70179892765
3680.77642139226,5613.9533506134
4604.71131305516,6574.97817311418
4291.93187595959,4267.89344990784
2945.74925505305,893.736035567147
4112.33503513561,4309.32396178223
1094.16118804602,1383.62557917071
4321.47079541456,5812.86446112509
4447.92208247838,5094.1132866565
3895.89083734581,4822.11672011033
2948.54557474885,6660.2257919049
4256.6625174166,6833.73302744591
795.759301089476,2283.72679125181
4767.41244152745,6480.29623079746
2336.16182985047,1241.20528747262
3964.58232146949,4120.98338685848
3981.04981384437,3920.93564142958
4242.3119238901,4989.25871554391
4177.40890958175,5419.87293849984
2714.42586029339,2304.07247169881
4054.5539643247,4235.84017610042
4473.19929652828,5639.35722558408
4474.31948368195,5221.24598671745
3997.31144894085,5308.70978988359
4202.55777611721,4768.18322414662
3904.92249409895,5529.21696382226
3981.13146608886,5615.43080686367
3735.26157917649,4080.91700602684
4328.33373992185,6683.98137710354
3150.96607366792,6588.95861345376
3324.92286360362,1798.38368160328
1598.59097836246,1411.58688270511
4332.23111378385,5102.58138593181
4154.70721668778,5529.84236673988
2906.21944812822,2083.62217179152
4289.218032409,6426.30607223
3622.82804932856,5270.46210949053
3732.15555209469,1095.09082657979
7169.85933013664,1117.08479679885
3992.2022082209,5296.54804998259
7284.08760816062,2595.73307602587
3001.28194121292,1008.02461306429
4517.73180540072,2626.76325155122
3579.70711124855,2212.80085698898
1038.52605275322,5256.93623854679
2782.72166387968,5448.34547403385
3838.30670239428,5497.10702741109
3668.43690662089,3442.81024807638
3824.54348787195,5261.48277821562
4205.36685963452,5305.64112932027
2933.23194198653,5260.28948069466
4356.23433750504,5432.77382938122
4792.85913540669,6507.51880620673
4250.17469807605,3535.3322457662
4136.24725357546,5110.70824101881
4069.02140954623,4026.30186739702
4314.57083053479,2657.90696371171
4043.90950914728,5036.76988594117
3484.71776596464,426.294899436214
4191.97475100195,5233.86271886953
7186.52220414517,2286.90941130552
5031.79617853954,8136.03206098365
1498.75862150844,977.505986679976
4718.92829583528,6596.63089914492
3637.61541443279,6294.28601116715
3990.02323742864,4952.71598752667
3569.42942523695,2157.38990477501
4433.89990633159,5702.26962996744
4177.50926891392,3996.35145275749
4305.82155751293,4081.14450215239
4544.59056672653,4958.73998344578
4881.71613821386,3504.47269233501
3136.68538893599,4578.36519297261
4664.03611736751,4860.08024177408
4076.49058979113,3610.6909716351
3104.76804831814,4017.03795453756
3875.25450634519,5295.97973252399
4161.36835884327,6119.69880331269
4195.52164567908,5383.27312502359
3536.09606286953,4433.3304929656
7525.76010742912,376.623969411223
3600.52715609707,4163.60719625385
3877.50310294582,4442.31024709576
4116.68444887458,7273.83781367635
4272.94544051322,4359.84713013905
3869.91482587542,2334.42058170279
4298.26239647741,6244.9561403313
3672.73473150693,5103.20636599418
3899.86455939917,1789.68850905768
4084.79827811629,4861.50103542059
3554.13674307129,3092.66981954441
1909.85500598127,1065.87935149303
3685.88674836097,5556.72369796084
4634.36957303757,5888.16652439023
4443.33943495108,3392.85497432291
2911.03746127187,4575.5806911386
8291.29576496312,4853.54459100012
2681.58106146038,875.890803938668
3865.65125696131,2624.54664432056
4650.08619899077,5737.78947113024
4581.19709181388,5780.18620725531
4284.44828234229,5856.34074670836
6206.06116004888,3324.99791205102
3701.54386145646,7143.18146080099
3744.16623682775,5058.19553870162
3194.96612806315,2617.442676088
3691.06994642204,3652.29189417602
4948.21362918703,4076.02964502494
4763.2383188109,6495.24331824297
3976.37902542516,4105.12716062131
4325.04177879189,4779.49291071496
7296.06719425655,4037.38405783981
3260.43447637154,2450.52796535233
3593.95965563147,6421.98702868671
4368.36435167467,5926.07338345022
4143.22508904894,4770.00192458521
3988.37994695024,4774.77553752434
5341.8294510353,4978.11986249735
4952.26079768229,4822.96919629823
4357.20796012091,4583.76420882935
4421.46877287965,4292.44484869061
4305.36904625572,4037.6111311101
3358.0017402207,2398.01547446277
3673.7779137763,5063.1966477663
3977.81407208563,6608.73597644216
4871.6922388206,4543.35700666465
4686.58476832706,6889.76895972225
3241.34163118872,4431.79637411157
4762.78650486596,4676.51370264471
3498.08162532481,3525.78459703269
3302.04116620613,4476.46595721581
3936.15356996468,999.49985118522
3513.01395016528,1908.58039454123
1736.28495617508,1928.58525365517
4084.21963129696,5838.89331615814
3681.84039015843,2094.70436223432
4856.67123029851,7496.22077351262
4166.36222622382,4859.73899758576
7934.93751904252,2883.52899477783
3915.13488267217,6299.57127896112
3593.91685377871,4414.63310229066
1701.00753911172,4384.56893958836
3849.56283972517,4099.84189282733
4257.64688841181,5744.8934393628
2747.7958666653,339.455997047085
4036.79400173989,3958.78541503056
2496.26953048319,1384.98960449964
4058.06999954561,5097.18237007507
4226.45426879022,2017.41318786406
3500.32894422142,6174.03020606847
6662.03029262542,2591.58423172148
3568.60588748477,6177.04220402802
3988.19832519773,4934.01817399647
3259.17709686739,3189.62482026792
8860.76760890266,619.011365506187
4069.41685931003,4492.60634218229
4795.61345993688,4846.44062276756
4855.01750211279,4147.92180353845
4180.81666767998,2688.02778901777
3680.26450254595,2718.43277305313
7471.19774781096,5782.68655036002
4527.63672692056,4966.69642786624
4491.49087058535,5975.06201009776
4548.39303224384,5183.62328638676
4909.61021978146,6216.54026740106
3881.85033354048,4665.99982966052
4114.82992595961,6346.91246154711
4337.61789346566,1413.57599381023
5458.66920036307,7909.61506204388
3210.5795238509,6297.35509458572
4531.91153391901,3047.82961434602
4694.9923240301,122.245085511079
4415.14459815541,5280.80557180819
3189.14912200062,4649.34821269445
4187.73703889578,4441.62818157439
4608.4886079305,8128.81476754357
3572.86416405711,5284.44297268536
3561.62953231958,3976.46034170632
2498.57984810013,289.728219419162
4241.40598456672,6650.10940285754
4252.29031883285,5044.44217163234
5103.94631073721,6011.32100224095
4204.86242116115,6147.88760297264
3845.98407326042,4762.61379762335
4263.65662059824,3934.06360558125
4708.14257053646,6039.73687517119
4198.17487635895,4628.66128805914
3795.89197915222,1098.21657260212
3841.63698066623,2655.17912448146
3883.15471848466,5228.63411367932
3456.1221037901,2203.87818831783
3555.76558357411,4692.82449827772
3770.46142326375,3858.47738358681
7952.48706324656,5644.35833464875
4743.80320206143,6021.77778976613
1529.3594192334,1323.09976982929
4398.51140399619,6199.94531303874
3638.69569524644,313.256572776784
3711.87593793029,5444.87890667846
4218.58566544654,6199.54740624667
3404.55260427984,2701.09909056568
4316.3657191589,6878.80051734223
4921.4424805291,5677.88906470644
3972.58216548277,6413.97392166248
1612.39098530023,4653.04227617539
4160.36754655333,4433.61465169491
3831.60510580721,1331.5108893594
4268.48465961898,6581.05883163705
4107.33297081936,6742.91598213191
3651.03215552025,3215.71054933236
4364.10396023932,5137.98747903184
4170.86365674875,3301.75377027961
3808.30394319794,5447.49299784594
3826.2895415379,145.432432536465
3351.68596355891,4492.54925672328
3180.08450781769,5592.64144591571
4082.69049248977,5011.76391776256
4437.09635295671,4531.70649876325
4018.69973158255,3989.588305858
4122.93267518326,1514.3954686812
3712.096592575,4874.79941023879
3871.39934425437,4946.86240227409
3978.2897029315,5445.10597994875
4044.08868008592,5659.98706476039
4249.8708160345,3318.00769188123
3959.74446286547,5572.40909067623
3250.62984542318,3599.77961471409
4986.89847901263,6297.07093585641
8494.76134078178,2775.71908830944
3698.85200468216,2137.72607842175
4021.05567585283,5052.17154278251
4664.72292553027,3306.98237546982
3959.98856175622,6927.1641639274
4153.53538771404,6108.16204347406
7225.59479302758,5924.53884174094
3864.36824157002,4465.95208423162
3743.03188258538,2425.06721635026
4364.34306428559,5526.88703138408
3809.72595730851,1281.61259535114
4244.95728247413,4346.26459659154
4178.00978860749,5740.91521715257
2496.51661491545,1025.92661301035
4104.76020307356,2802.82791565595
3646.00953725682,4223.7921842622
3343.96613644492,2866.25218632177
2832.13412941668,2130.67898422058
3700.4933445702,2239.96634693924
3758.06354417576,2268.95053732809
4742.27073770834,5416.34928568544
4399.48881743339,3663.99948753643
3966.97830655253,6614.76039521652
3875.58230362195,8084.82682710545
4181.5292442406,6032.46207341685
3654.72142373051,1030.81418543987
3604.27461427382,3593.58478527319
4724.78347629842,4192.93220797576
3526.80435795581,1400.95926165815
4435.28972382825,4808.07919431173
4488.44031165117,6486.15023890529
3264.64080860351,7377.27159114243
3809.90192311852,5016.53795355694
3852.60148442458,5185.21449069981
3828.95960604392,3710.43068562025
3412.3944864345,3296.35475442286
4362.28671978833,5785.24397892374
3998.21164154778,5353.55020650961
3746.05171583736,5283.47674843468
3377.65794378663,3148.87637391491
4621.53162288284,4280.7372553302
1875.04690024071,147.478378030288
4527.88978567932,6018.59538114004
8150.2659980296,8600.17743685252
3756.61891863345,4414.17853289482
3912.7923569259,5560.5881721083
3804.31951141931,5511.20163866869
2789.92859852506,2791.51844051524
4324.3154557407,2959.22896483505
3522.73366661381,5502.73353939338
4231.98340787803,6742.063505944
5086.81027569712,6111.45820016292
4363.59872123592,4672.64922849725
4448.39135512839,5409.13156939011
3819.00855794005,2774.69620145501
2020.6114004786,1464.26988997502
4206.90679993553,5250.40058777283
3987.13266591394,5856.73865350043
2469.61115259775,592.186749745895
3674.31674338778,4593.53935368841
2061.86159416952,2060.32115598872
4435.71237066563,6441.08232615373
4336.66533704292,2488.09379165164
3272.31268049247,5575.08026730272
4359.03588746423,4304.49326338409
4033.77609751458,4629.62751230981
4468.83441125893,4850.36175951878
4090.38028399012,8634.50398049436
4705.65454985279,5103.37677666071
3628.10173002989,4708.45322838936
3631.93946039601,2256.50442727017
5439.84209774947,6519.73763156674
4553.53711959336,6570.60204411187
3625.25832293905,4938.62179912432
4999.16087601466,4283.12427322739
4663.80785220124,6951.3176559181
5389.29743863977,8806.13585299302
4362.4606765767,6565.25969085888
4813.42458695906,6219.89350954893
3796.52819378388,3740.72234444809
1644.2509700895,1270.70092128869
4394.78452630811,5303.65201821515
3899.46587876357,5066.66363797694
4952.98573261011,5933.97274241168
3989.80789501836,5792.63210588561
5182.74850734881,6783.89150175522
3305.81982899834,5286.0341769984
4062.08308818599,2666.43172559079
4103.11781090721,6343.55921939924
2681.73975260996,877.766272694826
3705.64706055161,5364.0640794938
9069.52334806828,1250.92345258648
3744.35892788184,1714.44321411011
4690.42962220302,5890.43979422465
3561.85896933197,5166.80125875416
5011.03480431058,6495.92496090909
4050.50103497105,3451.7327053199
3757.7458152338,4147.06932735055
2352.70328785877,1664.99959521149
4627.28170599496,3972.08421270402
4135.60803922329,3943.78208783655
4474.1521910546,4267.32513244923
4169.573179907,6286.32956674668
3978.86954018663,2442.17361413979
4572.33264770968,6899.31660845576
4055.66102274682,5153.90036787278
4764.07174153618,5954.20509765116
4621.99093046121,3392.79831171916
7471.40084929426,4007.71780192959
8313.84614927945,3404.73297834986
3104.88596385488,2876.42502654527
4404.46184458139,6124.18868037777
4420.55867860225,6191.64804728522
3755.29676382211,4710.15818076517
4017.64489880115,3231.85072287121
4692.08359781544,6040.07769650426
4557.91799989063,6459.49598095462
8295.85406445489,981.938883999856
3446.27124519057,548.653642988145
3944.06394727329,4754.31610901457
4232.57489076454,5511.31496387621
3007.0534737891,976.767152841027
5047.70777476273,6999.96588408783
3728.35321191093,286.318314667533
4189.70447881064,2578.45626756981
4102.01177234345,4383.31855660838
2568.24059101547,725.911868898376
3772.32305187322,6451.1987152011
4342.12105677003,6697.10934125521
3783.83986305793,3569.03338649042
4062.1846642789,4682.70810923036
4077.87758420971,5386.11471231662
4621.07074929925,5027.22223720766
4726.53682001026,7824.36744325316
2553.05788608381,1370.66802568557
8424.35116194302,3534.47976957829
4213.51493759159,8994.36225699874
3607.77976295297,1913.41109293937
1322.54976665815,1670.22809468789
4400.34148790985,5555.87122177293
3586.71095588436,3373.87321349104
4481.78582271611,5549.50598166551
2671.8783737676,2039.97547554172
4179.10094148817,4806.03299774761
3568.19081005521,1538.54896067191
4299.88610334376,6419.25918945645
3367.42352485949,3594.26685079457
4762.83151261306,5947.04404395959
4211.53899412964,1635.95853079125
4197.31583899852,6029.67757158284
4322.2029630462,4594.61932600186
3578.04045650551,4950.27230702572
4081.67344189669,5187.8856673263
4088.76914037896,5270.17795076123
3327.59603913273,4572.85242905309
2136.03364469657,1304.85684283636
4867.44324313637,5793.6554155953
4282.4329122689,5079.28037012901
3992.49041864864,5696.47313017387
3283.80177199692,4676.22954391541
4357.11918451299,5284.89754208119
3708.91171608667,5817.5247488567
4576.49210379421,6557.81490129326
2777.17943866606,1098.44396301385
4186.02574101184,5543.36823768363
4191.46518313164,3410.01824614383
3817.49785380117,4847.80433095506
3228.51135948559,3476.62513686337
4485.65732160003,562.975274659131
4498.02322368345,5660.61204482275
4033.04291604277,392.991506933352
3791.79070120415,1183.69158180457
4139.20234440996,4637.58395673028
4174.06950172417,6475.18137367002
3481.04310990015,191.466146683457
4012.48887901069,1814.29657044422
4657.20891091507,4720.27414695729
4588.72417839643,6394.19613581883
3710.11633775783,5145.94392345231
4634.76221251567,4987.72417383462
2578.14169072821,77.0070131632884
4265.37326471484,5562.06605121383
8879.26026059607,2813.79635803597
4522.85208033649,5965.17354003119
4857.41502569527,4307.5619239474
3407.106834191,5619.57943974043
4117.88654550656,2379.77244175603
4477.41055978522,5752.33865178368
7965.05266654627,1895.79325172262
3894.96288867132,6372.20258845502
4176.08660015955,2963.66175644112
4441.90032329887,6072.0172222489
4284.55641732999,4143.82983326545
4366.65175710116,6682.73099412356
4326.72780005171,5173.22316146534
5521.72640499035,6472.05562764769
5289.90289529397,3328.91926022987
4032.92808546804,6025.58560130983
8221.10609172183,507.393806064815
3295.0609090013,6974.39159845061
4549.9937650927,6337.19397929181
3502.18484400245,1277.17980374507
4357.89469944533,6688.1300099803
2367.60736665129,5011.47975903326
4453.77160625086,4725.5027521475
3653.25628600805,4485.78653267903
2778.93234564582,837.13157440458
4409.83722537392,5667.60226499254
4390.04866886803,4577.91062357677
3589.24770497196,6332.59077701921
3711.88400635342,5664.19236024091
3308.22707273906,3716.62551506114
4212.32116377821,6815.48978331154
4327.60875186408,3694.23363805001
3987.27985758163,4540.11751257955
4290.72108919985,8098.52310871573
3675.89164285224,4059.5484387254
4253.8436083093,4870.99202155034
3645.04122511504,4351.2086201972
4163.01591323934,2199.33164864899
4116.57405900428,4984.31426908299
3921.29349951486,1215.00581034541
4655.26120367242,4914.75246586291
4094.80090103504,7865.79710941705
4176.77884170978,4849.73677945642
3185.30696203003,2901.3741206925
1790.62569829376,1456.31344555455
4316.56959513372,2833.80121714991
3867.64830587093,6401.58426278069
4336.56681158566,4243.79662052089
3965.66508130605,7008.94521536273
3757.23402067477,5956.87585142241
4620.98460834255,6981.15432249486
2621.93503309455,4577.2285580554
4395.76294975884,5235.85182997465
3841.23640058815,5059.04801488953
4239.33996712547,5621.34147757526
4344.67443231114,125.086672804103
3211.95436784749,2787.71062897153
4186.25805568209,5121.96084212814
3877.59813240677,5545.24360072597
4574.94751261003,4994.99855273372
4465.86677210424,4753.29322216013
4922.68587393331,3162.45911889004
4593.78203673356,5923.45886942749
8007.01917833472,2954.73908776997
4738.49175541756,5351.33359927895
2076.61427849718,4741.01773419636
3793.11301627866,5012.21891001364
3575.64765048116,2496.50480546794
3944.06029538396,3789.42681236632
4460.77959651711,4751.47452172154
3486.79010260461,1772.97980663259
4180.10712337639,5047.73875117645
3055.97742425592,6062.86705745221
5209.76326312281,1185.68069290969
4202.62948844209,5392.5366150278
4150.04930897827,4048.35250021984
4479.21508668973,6253.42423960661
4302.30518404518,3739.75612019741
3411.40365983575,4503.17687777024
4121.3006196004,5359.06297042913
4220.02833490139,4520.85138159075
3961.91737935613,6684.09512516631
4350.83085970191,6798.04277561658
4306.24508941971,4733.45919656797
3786.30207403258,4870.99202155034
3872.06455563838,5344.91169656776
4450.17914740448,6287.92077105972
4493.41104198269,6948.02149922924
3604.16531801855,4722.66116485448
2466.65066907502,6477.90963575552
4348.93773236958,7115.2772427256
4537.81630249056,1801.79358635491
4045.40779220508,5559.79278137941
3346.06127204797,4395.99237421947
4255.7555740282,2153.98000002338
4188.33559826101,6470.52150879366
4083.18394459214,1105.26377251711
4298.46182284396,5777.51503062882
3527.31801444652,4783.58445813272
3949.74074838182,4308.98271759392
4357.94713424318,4953.51137825556
4589.91313712984,4951.35185648391
4363.9029581517,3826.93576463424
4265.64544237108,5238.97757599697
3950.22940828692,5752.16824111714
4466.90184859129,6479.6712507351
4347.91824623887,4100.12605155664
3997.74978227039,5291.03528606308
3982.50624328136,4900.99909879363
3418.15473925781,4083.19027586126
4083.05475815474,6720.46744251702
3923.09177657344,6311.44928298806
3029.95540439693,5092.52208234346
4822.68968651414,6749.39454744685
4594.50961120955,5507.62090039528
4381.00323080647,2531.91089856797
3978.43430136349,3385.41018475729
4669.82576946545,5381.90941683609
4409.29623948613,5310.18766898911
3806.62952619571,5120.36963781509
8811.53717306356,5790.24551084367
5227.50382053272,5418.73630358263
3545.04418636593,4842.46240055733
2238.08034167957,1912.38820608494
3448.27170352438,1563.27077012122
4388.66632842585,6454.83569322302
3899.22143593015,5233.97604407705
3436.66479701193,3124.60934528906
4284.21325609113,4114.44773608453
4399.76331286945,3334.14786542009
4027.40982086813,4889.51900155876
3829.68134781839,4998.40845748534
4078.12393396587,331.499552626618
4380.59608618441,5665.95439807574
4114.94647450484,5359.06297042913
3593.82978894911,2994.69193196647
4365.0462481716,4748.69001988753
4553.80322967322,3917.18491534489
4578.15746719312,6324.63433259875
3977.49050994187,5181.97499661471
3399.00736054409,158.049072188957
4868.14669581359,6627.49045257611
4709.03989337034,2995.65794478952
3989.62292887387,4725.10484535543
4293.39989945698,3249.29815342143
3092.93199848048,4425.60154467068
5026.48727906917,6430.73928669132
4549.69984596175,5428.17020425337
4338.64678521278,6589.24277218306
3179.01382472616,4231.06656316129
2631.48082932457,858.159320372959
4566.37813025323,5371.16804772636
4551.80051471311,5401.74344242825
9112.57144133313,3676.04747937466
3396.31038925958,5540.07208099477
4468.13814169072,6045.81753369406
2934.41887445023,2500.0851208861
3345.94525566955,3016.91318688344
4729.08370966132,6715.7500693264
3475.63704920131,5901.2944885419
4717.46093617945,5019.89119570481
4008.6401500329,3285.7271333759
4357.7703011866,6456.99521499466
3699.08590374317,5457.04064657945
2332.73311720137,1657.61146824962
4381.54811829907,6143.3410633038
3222.08536602304,2038.55468189521
4133.53430017492,1508.14397663655
3734.46524931593,2415.34915695022
4760.23167759501,2176.54207627341
8412.50571997127,2790.09764686872
3875.94902570787,4888.66652537085
3771.52447643356,896.293464130869
4356.91010221806,4890.93979520527
3036.17316895659,4216.63113057063
3768.7884267028,4676.74077591501
4819.77054005467,7172.96146477399
4557.18228480227,5396.17401590497
3773.55513882322,6609.70220069283
4610.99604087837,3457.0181845415
3675.50616634768,6167.94912469034
3459.74235901948,3172.8025812077
3001.6838107525,912.092604909033
8372.51391436483,1544.23213525796
3152.47441461186,2966.21918500484
4338.35170787954,6416.87217155926
4061.94658029954,3443.09440680568
3906.26445345086,4984.71217587507
2310.99475570794,3616.77205301322
4759.72298486039,7101.86511984462
3976.68856816431,5950.90851810705
4761.63416099953,5977.73318672425
4923.61707635685,9066.99356649264
4826.18884361893,5549.79014039481
7398.48718624455,1473.0788105834
8452.96029345155,5057.51347318025
4102.86356801652,5821.21881233763
2867.60931395094,872.253614489122
3874.53308844178,5642.14172741809
4025.69276908812,5864.80842312842
4231.01732561796,5501.82440060171
4293.82550940173,5454.71071414127
4030.46865273593,5297.1163674412
3706.55929892207,6637.03810130963
3409.40002580459,908.341773110529
938.776378307603,3528.45556223155
4385.09362298279,3366.59883459195
3857.90734903946,4955.38716415316
4175.81827479398,5772.85474289721
4134.78656140042,3187.57883513142
4861.15234388247,6111.57194822569
6519.26964422243,7470.0781704168
4156.32378017845,5057.05890378441
3331.87064985969,6605.04191296122
4542.23170613187,5988.98578783358
4359.83929393416,3496.8570692476
4820.3248135331,6527.80782404998
4501.81358711441,5816.21728041771
3859.99704073933,4613.43046473958
4040.14024458904,5960.96782169541
3797.69107334337,4523.23839948794
3705.27587050857,3457.35900587456
3435.80984479918,2881.5967577041
4402.1287014995,4939.53093791598
4040.17740500658,5970.00423842933
4565.5403193252,6766.33032314223
3356.77894005993,8190.93220405328
3702.10705447586,5941.92918683215
3520.62969603885,1633.79890330579
4232.2272273817,5387.6492540259
3512.51721144429,5646.85867775347
3402.35913463193,4810.23871608338
4205.14557151248,5683.57223929249
3569.83962456327,4864.79719210945
3651.34688136235,6596.63089914492
3771.52677337086,4540.00376451678
3281.64705111107,4981.70017791551
4066.81550565966,4641.44843087775
3869.70367784407,4184.35078349292
4784.12949898207,4014.13970464078
3372.94390999862,5518.41893210877
4103.61428784154,3993.62361352724
4920.7971388981,7316.46162307171
3568.38153897886,4685.20887519032
3708.3864219138,4682.87894275214
4442.27321525397,4750.1674761378
4734.55215110351,3812.15951071051
3005.60467665288,5327.46426601755
3632.5163932725,1906.30712470681
3052.0064424295,1255.46999225531
5045.18948254776,7045.48794337997
3990.82210098891,5806.21506228836
5093.70176157248,6212.61870779458
3522.7047724991,912.831438747982
4318.62497144753,4480.84208621812
3937.1277474051,6323.09979088946
3882.18578870791,4258.23205311155
3856.72191434577,4198.72913062458
4289.44719900893,5863.61512560745
4130.38236263666,6037.74776406607
4186.66668661489,2818.62705643411
4763.79526417882,4459.75725479073
4327.50472806611,4794.21207917968
4420.79617627559,5439.87779761378
3864.03578929713,3790.1088778877
4066.18856281304,5580.53636861848
4474.34372064948,5936.75766710094
4288.63634466272,3324.03189922797
3822.16341071818,5718.41001493392
4237.64239456219,6068.32315876797
4202.823635461,4186.16948393151
3844.03254061604,2209.16345611181
3172.64490920647,584.344000531292
4622.69937851435,5765.58036399812
4194.82982909946,6412.60979061973
4076.54680965642,4758.35141668381
4293.35049309961,5562.12271381758
6767.83612204121,443.855893050032
5190.20209679633,6182.21372375922
4102.32745938533,3892.69017916587
3482.63968245998,7203.53728233113
3521.1917167403,4613.31671667681
3891.09639145516,3056.9226936837
4582.13981169806,8724.07064282838
3834.25923254648,3937.24643706259
3968.58923892186,6193.35299966103
3933.92777452123,3465.88376775364
4986.99518980814,5655.66759836184
4638.83226034264,3538.06008499645
3348.6823577017,925.163906456945
1963.45012870788,794.450943834738
3732.82254393774,2848.35018637572
4381.1270713916,3983.39389927235
3390.51307514176,3880.01678441003
4279.55684679332,4978.23318770487
3964.00965708601,5942.55458974976
4160.30604466447,5989.66785335495
4437.66652602163,3427.06776990198
4271.63425924596,7889.72395099271
4033.37308681458,6360.09708830254
3721.93454614809,4254.87881096368
5064.82838779984,2879.94867935967
3222.76742450194,1907.04606425958
3815.08759265474,478.977933134573
3781.27649587536,5265.6884965514
2157.30917872875,6063.49246036982
3904.0179700397,5113.72023897837
4749.7888723241,6480.2395681937
3901.41104554419,6759.34010297244
4718.68549658324,2342.37702612326
9019.38671475225,7426.94270616659
4602.24387936385,6337.02356862528
4176.81234171695,6501.94937968346
4388.05473357361,4971.47046366063
4313.7711257255,5281.60138539234
3080.95573800933,6425.45359604209
4071.59899447992,5892.315157267
3823.63796523686,3700.94012234575
4316.29836792763,5380.54528579334
4360.26734632059,6773.71845010409
2829.65458167662,3996.69227409056
4816.81925622465,5637.65227320827
3592.46423457603,4202.82110089758
3715.73402463567,6363.56407851318
3031.23345683879,2382.89818777836
3380.26931746832,3021.40285252089
4294.42313979006,4983.46179289509
3424.11273016705,4717.37547420525
4222.51818517483,5609.91804294415
4238.60353254327,3328.52156486542
3597.83513458503,2839.76855046526
3629.78659177516,4226.17877930414
4340.63394166769,3979.18818093658
2740.92858897772,5564.395983652
4448.49590690303,2364.9961878323
3848.12518926129,5370.71347833053
5089.18600235133,6526.04578621515
4064.1387441995,3087.89599517766
3872.25455844275,1453.13082550084
4443.61117989146,4501.13110406136
4535.45468984108,5496.19788861942
4187.94848522109,6783.94816435898
4688.20042261439,4369.84977112364
3882.97594954904,7503.55223787073
4262.80121240881,1428.23849967119
3582.61371965538,4282.49929316503
3568.5716773483,5416.17887501891
3272.69787512782,8504.98426253621
5408.88846574627,4908.84179515132
2056.52867333168,4133.88427773986
3714.79527961806,2689.73274139358
4218.52019433479,2724.51385443125
3933.18745472045,4284.65881493668
2850.55253806148,1936.42795001287
3816.44673890243,4230.15700151437
3403.17388267255,2510.42858320376
5240.33916910896,6946.25988424967
8500.55635584739,3136.54401191976
4398.69994679735,4829.44776161318
3964.6622083028,5764.10290774785
4282.38959886655,4091.60128967756
4926.81140009331,5069.05065587413
4020.11465644087,5700.28051886232
8813.74302858151,7293.55893691624
3949.93711407718,4472.14691367252
4058.18839744957,3221.62100861633
4648.13152626156,5605.93982073392
3835.15903829101,3603.24618206948
3435.50976896156,2846.64523399991
3944.21172352978,5101.21725488906
3940.11155200751,5407.76786120261
4455.58312973888,5051.5461398649
4552.96357905356,4691.9149366308
3331.47489854278,2978.49488439623
5097.78140377827,4917.30989442663
4910.73716080747,7143.63645305208
3958.97113324644,3216.1651187282
3802.1447236048,223.63290426911
4226.28058732404,3519.07832416457
3787.98021459723,3668.77310047556
4435.6948347105,4640.25513335678
3848.45003484538,6347.02578675463
4235.43365943038,2347.66250534486
4324.38739224969,5024.49439797741
3990.35786987409,1911.99029929286
2467.66263807814,2575.10302542194
3618.21048388539,1003.53494742684
4881.61317259071,7021.61861011857
4746.74646694073,5373.10049622772
3858.22515098399,4160.87935702359
4243.01866803563,4313.69966792929
2123.24106909424,774.162031705308
4207.18419575715,6759.34010297244
4127.52034397777,3876.26605832534
3852.03763146772,2184.55539472527
3669.7845567447,4470.38487583769
4888.85084700169,4556.59871887909
3738.96881974983,4308.35773753155
8707.34828674544,3006.45597650301
4025.90314813254,7975.3123911165
4028.56587931598,4366.49652897577
4825.97438189866,6817.76305314596
4142.48910440957,4284.31799360362
4177.49342631403,2892.6789481469
3805.08195414133,4430.54599113159
3315.96716254106,2926.7211216318
3328.3249153118,3163.7663759014
3389.99700993194,2317.08711064297
4322.79236707747,5783.31195327764
2872.61545872076,3189.28378750724
4504.46498875042,4040.8506251952
4129.40635912747,5415.72430562308
4302.63035877292,4805.80592447732
3861.67078217538,4306.1982157599
7623.66163699655,733.811492144364
4114.60708563625,4653.83766690428
4637.65795150805,4763.75043254056
6801.16455793339,1660.56669789161
4570.1739938019,6496.83452255601
4478.69102979787,5513.4178230441
4258.03004535103,5313.42716307421
4328.61589041531,5312.34719076076
4299.42431057422,6476.26134598347
4698.21248022953,2080.09873040475
3379.0507588163,4290.85364437757
4344.88570939,6325.71388205695
3886.35937655997,5099.91020930532
4713.07939424123,6283.65839012019
2427.97653541877,3716.90967379044
4317.17711728534,4361.09751311903
4451.48017485409,3842.39408407934
3945.30383334926,4671.68300424657
3477.42255455548,2629.20693205217
3896.39966517684,5426.4085892738
2334.75077942622,6635.50398245559
4326.73445379383,2086.97520251177
4988.4634006447,5916.29823859117
8098.53281212459,8396.15146921339
4062.65159212222,6868.68455115011
4252.98809369201,6659.6574744463
2032.92646210693,6182.38455728101
3879.21315939721,3360.23359448452
3854.85051718708,4374.96462825109
3104.97137845548,3678.32074920907
1484.18079969637,4204.01439841855
4101.37892157685,5672.31963818316
4031.80353773551,4356.55097345019
3529.33950320533,1607.14485678275
4308.36821137511,6665.51105969888
3740.91245465472,4197.13792631153
4417.3507633177,3900.64662358634
4187.74332437877,4365.70071539163
3768.62510331538,4933.79110072618
4755.19553217898,8759.36298786564
3840.46606299792,3993.680276131
4346.32181444874,6391.97995144342
4707.51220421468,5124.85909202492
4673.61440588722,5820.82090554556
6861.83973357715,1666.30674650904
4036.59706321051,4070.68729177196
3563.95764161571,2084.19048925013
4417.63552700578,5648.90487431759
2510.2894934136,5549.2218229362
3488.44859160556,3043.62410743787
3704.18602585592,4188.2723430994
4576.28774906301,4362.80246549484
4436.04430286111,6322.41772536809
5271.51057349123,5184.02119317884
4021.49134062549,5822.18461373306
4573.94282255549,6041.78264888007
4061.3442151729,5219.3135382161
4788.15802338888,6975.58489597158
3547.28203617638,1469.83942221211
3984.86191738972,5942.61125235352
4051.65399407607,4823.82167248614
4187.39926062438,6095.09074192615
3739.05024263371,5799.96357024371
4495.70072812264,6414.76931239137
5205.50663724891,5714.37513011992
4109.34704786829,4766.25077564527
4658.29471807004,6977.858165806
2684.43662460313,7014.28756861572
4437.05308698387,3993.05529606864
3786.45773744122,3900.98786777465
4142.00861757093,5956.53503008934
2047.92361252817,3420.70252979455
3764.50435398406,307.402908238845
4804.95153289163,7177.73550056837
4023.79197575547,5481.25122402917
3861.3204369548,6525.98912361139
3941.31914926935,3776.69675500672
7098.34427984486,2968.71973953717
4210.48933521599,3803.46433816491
4103.25906482499,5005.00119371831
4113.66898947797,4744.14348021869
3748.31225860538,5808.09042533071
3881.90012527186,5195.5012904137
4376.37870063125,4853.09002160429
3133.49256068518,4115.18646420966
3710.20397424,2760.65867565642
4086.30396892738,4003.85332778213
4347.41411462187,4107.91208531057
3804.90705934555,5022.73278299783
2474.57293075521,1028.42727325649
3815.02567516337,5267.10929019791
4238.63102593876,4758.18100601728
3212.60996039333,6079.68950794006
4174.9257649448,4552.05217921025
4118.52745579886,3923.77722872261
3872.2042169093,4729.42388889872
3126.99668161279,2755.20299719591
5092.09383702524,8263.960997484
3409.9190886439,2393.18477606463
4269.81467462783,5607.7585211725
4801.75360406053,4793.75750978384
4333.63354155698,5350.08363915422
5149.40985041873,5025.51728483185
8330.66394586955,3075.7907064528
4251.80815763762,3015.60592987207
4640.40819096359,5369.86100214262
3854.75742536448,3064.02666191626
3909.31079600347,1350.89055698335
3802.91863364964,3457.52962796872
4393.80224824125,5245.74030004122
3398.0531450713,1988.99731493382
4490.69321201221,6804.9192477236
4950.36256346954,2846.87251869782
7886.02256033933,2258.32291628113
4615.10476424162,6909.83048143995
3336.60195883369,2562.25921999957
3800.1456060081,5129.86062394485
4302.74099179913,5653.84932077851
3758.93625697868,3976.68741497661
3921.04415561585,2822.15070924851
4326.07198727115,4506.64344512563
4680.79552223895,4094.32912890782
4948.67638143196,5359.80169855426
4113.12222833472,5022.10738008022
4122.8964234253,5836.44963565719
2878.57845715993,8469.06609172608
2878.13899871496,1512.69051630539
4834.26659801306,3596.08555123316
4349.7300814451,6346.85537608809
4086.2129471418,3533.40000869247
4525.68656307438,5596.22176133388
2850.14848281328,2670.92139122824
5032.35384597635,4698.90515680059
7153.13218955187,7290.14903216461
4655.70249405944,5895.04299649725
8868.91115725255,2204.21922107852
3457.01270931337,4473.68103252655
4729.97849527608,4449.30046726555
3527.78976735103,1609.6455170289
4028.82439056905,4934.188584663
4735.32954808569,5481.87620409153
4405.48252148422,6318.32575509508
2767.32567133926,3842.90573893419
2952.44702693299,2624.7741404461
4376.02110850268,3007.53594881646
4361.28308833578,5325.19099618313
4581.3094229211,5244.60366512401
4177.80636336662,4400.53891388831
3694.09206113478,5287.1137264566
3800.7305128549,5658.73668178041
4713.47815208919,5936.13226418333
3926.06574899623,4192.02306918409
3805.13473079024,5320.07613905568
3216.25136792142,5430.10265275473
4079.02592022463,5253.07176439932
4406.55908350025,7124.4844929813
4121.58013245505,6323.15645349322
4388.35748305345,4580.80887347356
1449.34469196255,206.697049288376
3206.76288923205,3969.8109428696
4367.59915691674,5949.99937931539
3857.14194639099,4369.67893760186
1812.60870918612,8.12693932769355
3853.35813121066,3241.7962783968
4757.5378078325,5618.3294796157
8290.85876716454,3178.14472303306
4980.87660654696,6702.28128384166
5703.73168642838,6093.32912694658
3101.8070165802,1211.42538921344
3003.70186690818,562.293261994662
4984.51887705966,7905.86349024869
3879.02238517194,2812.14827969154
8102.49121721976,4417.53135218744
4379.38237535672,4285.39754306181
3628.98088296386,5796.26950676278
4533.31208928315,4959.47871157091
3777.35108913013,6277.06607674247
3693.36918880062,5033.98538410716
4289.93358821349,7387.21714666801
3591.7949261154,5786.77852063303
4765.40163778341,6786.84683711101
4336.87975406862,5526.31871392548
3035.77616486533,2237.80682516759
4725.49443376005,6383.90975896018
5134.52588858626,2300.66256694719
3864.28190046843,3248.16151850422
4756.7755410522,3657.8613206993
4408.945914329,1817.99063392515
4203.99221945862,2355.84623446324
4231.40452637265,6366.29191774343
4372.56299334504,4928.10792614013
2927.31856788277,6036.7815398154
3957.71353379776,5095.42033224024
4255.22350770594,4384.91018377667
4055.86153292432,1236.77239015274
2435.18693508826,867.536558439939
4031.83482140629,6293.54728304201
4861.21969617447,6022.74401401681
1645.29226512204,198.001797457413
4131.12663055935,6393.5144931527
3987.4568222929,4775.05969625364
4878.22601266601,6038.77065092051
3875.67586468628,4910.37633686061
3781.031743664,5793.37125686599
3424.67259154337,1821.40053867678
3654.64214672292,7759.52174465794
4436.58243472461,6497.62991328491
2558.27378557066,1518.4873332404
4121.41629074128,4453.05119335024
3589.85803456838,4861.61478348336
3718.24125339767,5737.78947113024
4488.07376250224,4905.716049129
3675.70077704615,4560.34944496378
4241.04507475225,5049.72786228156
3961.84384851644,90.6466321698046
4121.47762063653,5453.68782728683
3757.70654424945,6117.25512281174
4301.34892729327,2157.33303074362
3825.00459929685,4363.20037228692
4374.45109327251,6828.44775965194
3385.29545852929,5609.80471773663
4170.70949410572,4667.87519270287
3521.39769336578,2560.6678042589
4545.32333240951,6651.98518875513
3427.17890797619,3980.04065712448
3502.86790848184,3404.61923028709
3650.75506898637,5676.69534433022
4111.18045566253,3432.35303769595
4176.82149753654,4455.15405251813
3981.42938399527,5101.33100295183
4318.57213480338,5513.53157110687
4706.83616973841,5608.09976536082
3794.21239440126,6097.98941467819
4173.80046302117,4799.38402176613
4825.16024725443,5880.83506003213
4031.80758074801,5823.66249283858
2643.62618602825,574.62578256053
4347.77158159764,6284.85211049641
5641.36232855996,6864.82007700265
3942.75754501017,5434.02378950595
2996.9849120773,4304.72033665438
4836.06886420569,6236.14721972292
8011.41828309873,1897.21404536914
8371.87469377466,1288.03460377613
3172.25151911189,4875.76563448947
4819.64117951883,6510.18998283323
5478.18021412142,6663.52194859376
3943.62747780965,6103.16093440939
3290.29868721072,824.287610411492
3861.49529730283,6045.70420848654
2929.74430072919,85.0771197540541
3357.55935511791,2355.90310849463
4127.55421000394,4577.62646484747
3718.59895937695,2178.360776712
3876.40294249473,1884.14274382122
5226.77996977415,6352.25439194484
4357.14220554343,3306.52759464637
3787.99726602021,4950.10147350393
4215.46879727125,8114.0951762236
4331.87946360102,5282.11261739193
4435.43393077589,6082.81525396239
4149.8659769873,5365.65528380684
4709.35117640622,5418.39505939432
3856.29138022413,4222.03014642737
3653.12088095197,4528.35325661538
3527.35947545347,6494.39084205506
4883.66756079816,7717.46625272118
4701.46942993849,6770.99061087384
4151.61341914454,4278.35066028827
3659.93074519764,2869.32105831271
3709.39975055706,1952.11355415589
3152.72346844081,7032.075820499
4143.30302315346,4635.99275241724
3906.80716682279,1453.75601699083
4180.43551258007,4878.15265238666
3393.12802480687,917.093819687518
3671.41641058901,2877.16375467041
3998.40750539784,5256.87957594303
2989.75891610778,6349.29905658905
5349.79102907355,7021.44819945204
3974.54179233488,5065.12909626765
3747.76307007022,6606.74686533704
3654.43620936254,4305.6298983013
3546.40549954819,3795.96246314028
8212.73129300399,3857.28408606584
3572.41391838317,3971.51589524541
4817.53813238283,6719.61496632911
4143.05475754606,5598.43836856453
3777.66324541442,3881.55132611932
3767.69125181697,2538.90133016538
3470.67148680849,5554.50709073018
4569.16576293905,6151.97957324565
3733.35334384853,660.100686049173
3939.88422604037,5435.33125794495
3470.12717164389,2453.82412204119
4504.81369280554,6080.88280546103
4036.94196716449,4732.37922425452
3866.30646783944,2050.26206382799
6439.76284679213,1345.60518347557
4027.77278861831,6463.30379249833
3596.93415294404,6259.90280492156
3361.16217334393,1515.92990467667
4896.21926351841,5721.53576095624
8354.38424345717,72.6877978350461
5093.87444330918,6493.59502847092
4182.96705248069,7034.97407039578
3508.72896246249,5018.01540980721
3952.23652325886,4834.44887067785
4010.4964234305,2453.65371137466
4306.52094449073,5839.34788555398
5053.66953206038,3496.00459305969
4828.10086550334,5231.98693297193
4605.5151740344,3245.3199312112
4790.25630098896,7073.50590951814
4006.53259713386,6416.19010603789
3550.34383365941,5348.0945280491
3055.93116220771,3750.21290772259
4505.18042653886,5854.63579433255
4287.62356174445,4010.04773436777
4072.06573312559,4148.20596226776
7202.60452903846,2830.39131239828
3746.67549101237,5780.92493538045
4329.13524644932,6204.43519010382
3333.37666017607,6688.64166483515
4897.9930830074,6363.39366784665
4036.77865262054,4803.41890658012
3873.70501409171,5944.6570260624
2776.38758705561,1662.61268302811
4122.20649996099,5569.39709271668
4957.44483612094,7955.64877619088
4319.88443986122,3576.53526151505
4491.69114265318,6797.81527949103
4213.94890647124,4316.99624747339
4757.47992298287,5799.79315957718
4198.45639791411,2999.69304103114
3670.22512207157,5040.1797906928
4208.45948705499,6706.8278235105
3473.2379232507,6688.69832743891
3943.53066570796,4250.73017808692
4335.12652336197,6825.03785490031
3795.04434337791,4284.88631106222
3807.5368722939,4218.16567227991
4282.96261767594,6235.52223966056
4300.36463631289,3196.55816640633
3476.13158434586,5394.4124009254
5132.73462540595,3524.2500553234
5016.64193897905,6604.87150229469
3395.06824199775,5381.05694064818
4477.10256800365,4533.12729240976
4198.26009058273,6643.68750014635
3996.64157312366,4680.54858745871
4032.15749326937,3757.31687595515
4200.68063717072,1012.05970930591
4286.10433926859,5410.43861497385
4067.58347548543,4780.00414271456
4002.36129218283,5111.56071720672
4500.3879707572,5053.76274709556
3967.05708161428,6249.78683872944
8734.84511772477,3777.32173506909
4577.43413307644,4306.7094477595
4469.81161666099,5306.77776423748
1968.34140429912,5193.51217930859
1879.96353159487,1249.61640700273
3887.93480624524,1765.64855370212
4054.20133314663,5125.37074687977
4404.93952744608,6322.13356663879
1189.00332431732,2286.17047175276
4368.9037582794,4390.47961029995
7651.39464205167,2184.83955345457
3965.35926599534,4353.19773130232
4564.21389057767,5487.90062286589
4869.11071070951,5984.04176422792
3092.13081061796,2466.72501292257
4764.39895529419,5907.31890731626
4390.89366908829,3546.81234300107
4095.02497091642,5417.94048999849
4063.79752413865,6839.01829523989
4328.19880237067,5406.80163695193
3992.06835680843,1644.25600797241
4428.41878475473,5666.5793781381
4358.81540905851,6480.46706431924
4261.01423470298,6233.0214737006
3374.20107210752,4526.30748290651
3821.75707330103,3915.93453236491
3769.41753250064,5429.70474596266
4089.65841475241,6614.1349922989
4451.55537586435,3079.93955075719
4321.98433735239,41.714499644639
3602.77949956354,4310.2331005739
3440.31279777696,4075.12008337802
8152.84330715535,2756.28275808174
3719.63136822424,6016.20836324285
4438.7014228738,5476.36344017201
3851.67683096812,4760.79509718476
3621.33701503466,3754.98694351697
4941.67726898048,6538.71918097099
4107.12148099171,6191.53429922244
2976.33507809669,492.56073096661
3438.23307002951,2723.03618675335
4349.61929214935,2488.94626783954
3716.137858363,3261.97154817727
2441.81810001267,2159.26526781735
4129.54404551407,4464.13338379304
2563.67367655777,2193.64847406294
3324.07300340804,5146.85306224398
4279.62270063977,5077.23417356489
3978.01835537776,5116.67557433416
3393.93955929745,5288.4211948956
2691.75754992877,2977.18762738486
4444.87181561076,5225.84918899005
4073.17478435189,3770.6156736286
4461.1692986056,4364.33700720413
2890.07119016343,774.162031705308
4655.35937164404,5109.17369930953
3168.62954577651,2028.60912636962
4141.79611044578,6485.86608017599
8760.98808329436,3322.7246422166
3101.86925826468,3045.5563445116
3494.6964835289,3783.17532032167
3918.06557360743,6872.77652142311
8721.54938355878,684.59515794366
4662.84161447952,4605.18986158981
3852.05544745348,502.222127762893
3833.74530111069,2999.2384716353
3722.88649704722,6218.35896783964
4364.80252740926,4869.40039438205
4042.04440640817,2074.24493372454
8829.7216488269,5209.19757202398
4142.70590399722,7046.56791569342
3920.30704563942,5270.63252015706
3803.8939377755,4722.88823812477
4070.88783142255,4011.58227607705
2801.2304827454,2006.33099742126
4088.11519390652,4263.9152276976
9071.31306166018,2132.49747323154
4494.99352712771,3800.73649893466
4245.58221132668,6995.70350314829
3394.35541117354,6393.45740769369
8965.97445284289,2230.58910887226
4178.20292795712,4788.13099780155
7978.12215637043,2205.75355136018
4230.98195615811,5509.95125568871
3561.67754418399,4534.88890738934
4856.702704072,6000.52297052746
3904.83325409257,6260.58487044293
3508.89179418396,3225.31507209726
3900.11577488262,5579.22890017949
2688.66154539478,1042.52146165884
4252.72539410279,5772.62766962692
3487.08779433542,4216.97237475894
8820.71813942779,1107.25288362222
4792.5024323054,6260.35737431739
4309.91083119287,875.833982764188
4288.29289986487,1495.64099254724
3836.25068705444,6281.66927901507
4330.28544348068,6145.55724767921
3912.17781897256,7111.81067537021
4910.67459043787,3900.19205419051
3382.55163323715,719.603555679244
8374.28813081855,940.678994219619
3901.05921940345,3741.06316578115
4817.30189399047,5327.57801408032
3645.07615934063,6409.65445526393
3394.6901329428,3564.88475361365
3811.48646813728,1949.32884089425
5349.37212177173,3842.10992535004
7643.79265959485,1469.49838945142
4061.14049291804,5258.24328413053
4031.9316571904,4271.2466920557
3494.70232262524,5792.80293940739
4286.55235540355,4736.5849425903
3970.15148814233,1392.83240657115
4608.72404022459,4362.97287616137
4538.80456321313,9174.91637531329
5057.82624388829,6496.03870897187
3804.62210882302,5086.95265582018
4898.39985378286,1239.50033509681
4329.22514375519,6328.83962807927
4137.30175383078,4575.52360567958
4164.54093879119,2391.30920159466
3669.2649114614,6579.24055405371
3997.23312963793,2485.93405845236
3692.53586370392,2419.38404176421
4944.70526069981,6790.82505932125
2783.22056594882,190.556836106844
4294.76535358478,5064.56077880905
3393.79861944197,3291.29677132681
3976.93320322778,4779.54957331872
3921.93441237337,6641.58464097846
3504.62487578068,3268.3367882847
7275.67852577568,472.783262264399
3690.09576826927,3864.6722130277
3689.48552809168,2074.52909245385
3845.72298590216,1320.31505656765
3631.51734622317,5669.64846155667
4369.35157742011,2275.59993616481
3769.76642195761,4221.51891442778
4432.83576719229,6968.36717967625
4054.25982033239,5072.17640189645
3963.527961243,4554.15503837814
3448.23478159272,7711.89724905316
3854.90988440496,5261.65318888216
4166.38848415532,6519.05556604536
3778.74263532871,1725.35488817256
3997.75392834313,7875.85683586066
4150.16088336733,5771.49103470971
3270.52245866519,5463.17881341658
4399.00996145294,4431.62554058979
4417.94215381694,2087.71414206453
4749.64753539372,5926.98252224189
3339.53944899598,3406.43793072567
3994.666712396,4771.93395023132
3154.88295903098,4511.87205031584
4382.04680850881,3843.47405639279
3688.54386337345,5708.23696328279
3052.59057467655,7104.76336974141
4144.59858184356,6634.42401014214
4894.61938201118,3667.97770974667
4203.61026063384,6177.7242695494
4278.73856201784,7135.16835377677
2542.81804593248,1874.08365166049
3868.89033452015,5624.52388620135
3650.76951863799,3784.31195523888
3967.95230904889,5386.62636717146
3792.76943342406,5449.36836088828
4027.74980995476,5835.48341140651
4424.95592760044,6377.43077078999
3996.72440163844,1306.27763648287
2638.50327511768,5100.70560003422
5488.96843313523,8084.03101352131
4136.32976860627,6421.58912189463
4004.93164364202,6852.3737555171
4254.16633358015,5335.76195462633
3982.60085933609,2686.60699537126
7273.26308348887,3269.75758193121
8715.85418261433,1289.79643018333
4930.05828252596,5292.51274231335
3956.00035683161,5418.73630358263
3877.52450571699,6565.48718698443
4916.73018628241,5400.77721817757
3909.18984256359,6803.66886474361
4153.3733147353,5064.39036814252
4275.09657050736,6425.51068150111
4323.8834001909,3251.51454922447
4087.81002280442,5246.76318689566
3653.710261039,2290.26244202577
4317.15244286981,4345.80960434046
3683.33531648597,2451.49397817538
4801.16468732285,5946.93029589682
7197.12448628213,2205.98104748572
4280.57947448223,6924.77756888546
3971.44681464292,5468.40699575155
3387.41907026563,6494.04959786675
4203.99351333754,6440.85525288344
8488.13356247688,239.147965603331
4265.48976237376,7669.10260613601
4044.8982329572,5417.31550993612
3703.23903160435,4140.07868432551
3724.24876767539,6145.50058507545
3984.77793252834,2363.97308955024
4452.78997604257,3426.44257841199
4622.01908365052,5064.56077880905
4501.48236874882,7088.73715569295
5320.25097607634,6597.08546854076
3187.76269840738,58.9913510469376
3374.44453967361,4627.46799053817
4733.07121332168,5744.8934393628
4180.63934752681,3552.1542733988
3580.39399186025,2055.54733162197
3477.49635217053,1393.45749234733
4022.90510153236,4129.96271813339
4162.45382072616,5152.3658261635
3193.73845948608,4479.81919936368
2634.68812816085,2558.33766039309
2045.02662716967,2102.26311129034
4775.28219024433,7146.36471513758
4385.03732717133,6199.60449170568
4715.16289510661,9262.778930982
3964.34721307356,2668.93228012312
4049.98614272463,6575.88731190585
2717.00913767408,1522.80658821132
4335.09332454607,3392.11624619778
3919.92831442467,5263.86979611282
3967.02801057988,4753.91862507774
4270.89428321155,1253.4808811502
3550.44489025826,5256.76582788026
4215.34399992106,5268.41633578165
4232.65930810744,5767.96738189531
3823.16807586006,2316.68920385089
3359.41520215069,1922.44729824567
4490.00333992713,4191.79557305855
4520.84104929977,5435.21750988217
3641.31409755608,968.526549691256
3898.75145740935,6068.66398010103
2115.82474229374,3654.73557467697
3798.24471356312,2892.56520008413
3193.30294714212,2854.71521505552
3875.53077325037,5968.64010738658
3987.40380893044,5243.29661954027
4373.56159803764,4725.44566668849
3118.2895068935,5933.23401428655
4552.15921773213,6512.00868327181
4235.56770308826,6472.56728250254
4573.47254880547,3812.6145029616
4214.21657538359,6558.66737748117
4198.38866063003,640.948408836953
4294.39233173193,2796.97433040337
4096.1224992281,6707.85071036494
4281.80231243727,3271.57607094217
4908.601526273,6617.26073832123
4036.42021362404,5785.13065371622
4241.91152963188,5809.56830443623
2437.03322003544,8204.17349341247
2873.03994029351,1947.62388851844
3593.37608082288,6041.38474208799
3635.82819143923,6265.24515817454
3496.81520757756,5843.61026649351
2925.19626281648,5093.20414786483
3288.38111694691,1798.6109663012
4027.48463284298,5058.47969743093
2187.50083891225,1988.82690426729
3867.72787130427,5801.27061582745
1454.92809504696,1235.69262926692
8524.29652621253,5817.58141146046
3952.53800940828,4799.27027370336
4525.13375062068,4135.47548205291
4333.67717656442,3177.97431236653
4250.33158986692,5721.53576095624
3664.58664449964,2618.40890033868
4401.28679656009,4161.1635157529
3671.06695474079,5518.41893210877
4407.29099842324,3092.38566081511
7433.5084767211,1175.79190570168
3819.32648980539,4325.74808262276
3622.92540686678,3977.48322856076
7437.59486644782,210.447947158013
4464.12756124427,5286.88665318631
3169.58760986536,6417.3267409551
4147.75216392855,6470.69191946019
4009.64771989048,6834.64216623758
4032.09509918096,6536.21883786628
3544.48485516825,3052.71718677554
4047.29752480545,4532.21773076285
3766.12745569875,3934.46151237333
8573.44287420891,2177.28101582618
2744.13161100899,2669.3301869152
4112.38357453512,5367.18982551613
3477.73142187299,1636.24268952056
3190.54629138273,2082.20137814501
3144.69992469689,1399.08389861581
3236.26664540476,1021.89162248254
5753.75089936038,6858.73899562453
4145.04538309173,3587.78786262437
7819.82664244848,6891.64432276459
4057.14605569885,4080.23494050547
3025.15270901539,1686.14098352882
3667.8936475175,7394.49194842236
4235.27633285779,4400.7659871586
4295.69553439919,6449.38001476251
4971.73804700182,6510.303730896
2183.69586514256,917.605368828551
4090.62845111525,4524.54544507168
3422.65259595063,7230.58902421862
4095.88623988489,4234.02189851709
4394.38520964792,6425.51068150111
3929.03423332963,5828.66360190325
4201.57420746286,6064.00369236942
3575.60644654019,2684.27685150545
4605.65785849253,6240.92125551731
4288.75620428518,5252.84426827378
3394.00837127211,4755.90773618286
3464.43188079835,6076.16585512566
2936.09387098141,385.489711194077
8738.94697135379,378.215253009626
4930.05250647616,7985.71209318267
3072.81126485609,1773.66187215397
3939.16680026098,5526.20496586271
4543.22428549799,3691.449136216
3985.09142988616,4442.93522715813
4264.78312443803,4942.71334654207
3049.26332417452,1620.50031705997
3253.13973277226,3840.12081424492
3654.22913384993,5248.07065533465
3407.35788181008,147.478378030288
3583.68601702609,4928.61915813972
4491.89879500171,5092.46499688445
4102.24868328962,6795.25785092731
3923.2267011378,868.161697073023
3728.22918505712,4607.63354209076
4684.96243213438,5151.85417130865
3730.83571563637,4868.20709686108
3819.44244651366,5417.59966866543
3522.3241357232,895.781914989837
7456.68366785552,620.886781405439
4328.51142534133,4863.83096785877
4300.29818529955,6201.08194795595
4461.87818374979,5335.81861723009
3589.55540658368,5468.35033314779
4468.09107882801,5994.4985517531
4233.31870126793,5354.28893463474
3993.91767575963,6831.51642021525
3899.28749815042,4645.99497054658
4105.27863012825,4168.38123204823
4950.38393494177,6215.80153927592
4060.77775333138,3685.99303490024
4135.60431727222,6486.09315344628
3303.65443907375,6621.80727799007
2488.78436258206,409.756871962195
3952.5035015245,6447.22049299086
4179.29569391142,2192.79599787504
5071.30834404498,5164.24383019044
4157.94485444388,5966.70808174047
4145.18219260898,3061.58276998768
8402.43831428631,2487.01381933819
4116.91110851939,1161.4703268876
4433.45216410339,7020.76613393066
8859.29863778009,3569.26088261596
3516.69328708485,313.881711409868
3601.01835524306,5776.26464764884
4129.78062533293,7147.67133786607
3041.47251935379,6221.20055513267
4369.02648410112,5427.43147612824
3669.23842677676,5378.38576402169
4545.85585987202,6058.54801390891
3941.49756733637,6448.01588371976
4623.98358673015,4565.52138755024
4012.11514251477,7446.66298369598
4114.79553487553,5688.5166857534
4238.93279086137,4019.82287922682
4376.40451705587,5521.31760486081
8632.91209405666,2520.03310596865
3532.27328548597,4500.27862787345
4065.1265530385,6223.47382496709
3275.95759176235,4454.58573505953
4213.62926828715,5501.88106320547
9217.45849894975,6093.04496821728
4704.78769513029,5928.17581976286
4693.14677355982,3481.17167653221
1802.0899143338,460.280278175093
4271.63766218036,4539.83335385025
4138.28208017701,3805.73760799933
4106.1577994346,4602.23452623401
3813.8033910997,5927.32334357495
3649.89174475653,3787.09687992814
4076.10434383991,5331.49957368679
1382.09047445334,1730.12871253931
4767.16597232438,4753.80487701497
8022.16498006749,987.394668174175
8740.52347185126,5575.02360469897
4307.93892277342,4979.65398135138
3890.01834767215,2504.46124988841
3482.7955788685,2064.35625223034
4308.16269467324,6374.98709028904
4122.29293817259,3673.43338820717
3944.73252933293,3924.91386363982
3478.84109655511,2493.7200922063
4721.38020757814,7072.99467751855
4173.97529566633,7045.99959823482
3774.63536074252,5845.4289669321
4305.80516061417,6681.53769660259
4713.26787880654,5253.81049252446
3268.90368137353,5160.54976670951
3373.36867060106,1140.66997133095
4360.37030256012,4992.61195769178
2339.09492986819,3528.39868820017
4394.94404048896,4581.71843512048
7778.1834978551,5830.88020913391
4535.69653674448,5774.38928460649
3580.04365778084,303.424686028611
3581.21173150573,5304.16325021475
4205.31370619624,4154.4003688534
3366.86685967815,3029.58658163928
4494.59523752061,5171.6319571523
3445.64763149243,2830.6185970962
4019.47849152643,5679.70776514503
4264.24092688539,6557.41699450119
3241.01874009333,3300.38985066448
2522.70809101508,2154.15041068991
4213.89627349721,5592.52769785294
4332.7332105099,5484.71779138456
3776.96664186913,4723.74071431268
3462.67909009989,4956.35296554859
7030.23273648246,6861.69433098032
4330.8526094278,6043.08969446381
4494.2142732714,4687.99379987958
3785.41165245768,1192.21634368365
4248.41459857236,2769.69509239033
4905.08947123884,5411.29109116176
2393.06158487245,3431.15974017498
3673.25072828108,4208.22011675433
3542.94012590226,1733.59549132233
8734.39833584706,3484.80886598175
4169.0881104946,7138.63492113216
3380.82902465502,5837.47252251163
4075.19382685158,3645.86999146484
4095.89292154285,6640.10718472819
4241.69349807236,4102.11516266175
3680.16727520051,5453.85823795336
4036.66147283699,5541.15163045297
4287.6198589601,5012.95763813878
3413.8896038353,3824.09417734122
3012.6999034761,3001.51174146972
3300.91104405336,6749.56495811338
2552.93397906873,870.662304462266
3909.57994203073,4354.56186234507
3829.00769263771,5443.79893436501
4482.45957890105,6641.64172643748
4875.56533352806,3200.02494518934
3908.89932694575,4462.25802075069
3393.49266814417,3168.25604153886
4120.49871851905,727.957801177972
8251.48501654332,3537.88967432992
3835.18934563805,2894.83846991854
3790.24087319467,4006.46741894961
4818.71666519088,5182.7141475951
3577.67372579232,4117.23266077379
4384.84685088563,5034.49661610675
4385.01605529418,2082.37200023917
3787.76775703988,2146.47812499874
3777.96989027388,5597.35839625108
4095.82557070226,5083.14484427648
4418.06460156793,5723.07030266552
2852.47659330156,2419.27050512907
4051.29658318109,5384.01185314873
4565.5769316725,7530.20565011089
8358.94378025047,5306.37985744541
4910.16494159633,5499.49404530828
3882.57860627489,5004.26246559318
4830.98038018022,6389.30877481693
3126.13510025778,3088.74847136557
4919.64428875803,5879.86883578145
1714.1117322131,5447.66340851247
4701.72968363348,7420.4637179964
4415.64827619064,4618.77281799256
4008.28709812956,4711.35147828614
4163.03717617562,5655.78134642461
4715.28121163802,4811.43201360435
3976.23783481705,5999.84090500608
3994.48470261189,2655.74744194006
3474.89674038071,2309.18732882626
3800.58066819835,4443.44688201297
4288.47644878435,4531.30859197118
3180.54134956047,5560.8723308376
8556.93622139762,2906.3754411848
4021.08187134754,4339.04688029621
4384.01425016527,6587.13991301517
4047.98754635176,6591.91394880955
4833.55568185159,6694.8931568798
2888.19163982656,3962.53656397051
4157.68756263855,5042.16890179792
4090.42906915638,5068.99357041512
3454.22681689898,5467.21369823058
8454.9425272298,4352.45900317718
5118.91478140227,7683.70887224846
3858.235821158,6382.48896531367
3949.97386721184,3981.461450771
4784.49161016894,6343.84337812854
5093.97557897267,5018.58372726582
3893.42212413898,1163.91411310236
4048.64326873794,5008.4677610737
3732.08795620456,4907.36433890105
4109.77296446631,3715.43221754017
4349.00049943127,3244.01267419983
4137.33958418184,4905.14773167039
3621.77017580414,5714.94344757853
4109.11021389767,2077.65483847617
4361.11011032156,3580.91139051736
3818.27351964357,5217.21067904821
4062.64140896499,3848.75932418677
8048.24743648341,157.423933555873
4470.72716184979,5375.54417672867
4884.16137751185,6376.00997714347
3987.88949637269,4204.58271587716
5058.49499257788,6278.31645972245
4964.4127872777,2617.27226542147
1699.71492498033,141.567879103643
4233.59618951889,6573.32988334212
4147.1817027863,7196.71747282787
9300.23706005295,3486.62735499271
3560.48919101709,4471.69192142143
3570.27327893403,5041.08935233972
4202.24100295718,4071.93767475194
4619.23237141502,6568.44252234022
3977.22853512745,2747.18967874406
3216.88920007022,4199.86576554179
3278.92187761362,4201.40030725107
3823.67300227638,4379.22700919062
4155.87706067393,4269.99630907572
8092.50837403669,3776.12843754812
4172.35794343428,2859.60278748505
3330.4405214282,6300.8216619411
4267.61215495933,5938.74677820606
4823.6969622739,4882.81294011827
3807.05873107678,2815.95609123524
4935.53310141945,5017.33376714109
2219.40537691963,2472.52172414376
4702.46688425888,5114.00439770767
6366.08868157343,3884.96123087095
3511.85671675991,4987.78125929364
1711.52912668879,744.439007477512
4329.66741806713,1366.00773795396
4883.09936795773,5535.12763453386
3985.50045238967,5911.18338146373
4246.10473886582,3346.13940608217
8121.49778213014,1502.68808674842
4842.22568067989,4672.08091103865
3947.25269581817,2359.7107086107
3076.38463217183,3396.03759437663
4531.73996174656,4675.37706772751
3833.376334086,6990.41823535432
3693.83459957538,5827.81112571535
3198.45512003293,2961.21807594017
7431.9514925784,2554.92775564147
3938.83688173402,5311.49471457285
3938.53721914877,4263.80147963483
4041.13558940072,4450.77792351582
4014.31514751945,4698.6780835303
4218.23052938393,4939.41718985321
4965.87817365919,5140.60157019933
4677.53076358762,2725.25258255639
4112.42619306535,4924.6980213885
3270.40301414471,1843.90595232305
4268.56006971306,5763.47750483023
4408.13415772509,3897.23671883471
8491.48439824878,3996.35145275749
3883.48066932741,6705.29328180122
5028.34994353114,6989.56575916641
4561.72357468348,7211.94787329218
4312.4504742393,6051.04613888428
3149.44580957727,1849.70266354425
3434.56112957843,2882.96067731923
3944.91821242045,3429.79560913223
3121.31092308143,602.700622730084
4311.03303540598,3695.541106489
3666.5766724295,6039.90728583772
4487.4211397931,6649.76858152447
9204.10208213731,2972.92524644532
4230.83974981584,4472.65814567211
2838.68482549248,1833.27833127609
4674.01233107282,7519.29429318988
3952.69944225974,1381.86385847732
3499.44835261205,3598.2450730048
2513.03733080878,1961.3770441601
4353.00500855197,317.348463764429
8408.88391666403,196.296845081599
3566.13904823449,4816.88811492011
4536.09712897338,6637.4360081017
3913.55044619482,4691.80118856803
3485.07513366606,3643.36922550488
2944.13663867433,3495.72043433039
8324.47515160383,4330.06754902131
4996.08051622422,6243.81950541409
4330.51345253469,5343.83214710957
5006.62822593996,6641.35756770817
2530.77168158596,4426.90859025442
4199.46050453301,5563.03185260925
3754.36206643243,3909.05763740264
4953.14201483306,5776.43505831537
8631.75454166243,678.968857388998
4509.18685497556,5094.56785605233
3977.56689822576,5784.56233625762
4994.79861037651,6183.35035867643
3699.0057967908,5278.19148064071
3712.10183045738,5431.69385706777
7955.27909987461,2905.63650163204
4424.23363371805,5217.83608196582
4319.07529774242,5591.95938039434
5156.42283800433,5996.77182158752
3549.91005174217,5761.48839372511
4171.10717708659,4811.82992039643
2408.85279146048,1423.23739060651
4215.7565811658,5326.83928595518
3910.44960488332,3152.74105949
4194.21678475155,5645.21081083666
7910.87817843619,3950.77230800634
4112.88251898572,4071.65351602264
3805.0909615934,6151.29750772427
4095.25583591392,6678.52527578778
4442.57702498881,6275.07696563735
3999.61498374627,5280.12350628681
2943.31007571539,1851.86239674352
3621.33792513143,2058.90036234221
4254.85383864247,3781.24329467556
3652.92476934822,2643.64215321521
9061.71585055471,3660.64624538857
4330.42640210404,6833.90343811244
3876.56882483883,3643.08506677557
3755.35910385997,6977.3469338064
4208.00596669665,6266.26804502898
4695.03669628251,6084.74727960849
2546.74654111077,3439.7980386892
3636.19043628711,5305.07281186167
4627.46400217999,2344.99132871836
3556.95623060987,2272.87188550693
4903.03090345582,5336.50068275146
5357.55749798661,6278.60061845176
3227.76874861629,3361.42710343312
3837.50505989137,4777.39005154707
4406.41611170412,3298.28699149659
4225.0408919451,2728.03729581802
4444.01797185191,5888.96191511913
8764.25254291237,590.936472479727
4008.3211025009,5148.27385589049
4530.63738950106,4217.48360675854
4152.11709663478,6979.27895945251
4468.33412510735,6269.50753911408
3003.51984749259,7479.11458715072
4617.93706017325,4248.4569082525
4576.10693559557,5035.8607471495
4448.61261464467,4376.6695806269
4338.78046780076,6059.45715270058
3928.28461716126,5404.98293651335
2625.59276597137,3026.17667688765
7682.84946717699,1659.31642062544
3294.75439706554,4028.12014498035
4199.16148470567,6538.94667709653
4139.75089146632,5294.95684566955
3581.15822234931,3605.57611450766
7769.77562153968,1451.76690588571
3990.57978362444,4805.57842835177
4594.54245139658,6168.11953535687
3946.00089833287,4312.79052913762
3676.6493717631,6128.56480938008
3932.64994317133,6844.01940430456
3993.79209834631,2878.64142234831
3504.96097182711,882.199170014707
4237.25455891026,4932.65446580897
2493.2636191783,379.181397974945
4110.73685254195,5818.83179444044
3072.52792080015,3149.5015654049
4134.47746187106,6293.71769370854
3872.78405407419,5946.98738135583
4051.68049399709,4842.23490443178
7883.2975113766,732.674857227155
4248.8820796042,2145.96668157152
4967.38719113721,6954.78464612874
3844.82754254318,4956.9783684662
2687.83294862267,2746.4507391913
4790.94558055361,6630.44578793191
3512.68982762769,7075.38169541574
4036.27672085529,4035.50827194222
4627.96566334586,4628.37712932983
4070.32118495338,3799.03154655884
4876.11620029435,7970.87917665518
4332.16317704438,5581.16134868085
1189.14451610478,1406.86982665593
4334.22012494882,3849.4980523119
4218.73411658506,5228.0087107617
4544.76881022509,5936.64391903817
4530.17045201376,4786.59687894752
3922.68290272612,6098.21648794848
3894.37588165752,1926.19823575798
3197.40876845816,3102.10393164278
3864.87861944504,3803.46433816491
3649.61778046428,6441.7643916751
4651.17231149583,2140.45391765201
3132.08074173717,3357.9603246501
4287.25413093401,6507.40505814396
3888.8109320236,4930.55160664108
4409.37241133007,6319.06490607547
4309.08950459575,6527.46657986166
4364.0140085396,6557.81490129326
4227.20839351783,6597.14255399977
3726.72255539837,5879.07344505255
4061.3123603703,5189.07896484727
3910.8286259492,86.4979134005662
7198.42868893015,4777.90128354667
4679.82192047012,4152.69541647758
3021.80129092973,4327.85094179065
2722.54124913095,2148.46723610386
4485.79645532802,6294.79766602199
1584.48645965714,2.33010174545767
5032.47309589522,5957.8991611321
2700.97063827324,1585.43515100681
8728.86014919755,4497.72119930973
1796.34578573122,2536.74159696611
4060.8501109025,6155.90070999687
3853.49090292044,1864.13809613491
4349.60534286638,7049.52325104922
3949.53461278358,6550.36968887239
4087.70441779524,5602.81407471159
4290.40628296848,3673.09256687411
4121.25289939206,4808.02210885272
1610.81645538383,2439.38890087815
4166.11554052329,6546.05064532909
3613.29329491255,5588.49281303895
3195.19996495243,5126.45071919322
3042.04821949295,3095.28412213952
5011.97765385722,5478.97795419475
9227.19698967418,3537.662389632
5036.42790486039,5718.58042560045
4478.56780772444,5713.69306459854
3762.2373160882,1262.91499324856
4283.91833301728,4689.30084546332
4044.35132586512,5490.74221015892
4527.12653275468,7693.4269316485
4634.78723678353,4559.78112750518
4154.85131289694,5936.64391903817
3998.73067893729,254.549384588595
4354.43560648135,220.393489469372
2040.14878940254,3117.7895357858
5103.91267589472,7336.75106377021
4739.69665861422,6839.75702336502
4035.63411238216,4358.54008455531
4218.77402665313,1819.92287099888
4163.75769039225,4570.57915921867
3974.65763998889,2707.86202603755
4229.5301236905,4977.15363824667
3578.98493969081,5063.4808064956
4400.5725235758,2936.66667715739
4014.83586463377,1925.23222293493
4258.34612027559,4206.91307117059
5914.19537909058,488.411992376032
4776.07495860244,6652.66683142126
4071.48974410927,4577.5127167847
4853.6249038623,4851.66922795778
3793.01872080808,3977.53989116452
4095.22310372369,718.807900665816
4458.97065565826,4294.32021173296
3825.7888038929,5435.27417248593
3888.97368137781,6826.96988054641
3775.68292393926,5778.42416942048
3705.09652516621,5639.4705507916
3966.66059091462,4292.55859675339
2495.43505257259,8244.75152909895
3415.41972376654,1974.61896780217
7588.24595261226,1705.46377712139
3843.58169845926,5356.61928992818
4051.36650077882,4570.46583401115
4211.54471591525,5052.91027090765
3714.46879089521,332.636187543827
4754.93770957801,6484.10404234116
2027.86824703067,500.403480181213
4576.43134368109,7174.55309194228
3608.92377107836,2767.99014001452
3786.63237718241,6133.39550777822
4393.58111043532,4700.26928784335
3406.73030719823,5194.6488142258
4215.1843766188,5545.24360072597
4291.13564783409,5044.32884642482
2245.06046272194,1587.08322935124
4403.74414296317,3991.52075435935
3114.89537602797,4536.53719716139
3106.86041752781,2372.44118882555
2788.97904173354,1855.44271216168
3731.55636566972,4710.78316082754
4288.87341893011,5710.28315984692
4351.13057626303,6059.68464882612
4081.23547919182,3604.83738638252
3692.31224916384,5968.5263593238
4196.4989930684,5373.0434107687
3614.61127539214,4685.37928585685
8246.22765939131,4579.21766916052
4156.07276203207,6516.04356808581
4074.05821235649,4378.77201693954
4136.06127193535,6623.11432357381
4311.11569531684,6088.44134308942
4234.10167703337,5253.07176439932
3945.05138103062,4658.21379590659
7482.8433658065,8615.91949217167
3814.93400165483,4384.68268765113
3469.76781148834,1381.57969974802
4325.20436927751,5998.70427008887
3816.67130415168,1245.41079438077
4034.58879489321,6210.57293408571
3608.51872138988,3013.10537533974
4217.30599681433,6341.62677089788
5087.47761441529,5054.16065388763
7901.11599628721,1279.62348424602
3087.39708451494,1687.27761844603
5407.63472322879,6212.61870779458
4013.6770316737,6211.65290639916
4153.31526215802,5089.96465377974
4272.73166218574,5880.83506003213
3643.03256383213,4653.89475236329
4093.48620226739,4238.90925951899
3869.5373806272,4989.03121941836
4730.5158312739,4531.53608809672
3645.75816911994,5079.16662206624
3605.34386618735,5990.63407760563
2363.67108071331,1458.30255665967
4912.99020411041,5871.79906615346
3329.47181123778,1476.48871533502
3983.54748496102,4320.12199349572
8414.94876262627,8194.51209661619
2745.59720384295,3840.12081424492
4122.33478511472,6939.21257862087
4873.06127682303,9092.45368121183
2987.42089029621,2871.19642135506
3713.72284701295,3913.43376640495
3339.31344784966,4643.15338325356
4695.0862198754,4235.95392416319
4510.44275378955,6688.86873810544
3940.73664692675,4448.44799107764
4397.4150912208,5123.60913190019
3373.39679840636,1716.37545118384
4409.60345048146,6561.73603804448
3789.61217828401,5969.94715297032
4514.50329828697,5312.11969463522
3430.44236761627,6235.12433286849
4064.09535507772,3024.92629390767
3610.52099570991,6381.52274106299
4088.41592349972,5855.99950252005
3933.9251283242,6579.75178605331
4981.22487306126,4573.36408390794
4615.84698576895,6021.94820043266
4238.99871146093,5229.03202047139
3644.99550884709,5620.09109459528
4250.55786625275,5106.21836395373
3307.65340482091,2662.62391404708
3473.18658572188,5451.30080938964
3597.22758498319,2614.60108879497
4178.1765873102,5812.06864754094
4785.27666936518,5466.47497010544
3708.33081645371,4859.79608304478
2897.46619344568,3640.98263046294
4086.19465597173,3590.17488052156
3619.26660308539,3716.56885245738
4222.39610693251,6527.01201046583
4054.56928419394,5761.31798305858
4186.17125527499,6008.25191882238
4259.25620432899,5019.49328891273
7860.6240865131,2999.46575633322
3763.88001839968,4250.33227129484
4306.57183404466,2826.35621615666
4117.19504262882,4891.3943646011
4515.61299890286,5487.33230540729
4219.76472314428,4776.992144755
3327.09461457,1961.6612028894
4177.9844807416,1453.2444678498
3705.65194524624,4210.83420792181
4232.11579886687,7841.01863736398
3950.25016116068,2823.00318543642
4261.46159851557,5244.94490931232
3841.94715730633,5455.33569420363
4780.36618137603,5817.41100079393
5702.40379656691,426.692726942928
4224.35729201705,5466.8157914385
4383.04187804273,5796.26950676278
3263.62839958355,3599.72252925508
3672.25449835519,3733.05005875692
4053.43203533161,5208.2313477733
4240.45672097509,6326.79385437039
3803.51193040263,6689.09623423098
3879.8733222264,7283.38588526511
1883.17400865654,4796.7695077434
3607.52855651856,3824.60583219606
4547.80242752922,5794.79205051251
3652.84163961592,4553.30256219024
4539.50400989245,5132.75887384163
3841.99234184199,2089.41909444034
4494.46416805764,6328.27131062067
3346.61564523237,5029.04093764624
5303.20832453636,3485.4907200755
3870.02630154608,5307.00483750777
3225.24088374174,6272.29204094809
4386.83466829488,4843.59903547454
3395.29701897792,2050.03456770245
3904.90752570558,6764.79620428819
4724.0613614145,4564.72557396609
4055.90606247717,6688.52791677238
3120.19062485647,6055.19477176104
3243.44248394928,4928.44874747319
4591.52695908277,6510.75830029183
4786.38350926736,5496.8799541408
3313.94493752709,1967.74228426752
3023.58478552684,4651.7918931954
3814.17155706964,1721.31979193094
4021.71243099967,4060.9121469129
4182.27264340437,6458.87100089226
4195.6732643476,5498.75531718315
4083.2898775458,6040.93017269216
3510.17889162091,1034.05357381116
3659.37914625908,4042.38516690449
3518.31063465774,2175.06440859552
4538.63547499095,4997.38557063091
1397.98743677367,3030.72321655649
2337.82446403495,2447.91366275722
4212.04742719232,4937.54182681087
2478.8901160949,2382.04571159045
4326.1804840638,5509.49668629288
3922.44621006947,6794.74619607247
3110.81392345229,184.134854110301
4017.2802180041,4711.18106761961
4193.93765371929,5807.92001466418
4219.31839301315,3248.04777044145
4355.40016473252,5761.88630051719
1543.96741322931,1915.57082613865
4567.81828996994,736.653079437389
3665.65372510454,4642.47131773218
3283.54034270996,4337.910245379
3409.70965539207,5491.99217028365
4249.93746767527,5046.658778863
3754.74597462874,6676.25200595336
4204.07754589269,5482.72868027944
4627.70728161408,4620.93233976421
4423.67585979626,5907.54598058655
3905.52221662953,1761.67033149188
4407.36080738067,5461.13261685245
1700.60173478313,872.765057916341
4016.02066993131,5664.19236024091
8013.32856385718,1515.36158721807
4679.21840533349,5210.22045887842
3980.36025341023,2179.04263080575
4138.46820066437,6125.55281142052
4649.9469554002,6565.14594279611
2470.90821427698,834.4605034919
3092.24134225671,6435.39915156768
3662.71086814275,6741.21102975609
3393.37467522075,482.501480235161
2072.73514321316,2348.0602007093
4442.40270494062,5302.0037284431
2620.13138073275,5079.56452885832
4042.1884384625,5854.74954239532
3818.77494551204,3136.25985319046
4104.42066579177,3921.90186568026
7343.81188941127,3092.27191275234
4158.34630007734,3933.04071872681
4028.44370160774,5574.17112851106
3530.44682742496,2490.53747215259
4153.42236285944,4984.14385841646
4945.57554123327,5840.08661367911
4242.65113003911,4820.58217840104
4363.06150650909,3931.67701053931
4137.96848721356,5271.31458567844
4697.38635627166,4637.12938733445
3890.54835988699,5919.19648848795
4143.42607604233,2770.83172730754
4720.01573991743,6258.65242194157
3917.58593749883,5033.70122537786
4099.36040806735,3705.59998722211
4040.22098229423,3125.40494744558
4192.81737005295,5092.12417555138
4172.81147658413,4748.12170242892
4411.47641629771,4964.13899930252
3351.61608981156,4634.23071458241
3736.25188436622,5305.64112932027
3435.54099838593,3490.2078818385
3451.03150663686,5125.14325075422
3970.81983856098,1144.36403481188
4217.5639647876,3892.34935783281
4660.03993768263,6474.04473875281
4398.58500280822,5926.64170090883
3765.55651050815,1693.64275283965
4510.63070926451,5239.54589345558
4213.60636082095,6045.30630169447
4098.36167079225,5397.70855761425
3565.94632947869,5773.93471521066
3992.2458912802,6177.83801761217
4460.8009913723,5798.5427765972
7746.72861405973,2478.14823612605
4839.29124198542,5438.3432559045
4792.68559513275,5961.08156975818
3622.13744782214,770.126935463688
4033.46936195966,3838.98417932771
4403.76262369814,1553.95040608563
3955.71992923268,4904.18150741971
4052.78676058515,4087.4526568008
4348.59345115101,3932.52948672722
4361.34884178026,6222.96217011224
4326.9255064431,2730.4811877466
4387.08833016792,2997.76080395741
2648.15017357132,2201.49117042064
3671.73953747885,6618.68153196774
3884.81965649607,2705.36147150522
4533.52019183218,6152.94537464107
4347.17403468233,6264.10852325733
3130.46026730841,2603.00745492496
4376.05650315496,5387.3650952966
2318.20259701733,1532.1838262783
5037.31303011814,7036.90651889714
4718.93666448393,5459.59807514317
2540.47228711606,2436.77459828304
3334.68087753017,4118.14179956546
3742.93105923077,2790.43867962941
8706.88153803769,1731.60638021721
4213.79028642285,4606.38315911078
4437.8628369825,6841.34822767807
4303.45804001702,6830.03896396498
4051.03587085125,5769.55858620835
3766.94551567825,914.252232394494
2965.81684271112,891.917335128562
3418.13638112898,1658.40707040615
3723.78650057317,5113.49274285282
4987.11880074511,5805.47633416323
3883.29484577156,3982.42767502168
4539.31311666211,7098.62604861478
4880.7858921028,6558.66737748117
3570.81664806177,2931.15391323787
4079.27166629215,6591.28854589194
2563.00201632131,2227.80439561062
7584.98289144843,1525.13662636331
3831.70798184776,3378.41975315988
3830.67142616435,5791.55255642741
5158.78595270462,5569.45417817569
4187.9483839336,4294.71811852503
2995.71521682529,3917.46907407419
4580.77786905267,3551.64304139921
3214.12011819135,5501.25608314311
7494.17640913389,3380.6930229943
3685.81138275338,5122.75665571228
3643.38528421234,5979.38147649631
3576.68900212847,5017.95874720345
4449.25854068207,5640.03886825021
2900.77486398131,1994.62361548848
3252.06011402034,5222.09846290536
4400.38902202088,5141.73820511654
4000.90394231952,4964.87772742766
3229.61890127747,2227.86126964201
3137.86594054386,4237.77262460178
4426.48005816114,4961.18366394673
5426.03086825304,7170.68819493957
4412.0289197901,7756.96431609422
3910.54952612794,1588.56089702914
7703.42673452067,2852.78297798179
3764.42689700536,6122.02915860612
4373.69719043271,4352.91357257302
4542.44257938452,4884.17664830577
7815.56290045102,1046.89759066115
3661.92118890864,6714.72718247196
2965.55921341699,4431.79637411157
4110.36157259152,2858.52302659922
1793.20677397813,1489.10534177329
3560.24108310357,5425.72652375242
3947.54539178109,2420.12298131697
8766.20766801253,2991.62305997552
3441.16529780585,4466.06583229439
4566.48042867856,5137.07791738492
4087.13069237175,6241.88705691273
4448.16579287993,6837.25668026031
2590.17592348152,3688.43713825644
4198.75644460213,4656.96341292661
3221.69424897743,4222.82596001152
4339.73951017444,3516.17986284016
7996.70751541734,3869.44624882208
2711.19128832254,1038.08867005278
4681.54529408846,6274.67905884528
3447.51290083152,3887.06409003883
4519.16508039721,981.256924192293
4213.63069633367,6573.32988334212
3866.47869841325,4464.53129058511
4444.62359318207,5475.11348004728
4828.115472921,5860.8872863772
3356.41925743077,2717.75070753175
3633.21706426773,5304.50449440306
2840.37097113081,832.755551116086
3618.83483033518,4895.37258681134
4281.34628055742,5316.55290909653
3394.04231138868,5586.27620580829
2719.89707229238,6878.63010667569
1642.37364973602,3118.81242264024
4122.86325555125,6023.14192080888
1183.63548299351,1425.22650171163
4691.46730750318,6181.87290242616
3812.00479864031,5292.17192098029
4100.34878609199,6005.18283540382
4229.89184128686,456.415751170724
4171.99395413381,4951.52226715045
3799.54218885928,3971.57255784917
3056.35453739266,1631.35522280484
6907.59240418097,1092.19247096919
3877.33498858125,5996.43100025445
4802.35415402124,6730.58340870913
4507.5690253649,6524.68207802765
7862.97003583479,1373.11170618652
4269.76852466516,4999.43176719503
3263.37664213911,2527.4781069619
3797.9451729474,3016.17424733068
3030.56868554814,3121.31297717257
4290.61744106877,7017.07207044973
4380.24308689112,6102.25179561772
3998.96017985852,3238.15908894725
3484.75260655007,2930.2447744462
3587.02968270201,6558.95153621047
3374.43124836478,5307.51649236262
1488.34258767838,2896.14572692991
3386.4634429453,4814.50109702292
4220.97733732418,5849.46385174609
4037.62900062598,3884.05166922403
4442.35760431522,4893.44056116523
4618.48832044938,6439.77528056999
3801.21535500977,4641.67592700329
4475.79836621531,5074.6200823974
4398.6681060499,2644.32421873658
3951.60332354858,1317.07566819637
4287.13319076843,1564.63468973635
4073.91016432677,6199.20658491361
9199.7032289429,536.491638802621
4274.63278543889,5687.09589210689
3834.20015107576,3247.53632701423
4385.75375216012,5602.75741210783
3829.47455204609,6459.32557028809
4305.97030098873,2163.64139681966
3293.56122441023,1073.38112080385
7889.76747945548,1346.40078563209
3886.53614119663,5472.04439662872
3250.36626790154,2893.2472656055
3654.53103090223,6833.50553132037
3639.17825339803,3337.38735950518
4529.20309552233,2997.53351925949
4514.71817450421,4445.20849699255
4414.19880519575,4728.34433944053
4049.5548165714,5555.87122177293
3691.45006910874,6091.79458523729
4242.13224133972,6653.69014113095
4755.81964065523,6558.66737748117
4120.75809176807,241.932731721876
3918.02384746486,5880.83506003213
3248.93014077831,2150.62675787551
4284.51834235362,6854.53327728875
3342.55055930653,5810.64785389443
3750.91186805613,4643.32379392009
3713.9285938813,2354.76647357742
3195.73479939804,2803.22582244802
3966.4379974517,5248.24106600118
4497.19314034765,6370.38388801644
4219.97720100918,6535.76426847045
2271.47598393792,774.616653958048
4806.76262034801,3831.93729655416
4848.60634627771,6588.90195085
7159.10044495863,2582.66177447796
3572.10123123175,5035.91740975326
3723.67711358714,4555.29167329535
2836.96885317422,1712.34046065603
4487.7413697347,3766.75119948114
3535.34315160328,3970.49300839097
3741.45192517942,3800.45234020536
3845.60959733704,4273.29246576458
3848.09394912849,1795.31480961234
3989.68395320273,3422.46435620175
4854.73442910401,4893.55388637275
8261.73628801446,1967.68541023614
3847.61339030822,6683.5268077077
4091.37570345365,6156.0711206634
4038.00737931042,6471.99896504393
4610.03926109641,5648.62071558829
2433.86862902546,1878.85747602725
9284.72260599309,7562.88390398067
4027.99988227816,4654.91763921773
4408.12395824966,5108.66204445468
1627.87766673782,2162.9024572669
3588.40353075098,5036.71322333741
4394.6161366812,3718.61462616626
3969.67398073376,2987.53108970252
3744.72511803898,5481.08081336264
3125.43794032016,1037.97492199001
3979.7183543641,5333.9999167915
4155.42895884367,3575.96694405644
4427.46295106492,7009.51353282134
4372.91323631834,5826.10617333953
3444.73462886362,4916.51408084249
1237.71557267142,4897.47544597923
7903.1297168279,2401.1412204851
3839.16225840334,6752.46363086542
4844.87323420082,4476.86386400789
4378.0165542224,4650.08694081959
2397.93933665632,2994.63505793508
4937.96031743009,4345.86668979947
4360.22453923483,4907.76182283787
2315.97020666794,65.0723465325868
4025.66920689281,5075.35881052254
4346.30807794337,6725.18439285239
3827.1363934118,6162.32261270805
3952.98228548663,4866.9567138811
2468.21364127521,2058.55932958152
4031.58487639918,6111.0607162261
4074.1699244957,2907.17104334132
3472.32639703851,3695.76817975929
4326.13344064953,7008.26314984136
4711.85492898342,7015.99252099153
4023.07146620411,4855.64745016801
8671.17832146467,2581.9228349252
4538.60258203356,4300.06004892277
3896.07349577645,5315.98459163793
5046.07249061819,526.375619753598
4052.32552717587,2753.55470742386
4621.91101688081,3266.06351845028
3728.98960301259,1457.67736516968
2705.26232696521,1506.38215022935
3782.83413918604,920.503724439148
4293.9204165175,6486.94562963419
3896.64010273281,4894.17928929037
3746.10569221554,6758.20346805523
4194.39083878019,6359.41544563641
3979.9039961097,6288.43242591457
4481.89481547983,6506.32550868577
3300.95308285646,7302.36785752461
4638.39116053308,5296.20680579428
3928.75153371688,4383.09148333809
3767.3447389044,3492.253866975
3854.49509495222,4799.04277757782
3396.5585367585,5316.83706782584
3509.24313724606,4762.95461895641
4245.90204932634,6791.56378744638
4943.61462091819,7725.08187580859
3755.52954025613,4285.73878725013
3413.43502318285,3326.98702315614
4514.6691020524,5949.88563125262
4569.08318569976,6372.60007239184
4490.29955350372,6814.1827377278
3058.36906631813,1920.91296796401
4581.09890319503,6399.48182646806
4507.80410768831,4835.30134686576
4573.93088273849,6513.77029825139
4347.54812106526,5987.90623837538
4032.66644106842,6310.31264807086
4602.06689860329,6210.2887753564
4330.33902870923,5726.59395547993
4518.74434363077,5529.89902934364
4555.66321226825,5100.08061997185
4705.76327613113,3881.43757805655
3840.58793677325,3309.14189724147
5115.24108962404,6553.60918295749
5130.27246617308,5574.73944596966
2813.05450139993,894.588511755055
3675.607916698,3014.12826219418
4194.98050318457,5562.29312448412
4010.88073530513,4045.22675419751
3758.17108961141,6369.9293186206
4452.92854269922,5919.65105788379
8491.11776199977,1174.71214481585
4127.75600063698,6084.29271021266
3964.21052314115,4543.29992120564
4636.80440387254,6333.95448520672
8605.52274096727,858.55712145122
4502.55821790183,5471.19192044081
4388.81019375431,4234.98769991251
4752.79350358365,5103.83134605654
2866.76274267318,3062.66274230113
4184.95130178661,6273.59950938708
4276.11631081996,6551.2221650603
4784.53070389111,4833.25557315688
4443.15157754978,1830.20945928515
4090.51434581564,4012.20725613942
4308.07809063104,4105.18424608032
4537.69246945178,3855.18122689795
7720.96475587586,1184.65770034144
4023.95363438552,4512.15620904515
3035.99280681173,4151.78627768592
3762.07444346621,6067.69775585035
3445.4911621689,5586.38995387106
3061.02385812923,3638.48186450298
4624.48344950435,5715.00011018229
4431.86832016787,5064.27662007975
4483.37061602407,5315.47293678308
3713.39904778105,6086.96388683915
4211.11047402198,4401.78887401303
3226.19911696531,5149.63798693324
4983.12360795364,5997.79470844195
3254.90225454425,2892.45166344898
4102.11259155607,5118.43718931374
4447.74790081,6029.62048612382
4134.09940321767,6549.80137141378
4155.84465177124,6821.23004335661
3458.42323114627,5196.35376660161
3968.80487335425,3518.11231134152
4641.53550882126,5749.55372709441
3754.57736154671,3151.60442457279
3654.17386473122,6174.200616735
3975.57324442575,5440.84359900921
4478.276909381,5764.72788781021
3243.40669506716,1766.61477795279
4952.65528031398,6605.66731587884
4650.07569922855,6127.76899579593
7088.95911394999,3726.00275312812
4415.10585012846,5529.78528128087
4443.23668717086,2740.31299520941
4204.92117652705,5983.87093070613
8607.09792647244,2537.25325182096
4951.61325099778,4715.84135535122
3425.12298234044,2013.5487137166
3441.93180060481,4650.59859567444
7581.44188962007,517.112024035577
1692.3577653309,1696.65485651301
3690.71534921937,2905.1819322362
3863.03870824227,5138.32830036491
4588.93608375923,4732.60672038006
3745.67149832757,811.102666514623
3651.22549322016,3679.85529091836
5006.01117435134,6490.92385184442
3498.97455425925,4517.0439929023
8675.19643039064,2231.04367826809
4559.38244307428,6169.82448773269
4313.87014093414,5454.93821026681
3830.04896084476,2193.76222212572
3488.89557754018,6415.16721918345
3925.30678080773,5115.02728456211
3793.05291034609,3600.74541610951
3307.20915067118,5178.16760792626
3954.72052522074,4998.35179488159
3857.94310590284,3580.22932499598
3653.18050531107,6235.12433286849
7712.78486798403,1723.30890303606
1948.24596459322,1502.00612694086
3565.51565678964,2860.0575683085
3504.06630411031,1141.46557348747
4306.28998475976,5889.41690737021
3772.32931470928,4634.17405197865
7897.05489320215,7173.70061575438
4466.78443948232,3518.05543731014
1855.3505748479,2565.49850265704
4303.70169071676,4325.00935449762
3850.12513408223,3785.7898343444
3021.41608457698,705.11146048482
3718.12206092744,4671.68300424657
5330.21279409984,3090.16926501208
3894.82392144561,6414.82639785039
4185.07470939901,5610.25928713247
4398.84208874028,4825.18538067364
4698.95459937176,1748.31487121467
4184.70889960645,4248.40024564874
4938.44804748841,6496.4932783677
3702.32792358773,4957.88750725787
3668.65344346426,7638.58429689313
8817.86091297394,638.618317828054
3609.91199307457,5610.65719392454
3290.03613463306,1792.5300963507
3988.3850523266,7414.15556334798
3339.71132969949,3445.0835179108
4184.81345226463,6833.73302744591
3972.63986014853,4495.78875080838
4446.12434026635,5371.05429966359
3774.88729145337,4017.03795453756
3384.20712218441,3909.45554419471
3537.32602489683,2126.98492073965
3568.98861441999,2727.29856769289
3674.82149721547,5249.26395285562
3805.14314644038,4750.1674761378
4547.81889725037,5367.3035735789
3811.86759924465,2534.63894922585
7918.79530260607,1712.90877811464
4737.48045431965,6658.12293273702
4036.4685730508,5805.41924870422
3924.32828605882,5532.1156365743
4060.68276201617,6142.4885871159
4267.82221397178,4862.97849167086
1461.1620850329,2746.67823531684
4106.59793744168,4543.69782799771
3599.65319929521,4682.70810923036
4868.47020908686,4065.57243464451
4211.42633478714,5244.20575833194
4197.41320349926,5569.56750338321
4024.47499081115,667.602508216901
4908.23419694005,5288.19369877005
4119.22143230495,5854.408298207
4167.30993226681,4922.2539180323
3808.82590123645,5947.95360560651
4213.92067396594,6205.85598375034
4496.88006555144,4917.19614636386
4424.13965564623,6684.43594649937
4261.24251524202,5081.26948123413
4276.2587575209,6495.81163570158
3539.69220071889,4655.20179794703
4049.08045302832,5113.095258916
4930.15773030812,4036.87240298497
2839.77218702701,2533.55918834002
4818.9509091625,5351.73150607102
8354.76553060344,1095.03405826222
3908.77976621225,605.655905228973
3857.49675751001,6376.46496939456
4587.00405514637,4742.3247797801
2201.15447090116,1970.41346089401
2091.31867405106,366.621566282706
3317.07565264047,6339.97890398108
4609.40787176252,6505.07512570578
3919.97449066503,1661.7602068402
3967.23087553199,3907.40977048584
5281.02073826391,6499.27820305696
4595.84125828327,6926.88000519809
4235.97125048207,6234.38560474335
3905.55403741156,6288.09160458151
4088.43291353487,3072.09664297187
4211.11743619509,2216.55158307367
2100.03858592646,4448.78881241071
4283.55956865669,6972.28873928272
3655.01285370059,6073.77883722847
3029.31067363251,2809.24981836713
3774.98768217189,4483.11535605254
2892.41501920562,5188.62439545143
4699.18176038617,4389.34297538274
4130.32045036583,4749.03084122059
4379.04058349075,6093.78369634241
3633.31055759611,3115.62980258652
4446.63033138939,4182.02085105475
8184.63643108855,5482.2741108836
4886.11537321612,5736.14160421344
3169.70530445889,5902.65861958465
2381.41672605709,1114.5841365527
3681.98887986811,5573.20490426038
2980.17239558536,3107.78710622883
3948.33218611808,6999.62463989951
3845.8210683375,1260.07340595554
3557.37711615578,2091.12404681616
8588.94384711222,1442.61695251665
3220.82555444983,2107.26422035501
4713.29693123274,6752.06572407335
4295.08734178498,4527.61452849025
4472.28796752463,5463.40588668687
4867.21849790468,5969.03801417865
4798.83355189966,5559.73569592039
4067.45654420889,8007.47899013143
3151.58260532288,1854.93126873446
3557.17839227077,8514.87315545804
3326.016060052,4905.48855300345
3829.39580239179,5086.32725290256
4914.7442274896,6780.25410087804
1144.15201485512,1110.20811326421
4035.60635223264,6070.25518441407
3035.42444623451,4561.20192115169
5126.14649434007,28.6431980967277
3690.97426844332,6080.59864673173
3747.03754350923,1871.412475034
4260.44763365598,6709.95356953283
4603.99268641475,3032.144010203
7681.45173768075,1890.79214265795
3320.04819330768,5152.30916355974
3896.53831519788,5018.18624332899
4028.30876825169,3437.58164288617
3962.18928187643,7048.15912000647
5062.7321990035,5584.79874955802
1956.03671341873,1614.53298374461
5066.04314864937,6039.73687517119
4282.16090706594,5141.16988765793
4181.35470598698,4374.62338406277
3627.79492705819,5135.54379853089
3435.9292718387,5247.67274854258
3739.94149063209,5471.07817237804
4807.84418435285,6451.08496713832
8786.91026236143,3768.28574119042
4284.22198856595,6651.53019650405
4136.19442067518,6565.8850937765
4061.43840899173,5942.32709362422
3839.20268137145,4699.70097038474
4598.76562777475,3094.37477192023
8562.30847490931,2814.81945631803
4212.5562811491,6723.82026180964
3779.50529405809,5756.31687399391
3498.14393923796,2840.67790068455
4194.08165280002,1362.9957399944
3687.7950169484,1347.65116861207
4308.99849812578,7397.7310196522
3022.38347342458,3488.33230736853
4043.29043655977,5322.12233561981
5039.37917736656,5677.54782051813
3240.36606599142,4367.63316389299
4169.96022721413,4458.7914533953
4230.47855091319,2455.529074417
4685.62231805409,5105.99129068344
4181.71971349418,6431.64842548299
4111.09246904711,6050.0799146336
3984.00282520029,4087.62306746733
3744.07843346449,5026.65391974906
4136.38441527882,7163.58422670701
3238.05750391871,4912.36544796572
2554.45179036014,4398.89062411625
3968.40977045434,4599.22252827446
2952.17211819783,3444.62873708734
3917.90816746026,4778.58334906804
3392.64251251861,5431.2959502757
4214.72882004151,6090.26004352801
9301.45621822119,365.314441413606
3547.64476742586,6729.5605218547
3519.71305939814,924.084145571121
4125.38086613956,4236.01100962221
4086.27563681449,4616.95411755398
4464.21899506325,5189.98852649419
9005.29431023899,2679.787185868
4314.98402402339,4155.30993050032
3780.96380356526,5677.20699918506
4803.27887369747,5691.47159825395
4026.43897149855,5363.15494070213
6484.54957107214,1778.37882248934
3679.72620318315,1789.40435032837
3081.08816931011,5886.17741328511
5042.62119428716,4746.87131944894
4091.40181024945,4610.87303617586
2885.64118460039,5200.1044926863
3682.1647366767,2415.80372634605
3949.1999536358,4804.66928956011
4914.96218343859,5068.42525295651
2289.79173419285,2989.86123356832
4174.30305412059,5253.12842700308
4137.95371689647,5176.68972882073
3768.44475114215,1168.91532788085
3606.1580948129,2300.60590434343
4475.50960377022,8356.48257231857
7739.86813785827,1687.22074441465
2394.21915519801,2521.39702558378
4609.20478526565,6159.5947734778
5257.97033936076,7915.9232166923
4002.36808100805,5402.48217055338
3755.38741256359,3647.8024399662
4005.09144618869,702.667674270057
3947.57801866083,3799.48611595468
4920.45385182758,6880.2779735925
3496.21788869759,4954.47760250624
3871.45570817551,6865.67255319055
3865.02680031509,4233.16942232918
4340.66142156663,5316.60957170029
3446.49138100608,5861.62601450233
4532.7204435118,5057.34306251372
4555.01949071761,3944.86163729474
4049.94592896569,2985.37156793087
3981.15072181806,1864.93369829143
3754.22277548672,4836.94963663781
3434.54362566925,3203.15069121167
2448.19999551406,3074.59740893183
4177.88511702121,3528.56931029433
3755.18938367998,5169.41534992164
3472.54061597874,3264.07440734516
3766.64036614079,5464.99709099992
4339.99817244696,6772.63890064589
3620.30958448455,4738.28989496611
3001.60490507832,2292.53571186019
3812.7153749642,4888.78027343362
4279.99535843975,7069.24352857861
3840.84001432686,4752.78199016053
2999.23815042605,4587.62868297682
3839.51804471669,2490.31018745467
4234.34654561755,5095.47741769925
3313.41109406503,2809.42044046129
3681.92055529554,6433.29671525504
3858.12961617064,3740.09694153047
4196.74827599004,5544.73236872638
3624.18282543608,5424.13531943938
3311.83305749773,1601.97323133773
2371.45349400678,1822.08260419815
3786.53590427285,4577.62646484747
3998.8761632138,3661.83954290953
4584.99683725487,5649.7573505055
4745.46972664649,5746.25757040555
4225.26218695774,6246.71775531087
4147.18846085709,5721.13785416417
4912.0490835628,6740.47187877571
4203.19347876352,4660.37331767824
4662.39349258321,3837.44963761843
4052.50307675763,8661.38488886006
4112.21280238753,7139.146575987
3880.99488064936,5133.44093936301
4246.31167041718,6357.76715586436
4484.53193682875,4726.52563900194
4117.33344005924,5081.8944612965
3814.49076550212,4783.01614067411
3757.78781236151,3131.76997612538
4346.69608651257,5959.09245865306
4660.35092517738,5248.75229800078
3924.2011172359,6084.57686894196
3175.33434311893,1799.1792837598
3290.42345677729,6450.28915355418
7996.68748891771,2910.29678936365
2517.07799795679,177.71285889953
4056.59368049794,4956.63712427789
3620.21199612535,6471.37398498157
4286.39484966881,5319.05325220124
5124.41030004128,4478.62547898746
4667.34041796192,6037.0656985447
1713.32059894239,98.3757456425623
4501.62601058423,4044.43094061336
3708.96795930573,3110.85597821977
3968.70365484409,1773.32083939328
3814.79476767995,4667.42062330704
3378.44367247718,4068.58443260407
5021.12631530619,3598.30173560856
5174.35953692122,6898.12331093479
7586.47526147518,603.723615298336
2040.53936479642,3798.2357329747
8412.44000833477,2867.84339063482
4187.74779715223,4511.58789158654
4316.58702845911,4705.83871436662
3901.25272374541,6464.66750068583
3903.71154047364,6080.7123947945
7980.81621166131,3511.29250183826
8129.65748546238,3995.10106977751
4590.16744800095,5879.69842511492
3937.99841231691,3488.50292946268
3565.31496318024,5698.40515581997
4445.24184495643,4798.81570430753
3947.27137505657,3458.43897818801
4517.20525233218,5663.96528697062
4066.50511771822,4110.58326193707
3881.80141272146,3932.69989739375
5026.54793239423,4203.21900768965
3879.59840161556,5907.09141119072
3150.25796698202,5021.59614808062
4615.23106766309,2258.89123373973
4973.58019535749,4324.66853316456
2587.84773134962,1897.44133006705
8621.01136466725,2293.38818804809
3997.04482568315,5111.50363174771
3744.68197505041,6550.19927820586
3289.59603996952,6816.11518622916
4185.92690153082,2089.93053786756
3389.26109192473,5151.17252864253
3738.56725245946,4350.01532267623
2632.43853222162,6846.23601153522
4107.02330229306,4762.27255343503
4984.5496571736,4598.82462148238
5112.84656932131,5267.16595280167
2530.51323457662,6072.35804358196
3462.20956531683,3208.66345513119
4572.84611170615,5502.84728745615
4715.81812333043,6921.87889613342
4354.87646369085,4988.17874323046
4123.48943866893,6061.90125605678
4043.79449792612,1321.11065872417
8279.52558231648,886.234160542513
1296.86237711708,2608.17918608379
4410.42669795635,5416.74719247752
3914.37140147411,4372.63427295766
3657.03446188895,3099.31921838114
4016.24277881926,4617.86325634564
2684.48122717268,1958.36504620054
4551.2442224683,4477.83008825856
5086.10329343956,4957.03503106996
3561.74431826556,6097.87566661542
4173.04458646609,6605.83772654537
7979.27375904493,3742.54062203142
4115.67516590808,5512.0541148566
4243.69588002514,4405.59668555674
4461.88723623734,6406.5287092416
4117.40890169362,3432.63719642525
3334.68606235652,6379.1357231658
4000.3857255684,5460.45055133108
3810.26952817682,3674.11545372855
4117.9815028927,3919.17402645001
2052.78461079014,2397.16299827486
4632.46011007071,3353.81169177334
3515.3171024194,308.028046871929
4374.19448265757,3705.48666201459
3948.52339038182,4940.44007670765
3912.2831010098,1525.7618178533
4320.90940918878,6999.90879862882
3062.54803741653,7070.49391155859
4077.4559762874,5800.75938382786
4252.08685658249,3841.99617728727
4577.05177616508,6166.98290043967
3652.43288980131,2935.64379030295
4213.35304875829,2983.43911942951
4366.45571231579,4478.2846576544
8916.70361424138,3240.6027694482
3370.072870258,548.994622891927
4730.63878097211,5168.9036950668
2725.85644673222,1697.45045866954
2491.37210611161,6501.66522095415
3663.84658660532,4189.86354741244
5009.0363994881,5745.40509421764
4370.70071442473,4452.99453074648
4309.70781542549,4567.22633992605
4058.37316754223,5812.12573299995
4067.32943733629,5167.02833202445
2319.15126801088,4844.84941845452
3069.97277843887,4430.20474694328
4014.8187339968,3769.13821737833
4396.48137223847,4697.93935540517
3845.79550111093,6518.94181798259
4478.71617150394,5367.8718910375
4310.56769790442,5554.90499752225
4285.79711258378,4513.00868523305
3361.51371331176,4681.34440104286
2908.7395566178,2180.23613975435
4221.90589427167,3990.83868883798
5217.86933883926,6731.43588489704
4411.78958561478,5617.4770034278
3723.16774040743,4017.5496093924
4267.95155089478,3675.36583670853
3834.68623663464,2365.50763125952
4431.23177655007,5853.21500068603
1819.0179241469,4487.94605445068
3521.01056617465,7054.58102271765
3450.24043103024,3583.41173362207
3330.42050591843,6266.66595182105
3525.71318742588,5577.86519199199
4148.20213949324,4908.84179515132
3790.87798719963,3658.82754494998
4111.94400960834,5435.89957540355
4110.79709891851,5993.75982362796
3153.52319511032,5505.46137862363
3503.56633693932,2866.99091444691
4539.49526207491,5416.00846435238
4491.71430056774,6293.71769370854
3845.95789030395,5691.24452498365
4737.12379483238,5004.43287625971
4389.69138043862,4918.27569582206
3586.44304413114,3877.45935584631
3542.31176321717,4608.03144888283
4347.09037382589,5148.6151000788
3852.90893351563,4977.3240489132
4306.57202377119,4486.07069140833
4488.18036656651,6038.88439898328
4218.89855698573,4638.20893679265
4387.46175719876,5424.93071016828
3880.4328913959,6837.59750159337
3565.44265720421,4857.74988648065
3355.20592455541,2565.04393326121
3869.77762252044,3645.07417788069
7379.5665389512,1831.74400099443
3770.75767843078,3538.91256118436
3461.27233724202,3044.70386832369
4541.63791238661,8771.12682097456
4457.4892668657,6197.38788447502
3851.85176955758,4521.6471951749
4608.16205842459,4368.20148135159
3670.38394585186,6228.418271428
4445.9512634758,6575.375657051
8314.20023993567,963.241176183469
4369.13050336386,5381.22735131471
723.953473090437,578.319846041462
4035.25094177987,4009.47941690916
3382.66431669774,4541.25414749676
3909.15044662439,2956.61466223994
3392.79343514096,909.535176345312
4228.05803226246,4555.34833589911
3532.22833482551,5270.291698824
4390.63091121763,4427.47690771302
4003.31063192635,4930.83576537038
3101.99110838255,1614.47621542704
3778.55967419703,6266.89302509134
4224.43804688772,4677.65033756192
4106.62826634407,4674.29709541405
2452.35825694158,4750.05372807503
4035.15089541147,4913.3316722164
4222.77506002414,6540.93578820165
3275.46903930418,5626.39924924369
4691.40897882797,6425.34027083458
4787.99961585049,6039.33896837912
3582.73752853494,1084.97486038768
3850.28634947107,7499.34651953495
3364.22086754095,2748.61047239057
4127.55560263516,5010.74103090812
4196.62699178681,4180.65672001199
4276.09871127774,6791.05213259154
4500.21175699038,5915.10451821495
3498.85692122279,2983.55286749229
4275.70578864406,7160.11765935162
3911.11377362831,3811.13662385608
5337.01533056601,3380.9771817236
4677.03739233658,6870.90073552552
4121.78116549197,4295.3430985874
4034.13879432894,7080.95112193902
3579.64227506177,4692.54033954842
3031.75925197333,2174.09839577246
4063.86518128629,4626.61551435026
3579.0435198843,6964.73020165433
4227.71742181812,6087.87302563082
3721.77382003316,6885.90448557479
4347.31823068315,5523.87503342453
4710.06474224991,6503.42683593373
4581.0187572916,6847.94096391103
4052.74605635513,5307.34608169609
4593.16945407073,5695.73397919348
3992.91680856514,6713.19264076267
3492.24235730329,4939.92884470806
5613.94089023947,5354.34602009376
4154.37031516731,5892.71306405907
4240.60446875644,7500.59647965968
4177.52393840889,4755.22567066148
3659.96414351394,541.095052502845
3736.97806307797,772.911701582233
4136.20903655334,5735.91410808789
1466.50630164408,753.702603195534
4006.84542770069,4026.64268873008
3975.35187031666,3382.34110133872
2900.19335900473,6785.25563279797
1668.73562809328,158.219575355074
3687.39651999161,3886.55243518399
2809.62115390768,3487.42316857686
4597.26126936808,5843.21235970144
4562.93312175359,3827.61783015562
4548.62605190954,7025.19892553673
2917.24723649356,2111.18556853386
3843.73476443111,6291.27401320759
4412.60638105933,4580.52471474426
4809.90902005996,4907.81890829688
3844.32274754685,7469.96399949878
4026.12736107303,5399.07226580176
3687.64504837099,6003.93287527909
4547.96776377365,5842.92820097213
4207.23569001214,5052.34195344904
4717.39972701299,5074.56299693839
4483.32519458692,4992.49820962901
4598.92534357668,4938.79220979085
4926.41658591535,6982.63220160038
4063.95617322122,5916.4686492577
4234.49962979481,5295.69557379469
3843.01980986528,5137.81706836531
5358.43775825674,1485.865953402
8995.23473302967,2949.28340930946
4383.55989094789,5751.20201686646
3483.96935668976,3754.13446732906
2567.80367236888,864.183474862789
4234.31877028254,3100.39897926697
1935.35627570659,458.063829515153
3345.80008445001,6859.25022762412
4465.3383730411,5874.41315732094
4410.38498932025,6237.34051724389
4204.14585320826,6609.70220069283
3899.57404135863,3936.90519287428
3877.00652499559,4802.28227166292
3764.59052450384,3022.31220274019
3554.8102030195,356.107693298517
2016.49614430725,457.38186970759
3805.51224200978,725.798173692511
3835.53104456015,6367.31480459787
3889.11458709232,5306.32319484165
4066.35161643592,1211.59590559378
3886.1536993168,784.732725863977
3994.71734828719,6303.83365990066
4079.47515011455,6381.69315172952
1976.03898094984,582.070730696872
4345.45215218586,4834.16471194855
3980.53333697309,5319.39449638956
3569.42543503584,5545.64150751804
3873.56171399474,5777.11712383675
4216.20508568623,6415.11055657969
8633.27070397069,1105.77521594433
4575.44499350318,7644.83578893779
8191.19898761962,5621.34147757526
4345.05523545771,3247.99089641007
3963.2795365159,5078.6549672114
4706.42695958992,3801.53231251881
3936.80570721835,4485.50237394973
4083.17624299538,378.897239245643
4373.15940162382,4275.33823947346
5051.43827826342,5223.23509782257
4172.7079431786,5323.03147441148
4842.13582013571,5741.71103073671
4384.23428310048,6842.76902132458
3836.21398265007,3348.63996061451
4199.61478524882,986.599066017653
4056.97599986115,4620.02277811729
3958.27159973617,5734.8345586297
3624.25790887157,4736.18703579822
3913.694804406,4866.61589254803
8011.75271339249,733.64097576402
3542.10906048516,3480.14857825014
2846.58053434859,505.404694959698
3969.3275095533,5604.97401933849
4642.56164294063,6545.36857980772
4157.71629004342,4296.53681896362
4398.07407793198,3484.52470725245
4218.26645069217,6917.27569386082
4064.00784957072,4003.56916905283
3352.58599086788,3363.64349923615
4226.0537218865,5893.56554024698
2753.68311328106,1523.37490566992
3901.28535456847,6465.63372493651
3166.71747874093,6738.8240118589
2876.82175896982,3809.43167148026
4238.24645888823,6553.77959362402
4198.31643182707,3235.31750165423
3863.20083631604,5829.68648875769
4816.08066427618,4084.38357338223
3469.08963317952,3122.56336015255
4076.19121746028,4647.35910158934
4030.97768142103,5019.66369957927
1981.84026777591,3846.03148495651
4385.4503186952,7127.4960680856
3270.53347116388,1024.39217701487
4462.67084765306,5760.46550687067
4246.81900380182,4585.923730601
4804.71035125879,6722.34280555936
1431.07920274265,6689.94871041889
4166.97787408287,5499.20988657898
3377.47883866313,23.3010149769092
4096.43557629791,3695.82526521831
3431.35679349212,3600.40459477645
8024.12163365682,4700.21262523959
3966.6741091829,4978.00611443458
3919.81409699176,4561.65691340278
4782.81249984152,5661.00995161483
7686.56967304014,223.63290426911
4392.87186746929,4080.1211924427
4019.58966297198,4665.94274420151
3683.30813952336,241.705394167053
3477.9270555705,1811.05707635912
4570.08846436727,6159.36770020751
2726.97911392787,2679.38927907593
3669.8912757797,4745.16636707313
4095.96973121865,3695.37027296722
4302.36389765806,1137.8851523555
2244.02136003649,2173.58695234524
3590.68789595851,5057.28639990996
3991.37179708744,4938.39430299877
3701.89856729042,6189.26102938802
1476.15254300993,1584.0143573603
4738.88159753985,5729.43554277295
4600.32425366886,6359.58585630295
4520.07164057314,5707.44157255389
3619.01511863205,2320.72430009251
4126.14215031207,4524.88668925999
4362.50331828494,8272.71240977811
3602.46804812072,4181.05462680407
3903.73493778697,6190.28391624246
4627.3974126167,2278.95296688506
6934.35313713063,3509.13276863899
4209.8118872893,2846.92939272921
4728.6332245812,4493.40173291119
3565.132928693,1562.87296904296
3783.45016436124,1064.62907422686
3821.96165679722,4564.10059390373
4431.04719794746,6440.34359802859
1737.94800075628,1392.49137381047
3992.61960371195,6374.2483621639
1460.06774798832,1016.20844789649
3885.77534209778,6568.27168881844
3278.02130815063,3666.89773743322
4254.76047008382,3843.07614960072
3460.62190645423,1545.08461144587
4207.37771908211,4187.81735084831
4831.23014068422,6773.88928362587
3728.70306457541,5250.85515716866
3568.08535215734,5784.95982019444
3374.8506019495,3994.70316298544
2815.65886031238,4405.88084428604
4053.29492665959,5794.45080632419
7805.55988140816,2979.85880401135
3686.72475883799,2446.72015380863
3579.34303463902,5325.3047442459
4527.74475306064,3511.06500571272
3824.83002393171,6821.57086468967
3410.116868646,1800.941110167
2700.19063763469,1224.26940606343
3522.08404481671,1810.5456329319
2912.0308015008,1245.12663565147
2865.0226010142,2245.76326958806
3883.82171953723,4872.12865646755
4375.44853961705,5160.20852252119
3112.42299073534,4255.73128715159
3455.908440241,4721.35369641549
4328.79645697995,5089.33925086212
3763.79619293641,3486.79797708687
4225.26111384911,6325.54347139041
8197.92311753858,2815.10361504734
3760.68543869075,2661.31686846334
4073.75770831876,5379.92030573097
4388.37293456531,5689.48248714883
2744.85429362285,6520.24886356633
3643.55803888068,5533.02477536597
3566.76290887949,6283.31756878713
4497.63371265127,4778.41293840151
3941.75667020647,5039.15690383836
3794.28941146437,5103.20636599418
4141.33060693708,4003.45542099005
3271.58400833672,4170.59741642364
4682.83052275134,6043.48760125588
4604.29485079292,4711.4081408899
2212.9937438064,156.51462297926
4155.56421219851,4483.05827059353
3561.94363106043,4881.44880907552
3838.04188358884,2362.3818852372
3843.88862949518,8328.74918776495
8130.43773552772,7770.49060989322
5590.85763593764,4854.28331912526
3972.34186417223,5189.36312357657
4079.63150045142,6495.29998084673
3973.05427458554,1978.54031598101
3411.91688192189,5813.43277858369
4963.85866939676,4220.21144598879
4521.31991759908,3532.83169123386
2099.36197962122,372.645747200989
3950.73675391118,5519.21474569292
3788.34604816644,6751.2699104892
4856.91084779575,7157.5602307879
3946.11457764695,3151.20651778071
4540.62944368301,5797.91779653483
4913.7130463716,5189.19271291004
3859.2139093446,5803.31681239158
3420.9837647923,5112.18569726908
3581.75370591113,4692.59700215218
4909.64754209267,4953.68221177734
3627.42793800541,5050.69366367699
3543.97939956444,4092.68126199101
6899.93219288723,1515.02066017119
3535.05724549259,4585.3554131424
4833.85157571043,6369.0768424327
4667.47037110085,4651.28023834056
4472.76999949515,2744.63225018034
4154.03183921063,6610.49801427698
4534.26475985186,5943.06582174936
6919.65074348208,1471.48750055654
3929.92826571747,5179.07674671792
3961.05501468475,2902.62450367248
3664.49926964479,1706.94144479929
4575.11421083895,5674.87706674689
4917.41006759831,5271.99665119981
8148.05399017478,2923.31121688017
4037.20025511535,6271.43956476018
7163.58853138868,3223.72386778422
4297.70698744599,5273.13328611702
4076.16578540764,6840.89365828223
4071.50675646852,5200.61614754115
4223.45984134439,4898.78249156297
4181.05386158117,5853.95372881117
4371.81037455075,4315.00713636828
4003.63029756599,3416.89492967847
5556.78958962908,6270.64417403129
4270.87730164728,1772.92314402883
4078.25123202158,6248.93436254153
3876.38499040516,1877.32293431797
3460.44587872519,5820.08217742042
3633.50042179516,4935.32521958021
3935.08914470162,4582.00259384978
4767.91094753643,4872.07157100854
3155.71794851124,2171.31368251082
4489.82529072297,6262.63064415181
3804.21674107043,4794.04166851314
4341.44659021803,4761.93173210197
3646.34447687354,1684.72018988231
4576.92506561135,6468.87321902161
4300.51617303303,4496.75497505905
3083.53738486067,2028.38184167171
3340.54207891806,1503.14276185807
2031.89186891499,3401.72076896268
4048.56976888845,5140.77198086586
3425.84625200707,2853.23775880525
2610.06158530792,1483.8199682655
8085.34474998859,5845.03106014002
3579.1104612747,4712.94268259918
4286.35708364611,5504.66598789474
3345.0135544747,4201.62780337661
4511.0536031949,4886.73407686949
3768.79220120454,5394.80988486222
4087.16880045557,6439.09321504861
4181.66967157454,5459.31391641387
8368.21306238437,5447.60674590871
3709.84406065996,2070.8919030043
3684.27833307424,2555.04150370424
4293.07958932732,5459.76890866495
3067.44838719301,523.193052556793
5087.71213826134,4798.24738684892
7967.31480060381,3744.52973313654
5730.02041539743,7448.99376184466
3645.2438608435,4727.03687100153
4095.1389259813,1232.56688324459
3373.97295309854,2116.47104775546
3526.83565987917,6602.02991500167
4524.57070133794,2685.07245366197
3883.44927765633,2810.95477074295
4290.87104570662,5237.72719301699
4476.71337995069,4458.62061987352
2847.61503440931,489.889607197024
4636.37130902279,2436.20628082444
3705.88808583919,6443.24227078063
3917.72380585295,4482.3766279274
4635.67213323278,6297.07093585641
4498.27963850304,6305.02738027688
4126.31904767849,5168.84703246304
3946.05320276067,3806.36301091695
4460.20485806742,6735.0162003152
4339.62885492102,5134.5204888212
3818.56457375009,5323.59979187008
4035.95760139133,3715.65929081046
4062.42710406335,6478.59127842165
4163.63887653382,6822.36667827381
3472.68112872999,870.037165829182
3484.12112712183,2874.49278947154
4743.78216394598,4670.83052805867
2910.78543632137,1479.89862008665
4809.88734928846,7027.35887016363
4042.79613109813,4838.82499968016
7498.82402817365,2518.15774292631
3483.25176367015,5522.45423977802
3776.31233356854,6133.45217038198
3615.52751889988,5905.50020687768
4180.20068325145,3456.4498670829
4191.24484674829,4702.14465088569
3426.41675905475,5449.88001574313
3868.11939767497,3911.10383396677
4652.19420473068,6256.03833077409
3624.68475356648,4727.03687100153
4083.41972388571,4265.22227328134
7651.80029176587,806.442431639919
4601.11897225349,5530.24027353195
1903.71199679817,753.986761924836
4249.58818691109,5952.84096660841
7897.82155391816,1029.39339179336
4396.27977239801,5433.00090265151
2305.63891843457,4349.5607532804
4346.79659376887,7435.18330931636
4054.41955003258,5297.85509556633
4956.18715811445,6330.8858246434
4137.77041115804,3962.42281590773
4080.39298507882,5061.32128472395
4861.18400986349,5428.45436298268
3674.57559223645,2031.67799836057
8099.57461674856,4615.41957584469
1887.96404797913,100.478518917977
4317.24751554761,5056.60433438858
4020.67955189682,6226.08791613457
4035.09688245719,5832.86932023903
3588.62122525678,7401.08426180007
3869.3916124002,175.269099113219
3408.76948669152,3529.25116438808
2692.21261792733,3814.37611794117
8778.45659698069,3129.04213689512
3986.91634642847,5254.94712744167
3968.49061953888,5975.005347494
4060.63400952207,5799.84982218094
5021.96186392004,5334.45490904259
1889.92074201604,1686.02734117987
4500.38213958409,4983.00722349925
3997.79061658536,5630.32080885017
4803.2554428731,6684.3221984366
3775.35721733641,4876.78852134391
4058.83847632108,4946.23699935647
2625.34605361131,1948.24908000843
4564.42438389268,6819.41134291802
4074.56337768523,3641.66427312906
3923.87573520761,3070.96000805466
2184.17891059982,1950.63588647799
4225.07988191961,5186.86278047186
4221.79162787364,4372.46386229113
3086.16127172887,697.950618220874
3377.97315581443,3876.55021705464
4354.62860617948,5266.02931788446
3626.18487269141,1700.00788723326
3960.2994002659,5476.76134696409
3985.15996362423,4849.56636878989
3675.6961834324,7081.86026073068
4183.50701129621,5760.57925493344
2441.72478640213,2412.50756965719
1623.84104276488,950.851940156934
3682.65713127417,4128.37151382035
3698.27143498213,2970.87947273645
4200.38817784973,7564.93052340005
3868.33814848723,4349.21950909209
3540.59469861756,2928.7671067683
1685.85935238306,1070.19860646395
1831.74414257308,35.9744939734415
3981.82895515315,5549.56306712452
8651.06068273847,1942.85006415168
3901.12945536146,5171.74528235982
4681.48338032877,5745.57550488418
3570.9810098829,1177.15593103062
4148.08821342912,6034.22411125167
3548.7893326054,2069.4142353264
3813.97911831212,5950.51103417023
8924.29427656248,5184.3620145119
3920.68946720512,6366.68982453551
3556.68992341563,4376.49874710512
4407.98359216507,2522.13596513654
4112.9119965562,7371.19093261956
4147.98856987267,4835.75633911684
3673.61996082794,4722.54741679171
4427.26810248593,6027.97261920702
4426.49711209246,3324.71375332172
3260.89865632513,5232.21442909748
4581.08258948133,7053.78563198876
3041.71880026197,5699.20096940412
3954.04687291723,6942.1112513729
3994.03130496046,6212.33454906528
4208.96129125172,4708.79404972242
4657.00684534671,6258.76617000435
8034.39528096034,5326.1572204338
3880.43067901326,4211.11836665111
3184.55283663242,3531.18361288943
2472.08208767123,69.6188862014255
3280.39246615554,5488.41185486549
4383.06921978898,3677.58202108394
4209.36932148562,6037.52026794053
3830.24717044101,2948.03302632948
8216.76143673116,6084.97477573404
8482.05431574127,1956.20552442889
3938.01269702983,3850.23678043704
3578.35750050841,5733.92499698278
4354.22817512199,6659.60038898729
3812.85321789556,5758.47639576556
4169.66490354827,4469.8736438381
3987.37392762106,4436.11541765487
3077.64533283373,112.413185548679
3623.65235634021,3899.79414739843
3770.00684251507,5853.44207395632
3652.92430238129,5487.72978934411
3639.71622885237,6908.06886646037
4258.33076154208,5145.77351278578
3919.0255720402,487.104893935385
3257.64175212967,4016.01506768312
4069.86516309771,5072.28972710397
8318.63609431011,3199.51350176212
3564.91072783201,6543.43655416161
7640.7061200518,1219.7228663946
3868.24969574846,7314.01836542601
8250.54947930357,4127.8598589655
2881.48350002069,2454.16515480188
3923.40177157473,2475.53393353094
3843.69813523101,5284.15881395606
1594.78455378969,5090.76004450863
3993.32415175056,6280.81680282716
3975.5756038326,5125.14325075422
3779.59017784089,4266.8705630534
4137.67209350328,5486.0248369683
5519.09896852613,3679.23031085599
9070.69636456203,3649.05240009093
4159.40701052448,3644.90376721416
7528.65530816142,5180.3271296979
3681.88549913972,3813.01198689842
3163.45776671578,4573.47783197071
4523.56805109341,6217.96106104757
4515.38932650437,4228.56579720133
2622.11126313822,3152.51356336445
7583.78044317877,2243.88769511809
4435.73474220187,6075.59753766706
4034.56465330929,3966.2872900552
4121.65048747323,3694.29072350902
4108.16104786068,4403.66465991063
4481.39885613062,5130.99725886205
8075.01295043854,2287.25044406621
3414.61562630158,248.752541225135
7909.491283633,2652.05337845913
4805.66022270372,5941.92918683215
3022.04275766608,2127.21220543756
4052.44442115991,4988.9745568146
3743.65712048757,6447.84547305323
3689.9233449169,5349.91280563244
4352.82285646985,4561.14525854793
4753.87695325391,6860.2164518748
4202.62135601939,3655.81554699042
3435.08939187989,5223.17801236356
4447.54243216218,6560.88356185658
4621.85600835696,6502.11979034999
4217.19377263334,4923.22014228297
3566.37080256079,5183.62328638676
4127.75524768894,1454.38110276701
3379.10113417307,5701.13299505023
3972.13218855479,4581.83218318325
3969.31866378488,4363.14328682791
3779.24534513262,5800.02023284747
3677.05706325132,3304.36807287472
3388.35892459156,2897.68005721157
4151.91763866487,6616.40826213332
4289.52042613541,3954.86427827934
3839.25990419298,6385.84220746154
4096.85057489992,7155.74195320456
7695.54326776595,3552.55218019087
4870.70354828395,7694.33607044017
4257.52009734514,5031.03004875136
4572.13445333086,5828.03862184089
4287.51067496064,5998.70427008887
4322.04751266469,5258.98201225566
1776.75431281492,1131.34950158154
3924.53674195382,7244.39947674692
4347.75989681002,7198.81990914051
3882.27982866277,4540.96998876746
4332.33993260143,5055.41103686761
4091.61553124806,6190.90931916008
3673.54286990903,2894.61118522063
4346.65887258524,6302.81077304622
4227.04026646168,6923.24302717617
4773.32281773216,5434.70585502733
3539.67441303164,3085.79313600977
4237.79530432793,4357.17595351255
4369.07049266814,5016.14004676487
4124.14868856027,1962.229520348
3960.24944327854,6100.88766457497
4516.02586727051,5099.22814378394
8961.21703484437,1934.77987166844
4495.12457843371,5567.12382288226
4297.20448541169,4731.29925194107
4720.29679856172,6125.60947402428
3985.31462303011,3257.65229320635
3633.18410529045,5053.9902432211
3508.39993468233,3721.39955085552
3802.54195223671,5161.51556810493
4548.8100249344,5129.00814775694
1666.66208541638,1250.8666842689
4454.12515393817,5427.14731739894
3043.46440535896,1038.48647113104
4495.97795456024,4722.49033133269
2896.22958561121,3014.46929495486
8168.13336839394,293.933779184219
8194.589697469,2512.58810497541
4011.86077889193,4089.89633730175
4341.95108095866,6069.74395241448
8260.70108325281,5086.61141163186
3987.5292557153,5175.66684196629
9322.28641383389,894.531637723669
4704.80565379061,4435.54710019626
3382.02410097038,4975.50534847462
3987.32718624699,3171.66594629049
3956.38278365938,6307.13023944477
3647.62432276414,4583.30963943352
3552.63672804604,3359.09695956731
3558.33550880643,3933.66612164443
4236.85363494386,6310.71055486293
4465.22510097652,2535.77558414306
4267.6669207489,3756.86230655931
4194.69199732542,5560.24735077524
3525.87933154532,1607.42901551205
3381.28388771508,1626.97919951635
4319.63902931106,5048.02290990575
4465.45938303196,7578.17181275924
3604.11405451159,1729.04895165349
3326.71917003573,6719.50121826634
4137.54446746488,5326.32763110034
2489.03776710331,1940.51992028588
4480.77445719936,4406.27875107811
4696.72860412418,5853.10125262326
2842.72537481166,1490.75342011772
1464.57014444724,2435.58108933445
4640.36269079801,3593.35728914765
4161.97425961034,4408.15411412046
2693.10310283565,1123.0521301142
4572.61388720728,6745.64382136216
3750.05824454644,5348.26493871563
3721.35598746537,5731.70881260737
4213.74436733688,552.972845102161
4132.25918374604,4071.02811310502
3563.82867129445,5947.1011294186
3617.49991113559,4979.02900128902
4074.0571247354,1395.78763621314
4826.03979438668,4583.36630203728
5273.80671375371,6379.07906056204
4194.92668148887,4338.4214773786
2706.24933595907,3334.14786542009
4217.26718515775,4689.52791873361
3915.48828450839,5253.64008185793
4188.45773141589,5188.39732218114
4203.13245368289,4236.57932708081
4201.3848063304,6434.09210598394
4653.24226134525,2704.96356471314
3977.03389911932,5037.39528885879
8286.07998915232,693.688237281338
4030.73074956193,5958.4674785907
3768.03393880817,719.433039298899
4610.55579261718,5794.45080632419
2318.65025695683,1934.38196487637
4518.46622826571,4051.42116078315
4045.32589345002,3691.84704300807
3942.73208820459,5306.77776423748
3633.86193660701,5049.84118748908
4046.0497064692,4372.40719968737
4788.69811697841,6462.67838958071
3257.01789008237,4234.53313051668
2965.73959919798,1356.85789029871
4364.57935200664,6755.30521815844
2223.47083225582,1084.91798635629
3472.79724837741,5054.89938201277
4233.40203961819,6279.96432663926
4574.85413001183,5281.71471059986
3748.72108763294,2159.89045930734
4241.93430020386,5814.91023483397
4076.69735397188,4582.22966712007
2748.08192908134,167.312654692752
3541.60466095474,4120.24465873335
4871.93523944737,6744.67759711148
4827.14127774913,5501.82440060171
4337.88191701786,6195.1146146406
3513.79171653026,81.0988975438202
3762.60740295623,3626.37678720574
4787.78446241503,5087.00931842394
4939.41419955247,5010.62728284535
4600.31676261236,5384.4097599408
3348.25543552495,5756.43062205668
3542.80886849747,1955.86449166821
3630.55821628532,5021.25490389231
4008.99405494423,4922.48141415784
2805.12089044077,2756.33963211312
4284.66435415016,3393.59391387568
4115.85049044697,4666.85230584843
4389.35568773185,6576.85353615652
4536.43534814297,6749.79245423893
4255.95960594979,5022.90319366436
4401.53396744763,5537.0029975762
4546.56819742825,3979.98399452072
4713.89753787995,6604.98525035746
4019.87982038415,4494.42461976562
7565.32347681,1413.12131870058
3543.29170210946,4502.21065351956
4603.64502162727,5463.51963474964
3905.22942551186,4457.48398495631
4475.94803029269,6842.42819999151
4024.72153412985,4084.2131627157
3362.58999304281,4747.21214078201
4386.3488353544,4761.59091076891
3140.05423492913,821.957519402594
2566.58654057086,1116.0618042306
3515.28100909735,3982.59808568821
3994.53095572466,5069.39147720719
3864.47090346613,1625.16049907776
3975.09823114763,5572.8069974683
4679.82303206295,6101.34223397081
4328.27153690666,5412.71188480827
3443.9023797571,4696.06356950757
4348.81116896432,9055.6838799243
4467.32597346133,6396.01483625741
4473.76476154437,6008.59274015545
3002.51570235881,5081.21239577512
3795.21135560208,5453.40366855753
4054.86850794669,4345.35503494463
4276.91442267275,3653.99684655184
4372.50013233758,4166.67627967241
4531.38963775261,4249.0252257111
3597.38027449529,3889.33735987325
3356.28772581363,2300.37840821788
3234.73366739855,6594.81219870634
1697.29455840247,3679.28697345975
4492.22607030153,3431.9553423315
3934.38261379554,6574.69401438488
3386.94541171289,1203.75310352227
4142.4590903318,7303.27699631628
4040.19498105288,4421.62332246044
3194.77509524553,4193.10304149754
4672.79034052348,6370.32680255743
3872.01883997567,5452.38078170309
4298.0824070626,6029.05216866522
3305.0110774112,4533.41145113907
3783.29552449162,5406.68788888916
3242.1342306248,4868.77541431968
4501.37113962627,6171.58652556752
2552.54590681154,147.933026711481
4653.73399448744,5965.68477203078
3564.95157468267,4970.61798747272
4754.19270967757,3764.53459225048
4592.25513629053,1894.54308017027
4569.21103221665,6103.89966253453
4044.07000219437,5016.5946161607
3988.43192135741,4760.85175978852
1516.60537844489,6350.49277696527
4205.30176533182,6522.80629213005
3633.21810174127,5967.56055792838
4202.303103941,4733.23170044243
4893.0992893179,7538.33292805314
4334.67296619931,6647.83613302312
3870.03366258144,6036.09947429402
4208.61202475339,4856.49992635592
8143.93163691029,1631.1847064245
4239.19325486885,4637.24313539722
4126.78626991228,3489.29853161921
4301.95543079923,5729.03763598088
4064.09201536216,6756.49851567941
3887.53159725452,5297.4005261705
5362.43226679969,4231.6348806199
4068.58335721305,2910.58094809295
3327.62545392914,4308.92605499016
2226.56647320032,4746.53049811588
4208.15628819981,4528.86491147023
4285.80987027052,5481.705793425
3884.66921557836,5177.31513173835
2574.3249749733,2630.68459973007
3639.58016004244,5395.83319457191
5091.65267099593,6940.23546547531
3635.47741651565,6066.50445832938
4438.12039974113,5561.38398569245
3650.56662063222,6175.39391425597
4263.38091378212,6019.61826799448
3209.50914993846,1500.58533329434
2789.71619679263,21.1982400497157
4108.02318760159,3841.59869335045
4354.85106316466,4264.65395582274
3862.8698239807,5274.66782782631
4174.61780295164,3483.84264173107
4747.06337558159,6855.66991220596
3896.137033932,2019.34542493779
3818.2845964075,3030.04115103511
2080.75236895748,2726.9575349322
4645.04853058567,5225.11046086492
8403.76513643221,1945.23687062124
3569.32888080072,5518.87392435986
4540.57217786923,4438.95700494789
4233.17854593991,4461.40554456278
4661.41141298939,4840.30287878568
4306.14712914211,6323.21353895223
4991.0948071382,8813.23982122558
3879.4922056649,5083.25859233925
3522.97146970222,1420.50944566245
3382.71660427445,2526.39834607608
4356.60649012562,4946.97572748161
3700.38978093425,5290.29655793794
4529.0055410438,9189.01098657089
3660.44910160619,5084.79271119328
4344.58463642175,7168.58575862693
4826.08203797652,2152.95690174131
4775.17171733128,7085.09975481578
3534.24332743815,5440.04820828032
3959.87766032453,5272.67871672119
4496.8690299918,1138.85127089236
3908.00657746274,3207.1289134219
4252.72877931856,5307.91439915469
3515.98107449422,6709.27150401145
4175.57981946106,1101.17190795791
3455.71066522721,5726.65061808369
3981.38014761156,6967.68553701012
4666.88721998733,4202.70735283481
4016.30434566465,3537.15094620478
4107.24677650442,4480.16002069674
4222.56192160695,6405.05125299133
3980.50288831279,3445.87912006732
4886.7853666178,4833.88055321924
3369.60833618645,891.576408081686
3820.93783423628,2655.97472663798
4039.94407885227,2673.36528315681
4476.53948022782,6657.66836334118
3880.52732410956,6969.50381459346
3812.62516437284,5058.5934454937
4368.95624873673,5119.06259223135
3956.01955817746,868.389034627846
3567.55125063162,4147.92180353845
1955.22930381656,2929.78999362274
7884.29996983427,2182.22525085946
3748.03822839587,6705.46369246775
4297.29806246232,3412.85983343686
4958.42774953192,5708.18030067903
2755.63069999871,1248.65018275206
3413.63799127445,4571.14747667728
4360.9473363227,6162.60677143736
3422.02798592399,3188.2609006528
3552.25435783871,425.726581977609
4175.31379661839,3892.34935783281
3703.41273188123,4574.2732226996
3974.98193698087,4909.41011260993
4766.69420780227,4593.76684981395
3904.16567670449,5090.19172705003
4342.27111058964,1174.08695332586
4080.7765617002,1961.54766625425
4431.66993733208,5606.45147558876
4560.48103579132,5083.08775881747
4383.20526753658,3902.863230817
3898.99837723802,3315.84795868196
4579.12193242391,5199.99074462353
4747.18391350252,7065.15198116085
4052.76631888404,7719.68285995184
3917.89542652119,4731.98131746245
3707.29463344038,3543.91388167666
4141.36154025303,4987.32626704255
3105.70486953476,2664.55636254844
4057.33815240571,4314.15466018037
3834.56624923733,5674.93372935065
3801.74856194477,5195.5012904137
3579.58772976273,5895.21340716378
3509.88998316786,4463.22424500137
3666.85071188182,5725.74147929202
4600.62289250695,4319.78074930741
4995.25027566796,3820.7413580486
4073.43306295044,5128.61024096486
7412.39748809644,3660.58958278481
2555.52961321815,6302.52661431692
4152.52576427604,4801.25938480848
4296.16650920995,6068.03900003866
3041.58787488955,1283.20390537799
4051.72582551321,5947.21445462612
4704.23990396283,6571.22702417424
4635.90084336754,9335.92104962025
3280.62881006004,2601.13209188261
4362.53929136415,2224.22386876484
4864.87765739078,4168.38123204823
4305.86079943458,4622.12563728518
4119.74144544446,6074.34715468708
4347.72763532739,1691.53999938557
4575.48068617639,2860.0575683085
4857.20033976664,5927.38042903396
4584.08952479314,6894.88381684969
8107.6732408453,2346.98043982348
4543.42743489788,8625.06923411311
3255.83025751953,4507.95091356462
4330.54569993485,4046.02214492641
3702.3027316692,2491.73098110118
4363.28545894607,6856.01115639427
4003.47664609319,3918.83278226169
4047.91959478076,5261.65318888216
8242.41036239402,791.722998890672
2739.21104925469,4853.26043227082
4067.95194650254,6200.62737856012
4195.53436036837,5520.23763254736
3377.62232857068,3989.19039906592
4072.12050199807,5797.51988974276
3409.46051607512,6397.833536696
4533.89209406551,273.474350674445
3881.28741477626,4971.64087432716
7502.22007173484,861.569225124588
2663.42752790358,514.043099187729
4233.51247959544,4605.41735771535
4564.52494871532,4519.26017727771
2834.11320514521,1154.70739141573
3316.57273204433,4259.42535063252
4288.57565413059,5747.6217014483
3899.74789974986,4432.762175507
4456.64011431253,1893.57685591959
3485.38780623172,6627.77461130542
3876.1441326932,3472.76045128828
4964.53301537556,1551.16558711017
4770.8303612844,5898.62331191541
2897.60111812902,3643.02840417182
3663.32659901026,2871.31016941783
3823.36885711309,2809.47731449267
2417.84898161744,200.445557243723
4589.50004987629,5916.01407986187
4556.50040052698,6619.59109361466
3268.36352388672,3278.39588044543
3551.24833576553,983.700604693243
4025.49491217159,1244.67196054182
2455.14817340851,4535.91179424378
3684.41543649867,3556.58748786012
4019.86885943737,6801.16852163891
3770.21743040664,4696.91604569548
4224.61765458962,6184.94198584473
4784.12660329747,6353.50477492482
3752.6064165497,4471.5215107549
3868.90676335312,3744.47307053278
4040.79819001143,6254.56087452382
3491.24838224377,4180.25881321992
4146.65156092309,6485.52483598768
7294.66425336254,2203.48028152576
4303.89425983121,5325.19099618313
2738.2388321938,5722.89989199899
5021.8801206828,7725.13853841235
7848.95674078982,1542.75446758006
4837.48558451428,4727.94643264845
3650.86918815712,5673.85375703719
4678.26928518896,5920.787692801
3923.31789390269,1677.21842057149
2978.18650026008,6310.76721746669
4225.5928592533,4461.51929262555
3535.0887228938,5411.5185872873
3534.20288243706,2446.49286911071
4504.25735207185,5376.11249418727
4096.67168412448,4323.92938218417
3674.0512202412,3820.28678865277
4076.20628386096,4530.74027451257
2647.62465043655,3384.27354984008
4030.76072277018,4665.88608159775
4383.13848471403,4927.42586061875
2814.78308531567,3629.50253322807
4583.09789833651,7488.54848782146
4457.59727983061,6995.58975508552
8310.78188939211,2073.44933156802
4448.12722132493,5596.56258266694
3935.67945059692,4049.77329386635
4075.74578871769,4856.55658895968
8461.53584529483,5827.41321892327
4674.41811475188,3851.60091147979
3733.39503669712,4465.78167356509
3907.68148896459,4874.45858890573
2508.09182501674,1096.45485190873
3179.33648828028,6075.31337893775
2836.23990451543,3643.71046969319
4454.43531156079,4050.17120065842
4569.98235980689,5237.61344495422
4215.93650858466,6680.96937914398
2470.65357520759,1554.2913331325
3295.81422747193,3023.10780489671
3636.21358612179,3083.34945550882
3936.10176403957,6470.57817139742
4026.51872713532,3679.74154285559
3442.77472216551,923.345311732172
4130.67834369522,5188.85189157698
4922.1724857443,7077.99578658322
4070.07041620072,4856.49992635592
4098.50913255656,3540.95854632086
4384.67907987083,3848.30475479093
3559.9576200522,4499.42615168555
3851.95172998904,5732.73169946181
3754.04180502267,3677.41161041741
3550.56227821248,6121.46084114752
3681.10241419542,5193.00052445374
3855.18567240282,4394.23033638464
4918.95953476353,5391.4570655696
3952.39690125784,4296.02516410878
4284.67250800018,5969.20842484518
3088.0215139055,2115.56169753617
7668.28706777878,2153.24106047062
3973.34987244672,4346.88957665391
3804.66326576403,3920.25357590821
2225.5994232584,947.328287342533
4096.73374701703,4661.56703805446
2595.67559182687,3466.67958133778
4175.14424197565,1295.30908838904
4257.05489502381,6679.26442676817
4319.06489308799,4302.84497361203
3737.66742719458,4777.61712481736
3514.27283873543,2555.38253646493
3343.18880533903,5984.72340689404
3947.95988209671,7233.54393671916
4223.34542667988,6146.23931320059
8067.08002800371,2138.06711118244
4250.54889441727,5014.83300118112
4723.87238721236,5025.57437029086
3385.09883215109,5639.12972945854
3668.98327282834,4781.42493636107
4374.78375563892,6845.38353534731
3160.00079947097,4833.25557315688
4183.10391236729,2650.80299547915
4155.52238808059,6294.45642183368
4356.42533407381,3396.09446840801
2181.4903120482,5364.46198628587
4638.35480191022,5421.35039475011
1311.58113749247,612.191556002929
3896.94485565639,5006.19449123928
4151.77336436831,4669.29598634938
5204.47748408877,5031.93918754303
8863.40871785666,1584.18487374064
3186.70636208094,206.810718065788
3757.65207347995,6187.27191828291
8349.40504157581,899.191819741466
3749.08207197207,3314.88194585891
8737.95757219924,1722.51330087953
3062.13222695599,3297.49138934007
3486.99153567589,3696.96190013552
4404.49373240837,4091.2604683445
4863.33200849561,4069.66440491752
7848.9393340239,1155.84402633294
3518.13769142916,2968.43558080787
9023.96943649351,1217.56323890913
4150.31033747068,5790.1317627809
8690.19760566962,4576.66024059679
4082.69559509269,3680.53735643973
3491.00402102652,4878.26640044943
2949.11097307244,4891.33770199734
4469.28271979697,7403.81252388558
3778.04117530258,6325.88471557873
3813.43323887824,1270.98508001799
3984.37563466974,3636.20859466856
3368.58121520691,1199.66123896308
3465.54368144667,1063.54920762722
4859.14951415828,6727.45766268681
4005.60263366666,4131.21310111337
913.49846308676,784.334871928809
3179.28897661035,2599.54067614195
2197.86832339825,1759.90861079849
4100.4507242238,5242.1033220193
4713.71373223734,5732.73169946181
3784.27507543967,4672.64922849725
4054.41787638443,4844.33776359967
3684.01169138992,3438.88868846991
3984.78963896008,3311.81307386797
1203.45279458075,6179.03131513314
3818.39516035739,5738.52862211063
3584.70635834744,3729.64015400529
2673.11732920577,3411.60945045687
2339.07924664567,743.870690018908
4381.59219809448,2891.71272389622
3928.74212587005,3598.64297979688
4415.11533814026,5465.56540845852
3933.61521094783,3272.03085176563
2592.69642614636,3652.34897963503
3781.7501955985,6173.85979540193
3974.5775880305,1592.65276158833
4016.62327221345,987.792574966248
2223.71377456722,3261.5736413852
4276.54127125099,4745.5642738652
4397.01925206342,5637.25436641619
4341.85739026488,6053.43315678147
4411.95873826248,6205.28766629173
3946.89987576894,5936.58725643441
4171.68321321018,4570.29500048937
4240.3146749698,5138.49871103144
4378.17192814027,5740.11982642367
8090.17931346174,4151.21796022731
4799.865906156,7055.31975084279
4274.93988473936,4649.68903402752
3995.67726291576,4669.23932374562
4310.96473145607,5730.91299902322
4678.25845072501,6096.39778750989
4435.38433925228,5118.77843350205
4188.82168934254,4604.0532266726
4390.2852701661,6593.33474245607
3790.98755844567,3696.96190013552
3472.04312308157,5657.25922553014
8392.23082611849,2148.01266670803
4150.19830023408,5881.11921876143
4019.92474562959,5620.43191592834
4124.98202441015,5931.30156578519
4130.40214026049,7119.08547712455
4648.63712094642,4130.24687686269
4430.99875333912,3038.45237627904
3983.91563096665,4620.98900236797
4747.83502627835,5332.46579793747
2573.7378244155,963.639082975543
2312.17894605714,1777.98112712489
3159.87840051925,526.489262102557
4288.81592455436,3010.09337738018
4777.65271897505,6507.97337560257
3590.66457965581,6598.27918891698
3920.58899448782,5806.6696316842
5389.55041746095,1884.37002851914
4023.84842658221,5260.51655396495
3896.14584836499,3101.59248821556
3498.05251023145,6948.36274341756
3769.93504990883,5371.50886905942
4484.40746531307,6586.96950234864
4511.02157853888,3426.27216774546
3792.21464829758,5304.61824246583
3881.51258834447,5592.75519397849
4366.76323055329,3318.68954597498
4267.05843384225,5270.17795076123
3745.25563011323,1387.94483414163
3593.99314079315,8759.64714659494
4050.77438410456,5855.82909185351
3969.41000099565,3638.14104316991
4466.61946770763,5606.1106542557
4368.31879283257,6215.63112860939
3533.57129653929,3598.69964240064
4142.70613611631,2746.16658046199
4159.59149192466,4528.01243528232
4587.73167636448,3679.62821764807
4081.30783574227,4611.3846910307
9091.15641912666,1363.62082577058
4277.79700860159,6022.4598552875
3307.20776344219,6362.99576105457
3650.72547831524,5628.55919387059
4500.90933378918,6339.52433458525
4134.6727501235,6496.4932783677
3415.66812547801,4222.25764255292
4530.7754758112,4194.97840453989
4319.93205789403,5553.88211066782
5194.60577695485,7728.9467728113
3837.00015121073,6911.70626733755
4512.22931892251,5354.23227203099
3614.4027274984,6022.34610722473
4159.73996451218,5136.1121159895
4965.66506297843,3323.80440310243
3996.42128153184,3256.79981701844
3789.24650656206,5346.55998633982
3958.63141556882,6646.58617289839
3733.97965799608,1360.72247015998
3164.99529539377,4722.88823812477
3065.83268764832,1800.60007740631
2021.79913472897,3120.34696434952
4822.05336582607,6936.93930878645
3522.04345159361,2400.74331369302
4005.68637151998,529.501365775925
2073.92777060582,3095.28412213952
3102.89596905925,4368.14481874783
4194.04592056934,4518.4077010898
3982.37870033377,4821.60506525548
3695.0165993478,3862.51269125605
3548.40444046711,4006.12659761655
4153.6763556006,5498.92572784968
4633.83784137426,5197.94497091465
3313.68651465719,6335.65943758253
4124.55369029989,2424.55577292304
4552.888333897,3203.15069121167
4136.52710364902,756.487316457172
3753.33257430107,6780.70909312913
2941.0979593034,640.607428933171
4629.5294370579,5258.9253496519
4118.70101252005,6140.27197988524
3903.51607964608,6556.10994891745
4290.91338874192,2749.0650417864
3926.78426188291,6299.9691857532
3441.88645407656,2258.89123373973
3746.26273679272,4640.48220662707
8039.02194113262,3215.71054933236
3831.21181552366,209.595470970106
1635.35371458852,3482.87662890802
3633.5492895142,5526.03455519618
3904.02993081206,871.344264269829
4580.65776435827,1374.07793043719
3993.82786220326,4821.49131719271
3947.98629409442,3292.26278414986
3203.43094549318,1602.6551911453
5101.41679781324,4096.48907353472
8304.44774624547,342.695411846824
2859.15999089848,5123.77954256672
4782.17343979972,5252.90135373279
3822.20178542369,5432.83049198498
4194.28865548165,4992.04364023317
3770.96741881883,3040.78252014484
4241.41415968871,6438.97988984109
4653.64236323164,6211.42541027361
3856.88449913803,6554.06375235332
1748.02441828452,1716.26180883488
2371.55846686121,4193.55761089337
4585.37992496517,6123.16579352333
4751.35837092351,6258.99366612989
4015.8959429142,4201.68446598037
4365.85389144525,3418.94091481498
4148.10613523191,4623.14852413962
3660.04610252599,6341.45636023135
4808.74832134646,6090.82836098662
4056.02043194108,5762.90918737162
4473.26972709416,5221.30264932121
4063.07267210405,5197.20624278952
2466.69942610708,574.227928625363
3398.56310043422,5158.61731820815
3727.15704317198,5028.5292827914
4342.3079077945,6370.83845741227
4118.23584377861,5864.52426439912
4053.77555279571,1809.57962010885
4255.72119081013,7146.81886167817
524.968869425051,993.191590822994
8145.49112967042,544.845937158256
3304.44268620569,5497.05036480733
4460.1800059484,4445.83347705491
4557.19727085058,4785.28941050853
3556.65065813617,6077.52998616841
3672.3510874225,4555.34833589911
4181.2705863321,6136.86207513361
3967.52002144259,3396.37862713732
4076.19283714696,2886.54099273739
4522.6142069577,5425.27195435659
4836.59980709268,4965.16188615696
3964.45049144414,7228.48658790598
4043.93458679518,4920.54896565648
3421.93123060615,3272.14438840077
3679.1410748251,5235.51058578633
4062.4109819856,2277.98674263438
4700.43182404487,8422.63489364227
4710.22487852427,3727.70770550394
3105.45644863371,6380.32944354202
4010.08487109969,6454.15362770164
8283.79586944883,3403.76675409918
4345.03019702181,6798.38359694964
4657.11396811555,4687.19798629544
4254.75395950119,5956.70544075587
3230.80235911296,4544.37989351909
6415.63121311307,3499.64199393686
2522.86960733062,6365.78026288859
3677.54619431754,2878.92558107761
3977.65804131324,6385.10305648115
3756.30676117188,3040.49836141554
4004.49711660807,795.246598848166
7596.51411830799,762.568344978388
4381.45774212606,3765.84163783422
3112.98170989991,6219.77976148615
3816.87661367066,979.324581404748
3180.37377324816,4356.26681472089
3813.63363246225,5708.52112201209
4004.48717839094,6385.33055260669
4521.29746464933,5262.56275052907
3623.34147345883,4167.30125973478
7749.63384225646,8703.72453952612
3946.65739665262,6293.60394564577
3983.62820352694,8673.03539676146
4623.72662802188,4850.7030037071
4239.84299140805,6404.71000880302
4381.36030185087,4732.89087910936
4447.76044721733,6247.57023149878
3009.77941018145,3377.11270757614
7929.72474129198,5908.39845677446
5554.14931499052,4070.45979564641
4483.70455451285,2519.69207320797
3632.72440332189,5814.85357223021
4260.04016335359,3692.18786434113
3362.12462585889,413.394087840194
4069.54249265655,4596.66509971074
3450.95898538205,2390.28631474022
4428.17164018396,2502.81317154398
3674.40812570873,2100.27400018522
3831.1116472916,6292.4106481248
3548.97212519036,4682.99226795966
3688.30077825104,6017.62915688936
2414.55346025906,2055.7177422885
4367.48896931211,1575.31907910088
2418.06509478431,1287.12535927065
3757.39723606478,4590.07278633302
4745.3876625797,4955.27341609039
3944.48480218661,5241.08001230961
3346.39781278078,5276.71360153518
3734.54050467769,1353.84578662534
4189.96671145459,6958.6491202762
4096.55471980496,143.727480160651
3851.09404519503,5680.78731460323
4274.90837315791,4945.8390925644
3592.68667945006,3095.90931362951
3775.86640746275,6037.86108927359
3981.93437353649,1335.03443645999
5152.36061192471,5230.33906605513
3486.46151940407,401.459447637945
3321.26341513469,2451.32356750885
3715.9728850317,1856.46581044374
3214.50322367768,1858.11388878817
4484.55977594144,5507.39382712499
8316.20480351042,1766.04646049419
2960.63354931486,578.376667215941
4524.32493509462,4527.61452849025
5055.34669978675,6887.66610055436
2989.54026251816,4446.62929063906
4985.51593201326,5484.6611287808
4190.00402895092,5858.27277235447
4281.9982105,5412.54147414174
3756.26361207589,3671.61468776859
3999.63391122731,6253.99255706522
4080.14147741639,5923.68636555303
3103.97969091159,5582.63880493112
3696.70536320268,4742.09728365456
3450.51254984335,2011.50272858009
4345.48241733663,3546.35777360523
3352.66646513599,3843.87196318487
3392.24571719423,2618.29515227591
4022.13698645006,6320.76985845129
4119.9465678335,4750.50872032611
3843.80681894033,371.963760964973
4084.89754583547,5732.73169946181
3947.32605683251,5658.79334438417
7135.42375477171,3.58040007179939
3436.59840738431,4612.12341915584
4244.72077695169,5834.97175655167
3494.61610403884,4833.31223576064
8590.30568184326,6351.45900121595
7903.27557773413,2360.62005883
3309.52142650138,3126.25742363349
3811.28204610065,3393.87807260498
2900.38049527987,5654.0763940488
4319.43198719766,5290.0690618124
3625.36999864369,4510.22418339904
4760.42938707715,6691.82407346123
3525.99550613154,2445.24248613073
4706.40718422836,5936.41642291263
4245.35036427058,6124.41617650331
4362.78289749225,2716.84156874008
4460.59966319858,4549.26725452099
2695.16586560767,2164.49387300757
3939.50519341066,5054.16065388763
3605.8081518699,798.429166044972
2750.46308851484,7217.12023873389
3736.24804545015,2635.2311393989
3299.52826635261,6186.30569403223
4237.20224359054,5084.67938598576
4587.93377509711,7027.24512210086
3916.89901395973,4258.68662250739
4683.33758129012,6927.1641639274
4202.19653979618,2489.79874402745
4596.12429687859,5957.55791694378
4915.59475745776,6609.92969681838
4091.39510096542,5727.73059039714
4201.77414039959,5463.40588668687
4634.38776460707,4781.42493636107
5051.74242722848,2992.41866213205
4280.17585218179,5727.90100106367
3517.5407831633,3801.19106833049
3783.09336822423,4579.38807982705
4358.73788305539,4755.79398812009
4004.60946261986,3943.49792910724
3865.29586853959,2550.66537470193
2656.94063991252,533.309071605815
3852.99240648173,4387.69468561069
4026.43817679934,3820.96843131889
4410.64182542357,6598.33585152074
5161.77909586227,5256.42458369194
4893.65880613286,7131.13346896277
4408.83372056083,5791.66630449018
3463.45731147985,5989.21328395912
4028.22616449403,5795.0191237828
8505.19307058676,2573.05725171306
3874.37238480555,2949.22653527808
4808.48352872485,6091.68083717452
4754.5484701717,4838.02960895126
4439.66314869776,6780.42493439983
3977.75505106674,5161.74306423048
4137.99718453536,4403.43716378509
4195.03154007289,5879.86883578145
3563.71492425397,494.549842071727
4167.46960561491,5093.26081046859
3638.61399682871,1293.71777836218
4569.25891002714,5443.68518630223
4116.77819227245,4102.28557332828
3472.51321224807,4452.99453074648
4633.38564919757,2482.41061706559
3926.40214214129,4356.89179478325
3375.93565048646,4353.82313421994
4534.59603067231,4124.79119840219
8594.63905983978,5699.5988761962
3727.10036886561,492.049234682485
4133.39636242084,6056.67265086657
4042.862451372,5344.96878202678
4157.8443150969,5876.51601648883
4295.75372633276,1685.91369883091
3969.04211156502,5807.74960399765
4609.76976627551,2982.18894787716
4036.622105804,3312.43805393033
4870.07797265005,6415.11055657969
8630.68305442384,8648.20026210463
3900.73913783071,4628.83169872567
3334.17398995025,4015.84465701659
4040.63522554281,5019.94785830857
4090.22317204339,2990.31580296416
2949.73692378233,2492.35617259117
3614.33091820709,6462.39423085141
3741.18687732147,5922.03807578098
3755.14153609924,4032.09836719059
4725.2632843533,4844.28110099591
6850.41990974419,2040.25963427102
4231.57432827491,2784.13031355337
3580.40542302725,5975.40325428607
4130.23902118646,3454.51741858154
4408.31485104101,3412.63254873894
2355.67028778919,555.018830238663
3696.88040453186,3465.71335708711
4138.72798690924,5063.42414389184
4123.17844758883,3415.98557945918
4557.42020395973,4989.77037039875
3784.33613177999,1728.19647546558
3600.81585065423,5823.94665156788
4111.6438585327,4878.3801485122
4269.32015057465,6125.55281142052
4156.65655363775,6230.40738253312
7714.31259228014,2427.90880364328
4119.24868654606,6308.6643582988
3738.42680580464,5567.46506707057
4528.1639322829,6100.60350584567
4651.4111430293,5696.81395150693
4037.4728537928,4728.96931950289
2444.6084418827,6125.77988469081
3863.22723993407,6362.99576105457
3684.04182004086,4083.36068652779
4173.96106599587,2368.46296661532
4119.23014804132,966.423796237181
7975.21750805073,3788.97224297049
8245.28553329432,5748.53084023997
4385.02145445252,5785.18731631998
2316.10729611331,2378.18102601536
3738.58824899883,5258.41369479706
3925.00323430878,3693.55199538389
3469.14299282733,6341.22928696106
4303.26300886562,2156.87824992016
3704.32468067875,3279.41897872749
8250.09299610657,1887.66639663563
4418.84997251405,6967.28763021805
4161.8840774758,4871.95782294577
7671.48487132384,1863.05812382146
4055.26961770106,5735.51620129582
5325.6116683166,5244.14909572818
3896.68120166469,4220.32519405156
4238.47548046205,6719.89912505841
4203.30441811122,6451.59619913792
3427.45617958855,5207.72011577371
3916.95221823003,5318.31452407611
4175.19093509341,4495.90249887115
4016.87246071282,7532.64975346709
4874.6838053142,4932.76779101648
2118.01795836329,2094.36332947363
3957.61330948415,6054.28563296938
4457.19111632201,1493.93604017143
4431.93266423191,4946.97572748161
3758.45200812838,6315.08668386524
9152.20589769686,1732.68614110303
3690.2766626723,5104.05884218208
3853.28293816811,3910.64926457093
5035.41014324933,3957.08046265475
3969.0549180285,6153.51369209968
4951.70709962798,6077.30249004287
4216.29304305416,5493.12880520086
3984.79523747235,4025.6764644794
3936.75169914128,5802.57766141119
3435.84151471629,4857.74988648065
4371.17943328844,5039.8956319635
4041.95767589167,6924.94797955199
4352.80027701852,5246.53611362537
4441.40955218626,5525.12541640451
3982.42158423828,6659.03207152868
8198.03389212137,3615.52167003324
3513.40646326221,301.26505854315
3689.47131795265,5410.83652176593
4599.64211886847,4303.24288040411
4246.0215572005,6426.70397902208
8110.42005312036,600.200015340842
4513.58111861627,7303.22033371252
3524.28613962238,4253.85592410925
8209.79793970441,7529.46734484101
3746.55254315115,4732.60672038006
4256.8857859458,4419.52046329256
3200.49695919947,1835.43806447537
3715.48071110131,4889.97357095459
5345.8743636757,3463.55383531546
8096.21648484715,3568.63547969834
4233.42796589037,4698.393924801
3030.29544235221,3403.82362813056
3964.33258304828,521.033425071332
2861.63829880608,926.698448166228
3053.0653343794,3341.59286641333
4151.83111048379,4453.67659626786
3304.90473574566,3875.58399280397
7890.23468599778,1175.33723059203
4289.40496943898,5863.95594694051
4416.38111926951,5792.00712582324
4409.92240728332,6821.11629529383
4231.80506058564,1160.27692365282
4792.83285441156,7073.50590951814
4327.12525261861,4263.57440636454
4238.21417303435,5966.5943336777
4440.97930055307,6594.13013318496
4621.43475739559,4380.76112804466
4398.54271298672,6577.59226428166
4501.42679016754,4304.37951532132
4776.7031598463,3869.2754153003
4735.00571865922,5331.55623629055
3495.32839616849,3856.48827248169
4127.04652983061,5028.75677891694
4235.30614062619,2393.29831269977
4009.40740205032,5125.20033621323
4324.9425124365,4348.19662223765
3060.28066490911,4816.8310294611
3748.15605030531,3846.54271695611
2607.21710086956,1266.38177203158
3466.96441967645,1711.94255386396
3167.04343154731,3782.60700286306
3355.470280418,2505.88204353492
3440.27381554364,4151.78627768592
2263.30022306582,3038.96381970626
4355.83797527821,6831.23226148595
3382.46990219875,3019.12958268647
4698.12392550359,1958.36504620054
5316.75806228258,5819.22970123251
4579.56467824728,4827.4019879043
4054.55113910904,6507.80296493604
3907.86661291862,6218.30188238063
2845.33211336714,5259.66407777704
3411.59207879805,4141.9544702231
4663.29151697874,5766.37617758226
3977.61557150644,4398.37896926141
3754.60189086208,6154.59366441313
3155.33296896865,6598.3925141245
4068.27371143095,1101.28555030687
4051.98086165722,5692.60823317116
3397.06559434209,5636.45855283205
4359.79563404463,5124.4616080881
4794.78741326352,5368.32646043333
3235.42355180132,3810.34123312718
4130.67690211371,7326.6913373266
3744.03888467776,6038.4294067322
4713.9467340904,654.92900774725
2912.99517371006,3259.58453028008
4323.29175226137,6713.93179174306
1711.83668779623,288.477942152994
2909.98047939771,3054.76296048442
3725.39648211804,4595.01680993868
4709.73874463104,6114.92519037356
3945.52933530966,5569.17001944639
3436.73893798525,4651.96230386193
3760.42295077095,6215.85820187968
3767.38355122748,5777.62877869159
4155.33735536411,5110.59449295604
4045.18006635186,6896.3046104962
3282.18709212519,6586.34452228628
3693.95359672214,1580.54757857728
3042.86837213605,1253.1967224209
3737.26020971343,5252.84426827378
4655.05971751881,5353.77770263515
3859.81317048148,4229.36161078548
4742.34844673497,3781.58411600862
4377.94668798847,4073.35846839845
4529.56298950562,4728.85557144012
3604.72913402285,5143.44315749235
4316.37076831566,5914.99119300743
3715.3764685223,4828.25446409221
4276.9974311779,4479.47795517537
3636.59498647808,6822.42334087757
4120.2918975105,6407.32452282575
4738.08997891864,4486.24110207487
3834.27331247395,3032.54191699507
3833.86423219955,5204.02605229278
3285.32181258882,2056.39980780988
4818.12718822774,5426.1244305445
4849.6767092969,7385.91052393952
4808.88263061376,4848.94096587227
3628.22162125143,996.715137923582
5036.00818173078,4856.55658895968
3830.86696759339,5767.45572704046
4196.61173925473,5927.09627030466
4406.71695159895,1873.23117547259
2197.30653148809,5450.5620812645
4481.70762096394,4497.77786191349
3870.7363963558,2434.67195054278
4377.91751967129,3683.49269179553
4907.34841629578,7040.71433044084
3616.79300053519,6089.35090473634
5157.61890914494,7308.73267477679
4361.7467904502,5319.67865511886
3980.0007463018,4683.90182960658
4476.29552375732,999.954526294867
5114.04200483942,7982.30218843104
4279.60252857912,4395.99237421947
4618.33920360454,4772.3889424824
3909.46247042573,5699.71220140371
3712.42386167133,375.373665716602
3524.35750332965,5564.85055304784
3887.08584127512,6204.60560077036
3409.31464032839,5644.86956664835
4749.9878502701,4725.5027521475
4212.21770201057,4888.09820791225
3534.43854893214,4296.19557477531
4488.1678697644,6706.65698998872
4033.65851132383,5514.55445796131
3634.01838331245,4301.76500129858
3413.18938239996,1647.89319742196
4690.89834635794,4926.97129122292
3630.42022967471,5122.92706637881
3733.52994467809,5211.64125252493
4014.2635317142,5005.79658444721
3891.84123248542,2144.20485516432
3405.53788033649,1107.08236724188
4192.99298007702,6807.13585495426
3967.79469605539,3929.06249651658
4458.99167420538,4139.68120038868
3089.98187544952,5612.24839823758
3574.32493601115,5841.96239957671
4431.45529073403,5576.72855707478
4650.97036199524,4726.46855354293
4825.65896541468,4826.49242625738
4659.86913866759,5921.58350638515
2529.0883243329,6871.01448358829
3882.55685779526,4834.90386292893
4186.64003825764,5946.87363329306
4353.74861195594,5375.26001799936
4773.73263289593,1992.74825244613
4843.73591381046,4990.73617179418
7135.05548072272,2884.49521902851
3599.87254458204,1357.08517499662
4238.91505886675,5149.694649537
3688.66311973186,5390.49084131892
1887.98303917095,3130.97437396886
4942.84413880377,4032.55335944167
4133.74092423008,5748.81499896927
3718.11838754029,6403.85753261511
4121.88715299845,4560.06528623448
4290.82778424154,2940.92905809692
3013.48303553999,4106.26379553852
4413.61325656926,5109.62826870536
3713.411867192,5167.99455627513
3383.22366575703,764.614277257984
4025.82141033585,5842.30322090977
4040.93752411344,3043.90826616717
4771.06421840467,8456.22228630372
3910.48952710189,7167.619111521
3360.18415784427,5098.7164889291
4200.2776717454,5348.889918778
4197.29931639342,6531.61521273843
4875.17750634657,7095.10197294513
3108.41779990333,2426.88591678885
4321.62002393165,6472.96518929461
3554.43564268621,4337.3419279204
4370.53130522908,6200.34321983082
4642.55245461522,5649.70026504649
3394.21178533069,5104.39966351515
3860.14562616982,5476.02261883895
4096.34647961799,5258.6411909226
4356.57248848796,3073.68805871254
3832.47165911721,5527.85325563476
3822.94738645083,4878.55055917874
4452.62451051266,6905.68184856318
4499.55068895932,4636.21982568753
4791.79523806539,6092.70372402896
4018.9548164505,6001.03420252705
3695.17077370743,4980.44979493553
3347.1563764417,5269.95087749094
3876.68295678194,3053.11488213999
4362.52352607229,6066.67486899591
1876.48740700106,2878.12997892109
4164.65990863183,4581.15011766187
2717.66655653447,4325.9755787483
4512.53349275091,6892.2126402232
4139.06919810733,4553.58672091954
4424.89091963418,3009.46818589019
4350.67011859079,6039.45271644189
3860.58808244706,6220.91639640336
4336.15732435233,4847.463509622
4041.44318429185,4754.82776386941
4046.17949598555,4591.89106391635
3880.75609558532,4250.33227129484
4830.8619243453,5799.33859018135
3273.24447284557,2135.96425201455
3852.46727288098,4337.05776919109
4828.32101916654,7176.88302438046
4283.14898207746,5437.32036905006
3722.22887634245,5236.19265130771
3966.74655053358,2941.6111236183
4482.39743725308,4869.74163857036
4257.79197748498,5805.76049289253
4027.35347496228,5755.86230459807
3812.78239416941,4298.52593006874
4490.67925407527,7236.44303232645
4441.83629655981,5624.92179299342
5036.37127038455,3789.5976458881
4672.9310728473,5441.35525386406
4273.96157863578,4547.78979827072
4134.46066831293,4911.91087856989
3268.67895158197,2023.09636245011
3127.46336558281,1605.38313608936
4438.92544351807,4892.75849564386
4232.48951450138,2787.02877487778
7930.95405820056,1267.91620802705
4930.21034930213,4835.13093619922
4688.57873612741,3951.9656055273
4819.82775988064,3719.29669168763
4388.27256766777,5135.03214367605
3570.98898855269,5173.2798240691
4381.75921836269,6488.42350873971
3788.70420440247,6545.65273853702
7546.49553081778,1679.66220678625
4235.42872019016,5483.35408319705
3842.16865114165,5851.45296285121
3881.32110682321,4854.39706718803
1277.03114034451,1919.26488961958
4615.00589987519,7316.68911919725
3629.86451029044,5080.64407831652
3989.06649834544,4473.16980052695
3451.13971478915,5191.57973080723
4302.92129506795,4302.6745629455
4041.88045050073,6831.85766440357
4980.90969705236,5943.23623241589
4448.1860615797,3130.63334120817
4175.97063600802,4522.32926069627
4754.65844064367,5523.30671596592
3670.12949294733,6169.48366639963
4254.32193555411,6457.05230045368
3293.31717200089,5714.88636211951
4242.78874173415,6581.17257969982
5410.39908474281,1900.56707608938
3751.00503258003,2318.56456689324
4549.33369526176,5888.67775638982
4379.64833582109,6177.04220402802
8464.44658099042,4811.20494033406
3164.11280248041,5583.71877724457
4494.90727328736,5404.41461905474
3290.85694133409,5713.29515780647
4694.93204665918,6643.34667881329
3624.36384395319,4691.97202208982
7795.46636076147,3960.94535965746
4602.25228823744,6988.03121745713
4366.0376301812,6354.35725111273
3410.28856034177,4541.48164362231
4385.87476849183,6053.48981938523
3109.91910242741,1865.95658514587
3736.06059479658,4337.00068373208
4428.07091249799,2864.26307521665
4364.61760297203,6409.99569945224
3506.96995751206,14.037440732006
4499.96075759999,5030.80255262582
4054.77048606997,5296.60471258635
3487.85671201836,3635.41278108441
4629.70416357878,5242.15998462306
3122.16648664297,501.142314020162
4175.98361776951,5382.19357556539
2955.11472891042,3377.96518376404
3924.9135602883,3167.28981728818
3856.45468604627,4840.92785884804
4215.3587896995,6137.60080325874
4015.61101163866,3254.81070591332
4006.47125305548,4853.9424977922
4399.47484565064,6456.59773105784
3418.6683809932,3157.85591661744
4807.37168434703,9239.93206171979
4443.65029825264,5331.15832949848
8478.36209975164,2161.424789589
4223.9659054626,5830.02773294601
3561.24722823002,6093.44287500935
4543.40656044891,6653.06473821333
3822.58197501603,3437.63851691755
4129.8332432987,3717.70548737459
4669.8039350567,5488.92350972033
3505.02624404978,6045.42004975724
4292.59749538918,6482.79699675742
4195.96997572634,6088.44134308942
3872.18034340342,7209.3337821247
4496.67861197981,5432.88715458874
3728.44462731778,4672.59214303824
3524.47097078972,7520.65842423263
4063.20916819854,5417.31550993612
2057.46644811897,4044.26052994683
4553.01224062082,8407.00616353064
3434.89501924488,5098.20525692951
3050.74036786647,1583.73019863099
3897.74979259829,4094.10205563753
4455.82727025729,153.957194415538
4058.04935854242,4730.04929181634
3994.79154490512,1336.56897816928
3851.44710939645,4928.05084068112
2419.07538618129,2238.71596395926
4307.58756647563,5826.90198692368
5002.24650799161,6978.19940999431
4418.66398927228,4693.61988900662
4191.80698633523,4910.43299946436
3749.78923787465,4253.51510277618
4059.83541353428,1304.4590417581
3907.07336579018,5794.39414372043
4260.55231966251,4050.79618072079
3880.22483025422,3328.18053210473
1834.33410373091,2865.34283610248
5179.12716038741,3266.40433978334
4185.99004542132,4792.22296807456
4821.59717844113,6582.36630007604
4397.23252315461,5414.81474397616
4014.81821885239,4319.95115997394
4418.09302167174,6109.01451966197
5142.19787383626,6595.72176035326
4620.01894060723,5103.83134605654
3596.12378337438,6384.76223514809
3872.31741530826,5644.75624144083
4521.89829927167,4806.99922199829
3939.01313495725,6005.46699413312
4254.13597682265,2796.40601294476
4278.64203625766,1748.14446054814
3776.74357728685,5812.92112372885
3811.90886610482,4234.64687857945
4378.9177740868,5747.22379465623
3390.88423496701,2164.55053561133
5034.23700508783,6086.62306550609
4218.78176282807,4963.40027117739
3655.56010799295,2974.06188136253
3595.7476688685,4975.22118974532
4682.29934334087,4235.27185864182
3410.86356298751,4391.84331848745
4713.31776021746,5082.12195742204
4109.43599807977,6689.72121429334
2952.12531536687,4384.34186631807
1158.53685720575,2621.2504876317
3619.5772009231,5234.4876989319
3883.59107417791,5270.97376434538
3767.62262726018,6206.93553320853
3348.4069321095,5479.94417844543
3900.43821044067,2941.6111236183
8000.20966244005,198.399611749901
3592.78867931125,1133.16809630632
8399.8445055763,1719.78535593547
3364.00739817838,3111.65158037629
2910.61714434091,4182.92998984641
3999.79055379164,2933.14302434299
3421.42417600549,550.244953015002
4342.74769040107,5112.12903466532
3875.45347819827,4400.59557649207
3591.06037838406,3737.70992363328
4214.04025530272,5597.07423752178
4804.23151916066,3873.65154430261
4032.09510834148,8106.36622792868
2788.26432746666,4513.74741335819
4139.61457329722,5356.61928992818
3676.68431453526,4040.62312906966
4491.60628286646,4902.30614437737
4389.56195200048,4724.99109729266
3660.8414348453,6333.55700126989
4058.27195880789,4208.39052742086
4544.17085957953,8783.2889837308
3867.07843216512,6706.03200992635
3809.0002931805,7094.07950894594
8272.52030624085,2046.39737825291
4659.25819317698,5213.51661556728
4344.62088863216,4411.96192566416
8548.03577281618,2137.78295245314
4285.39670819887,1160.16317559005
3763.60885439531,4822.23004531784
4084.7072655713,6120.8354382299
4394.76396543302,5311.38096651008
4320.6897428524,2317.31439534088
4271.04378686741,1753.4866023735
3894.66941450935,5100.81934809699
4690.5775688346,3249.24127939005
4023.23255124118,1535.82101572784
8698.75334174702,2859.7734095792
4935.30092969038,7628.97956270061
4240.59717769209,5388.10382342173
3797.04400487327,7463.71250745412
4354.07365999132,7115.2772427256
3589.18800161832,3095.79556556674
4806.24528859333,3967.08310363934
3879.14897103685,5011.53684449227
5035.92082538087,5290.01239920864
3793.66640317342,6628.7408355561
4229.37684773594,2832.3804235034
4117.21459754136,4940.66757283319
4717.3562239789,6470.23735006436
4879.74655923072,3262.02842220866
3440.34537262977,7308.2776825257
4188.73879995505,5634.24236845664
4177.13622103675,4998.18138421505
2389.59442343686,2690.86937631079
1235.40429686414,935.791527503906
3721.99137855811,5342.18385733751
8946.89248290753,1836.23366663189
3766.62749366122,6153.11620816286
4128.12263493933,4625.59262749582
3912.22961848926,5404.1871229292
4076.21498217308,4990.39535046112
8431.89721219555,202.491502737546
4389.23625809978,7157.50356818414
4179.0574987458,6098.50064667778
3893.17231860326,4816.20604939873
3017.36141881442,1905.05695315446
5003.954451488,7208.08382199997
3831.16952738167,2240.02322097063
4802.51588059334,6477.62547702622
1003.85830909285,1466.25900108014
4751.95277151815,5248.24106600118
4155.32729364359,7539.41290036659
3891.06534355515,4310.2331005739
4192.68005913248,3484.24054852315
3937.8871109683,6045.7608710903
2663.76949859864,4202.93484896035
5110.69401341363,6790.88172192501
3149.88307532026,1546.05072998273
7867.10412682848,2097.31866482942
4320.02660204664,6432.38715360812
4237.34614666148,5768.25154062461
3525.04592155185,5913.17249256884
4176.09889878254,4650.88275440374
4152.54816037139,664.704046892491
2161.42789244318,1992.35034565406
4069.64433787858,4651.28023834056
3955.32378797329,1665.90883971697
3775.22388279678,1420.45257163106
8643.28236249378,2299.69655412413
3923.03686247214,2896.37301162783
2265.56344385857,831.448399818532
3995.71401578865,4217.88151355061
4462.55143719252,5856.85197870795
3806.39643436849,4263.74481703107
3427.12994308278,2013.37809162244
1658.91105476149,236.135888358416
4105.8895926049,2593.06189939938
3771.11587295749,2654.89496575216
3901.77624798071,7129.42851658696
9061.26569684141,3042.43059848927
4646.42994576326,6768.66067843566
3645.32903645582,4040.39605579937
3652.05324241477,6375.55540774764
3831.15433878819,5937.55305782984
2864.10714260922,958.637868197057
2387.39753718049,3900.64662358634
4251.76679285071,1411.24584994443
4324.31191624527,4859.51192431547
4187.99888101047,3879.10764561837
3266.83249970277,4302.6745629455
3963.32964470784,5000.85256084155
4757.15389512421,6125.49572596151
3078.8979978428,3749.07627280538
3817.95767997472,5064.0491239542
4071.49262838478,5775.18509819064
3734.83012998544,3098.63715285977
3519.77128839569,6631.52576024536
3609.55959712595,3204.45794822304
3817.70311412993,4795.34871409689
3252.3444057372,399.015661423182
3868.62315419682,6015.35588705494
4220.0656512248,5176.2351594249
3861.44266676695,1800.71382546908
4798.64545610996,5410.09779364079
5094.37305681056,2845.56547311408
3957.13558374713,2715.3070270308
4026.07562561769,2923.82266030739
4918.1237239511,5525.57998580034
4390.38027382493,5661.06661421859
3825.50257064842,4395.59446742739
4511.76949636247,6558.89445075146
4546.882670767,6987.46289999852
4727.37995547952,4911.11506498574
4670.35448081122,5989.15662135536
4324.62467358058,5912.88833383954
4233.35798329883,1130.04235028399
8184.88990648975,3692.58577113321
4378.00044773878,6416.41760216343
4570.65702986708,5957.44416888101
3976.94418446128,1878.74372796448
3481.23128239387,2194.50095025085
7725.70640161358,3038.16821754974
4001.57648918688,5893.56554024698
4634.28376919436,5809.62496703999
1813.85736061027,2897.56652057642
3863.80885791523,2578.91083696564
8791.87029773863,3924.85720103606
4031.45886741655,4856.44284089691
4675.59024931648,5370.59973026775
3858.21565227362,3403.82362813056
3946.76981234357,6794.85994413524
3316.38058329302,4845.01982912105
4472.50622779873,6728.42388693749
3524.2030380798,2754.86196443522
4460.4604636646,7286.05663903635
5316.39615948764,3913.43376640495
3459.9460452416,796.155896210553
2650.32660802329,3263.79024861586
4257.27767793191,6785.53979152727
3883.97326612166,3685.08389610857
4201.32310135998,2525.37524779401
8214.88940667203,2689.56233072705
3263.73572308059,2437.28604171026
4291.11457530673,5122.75665571228
4286.89740568841,5585.02582282831
4727.48412730757,4641.96008573259
5036.44437811531,5172.37068527744
3721.57004475213,6062.86705745221
3492.54240950371,4987.09919377226
4138.81064985644,2344.82091805183
3814.74434649533,2559.81532807099
3971.41821435848,5650.49607863064
4239.64100387517,4991.47532277457
2261.63087064491,1618.62484830381
3576.09753105707,5057.96846543133
4367.74561196424,5668.11391984739
4386.29190514061,4719.08042658107
3113.31512793678,3254.18572585096
3132.93833227171,2717.29613813592
3785.89245778805,7213.53950046048
4322.64021826446,6607.54267892119
3917.66728361059,2879.20973980691
4538.62926514579,6315.82541199037
4233.93235010311,3767.71742373182
3760.71159394221,6159.8789322071
4363.22348953323,5333.31827412538
4466.33549267742,3635.46986654342
4218.91161019867,4930.09703724524
4672.36271467239,2328.85115517951
3785.89183162634,4079.95078177617
8252.44036648503,2058.33204488361
2560.29300534693,3873.70862976162
5006.79378051003,4198.44497189527
4276.55030909221,6157.6627478317
3883.04158958002,3502.54024383365
3169.79052183818,2646.8816473003
4375.27794023203,6462.96254831001
3472.90193109975,4950.55646575502
3977.51590633337,6473.59016935697
4150.57848909637,6460.4622052053
3983.11763329409,4947.31697166992
3821.97483835431,5609.52055900733
4339.30537415215,6543.72071289091
4740.38005023275,4651.62148252887
3714.59432789965,5524.50001348689
3664.0303479,5064.84493753835
3688.84414513867,4342.74094377714
3358.23625316766,1988.03130211076
5383.18867096049,5743.92763796737
4165.6252128042,3359.55174039077
3623.8672400737,6453.18782630621
3916.57658132204,6172.15484302612
4400.0772633173,3368.07650226984
3773.31057247836,5571.9545212804
8353.61535032018,3704.40668970114
4169.91803535688,4158.26484300086
4081.74999636273,5234.82852026496
3916.07411694635,6745.58673590315
3857.59488991866,6088.27093242289
4948.06516676972,5479.71668231988
8870.17564515799,563.48671808635
4161.26004607621,5813.43277858369
4740.57050829798,5875.09522284232
3582.18998401472,2533.44544027725
3483.54978964013,1832.0848223275
4095.06143231781,3632.40078312485
3682.29591969382,4068.98233939614
3916.36124402908,5579.0018269092
3819.30952521267,5592.92560464502
4343.83912320989,3047.3181709188
4175.21214529059,6651.18937517099
3364.35397797236,5256.36792108818
3962.74776009826,1237.79538272099
4262.235679454,5090.0213163835
4643.46535429599,5475.28389071382
3955.03006437494,3400.41372337893
4162.55006250631,808.090562841254
4098.26256734252,5763.64791549676
4617.06898223416,3590.51570185463
8259.09771478514,1251.54864407647
4481.51323052671,6545.36857980772
4883.32699226202,5455.96109712125
4895.25728316192,6674.49039097378
4024.80213790991,502.619928841153
4856.53400452017,6149.81962861875
3373.98809728505,5712.04477482649
3871.37081918172,5458.29102955943
2754.54255051278,5385.37598419148
3312.99921167472,1652.21245239288
4316.53261321194,6866.97959877429
8310.40384614421,1798.95199906188
3815.3312037487,5952.84096660841
3943.57418167154,6281.10096155647
4834.87240792847,5315.13211545002
3956.51422210799,3107.95751689536
4087.59463284373,5837.3021118451
3835.2196321714,5681.4693801246
4042.54610211834,3943.44084364823
4976.64077783404,1092.4766296985
4681.27379143643,6413.97392166248
4251.0575750542,5416.00846435238
3868.41390653676,6440.45734609136
3908.96985015609,5820.19550262794
4519.83869655474,6309.85807867502
3714.30316125939,4508.23507229392
3808.86043516455,4841.89408309872
4287.63526608525,5099.22814378394
2174.65299038374,3236.51101060282
4199.18320682988,4682.9356053559
3561.22792203702,6430.79594929508
4925.84366800782,4936.97350935226
2330.43363675097,1370.66802568557
4359.16222490656,6817.19473568736
3847.29943268392,6462.05340951835
4032.11453951792,6613.90791902861
4355.6549819061,6545.53899047425
4116.35070395789,6642.60795068816
3159.65721526484,1920.85609393262
3466.93978574986,1350.37900784232
6890.9124539796,796.724213669158
4764.11288348358,5066.09532051833
4233.01737748188,6464.61083808207
4131.19308565861,5834.3467764893
4258.90045459343,6324.1226777439
4691.49693383109,5054.84271940901
4309.18710534266,4022.83487718638
4102.46163792844,6986.49667574784
5388.18057574338,4274.71325941109
3991.2441242373,6504.62055630995
1718.2853959256,1035.87216853593
3771.60780004619,4945.55493383509
4152.22709925748,5371.56595451843
4122.7758408079,3220.48437369912
3891.20866093575,4837.06338470058
1992.39961864783,1402.49380336744
3963.64791017487,5048.81830063464
3526.69301137015,575.421384717052
9034.08255741171,2219.22275970016
4751.32268033915,6934.72312441104
4985.01889777568,6172.32525369265
3668.81946389922,4590.41360766608
3754.23107352675,5465.7362419803
4803.30356187222,4993.5777590872
3961.14883446354,5140.82906632487
4110.23059159042,1514.28182633225
4159.41343386487,6177.78093215316
4881.83708883266,5225.22420892769
1921.8780327898,4776.25341662986
3567.5876039842,4924.52718786672
3894.75895557221,3818.97932021377
2929.84952377934,2267.70015434811
3001.18393900697,3128.36007137375
3694.22082343234,3747.25799522204
4898.27294886997,4979.54065614386
3289.16257631141,2918.25323378411
4526.49488044124,6071.33515672752
4431.07744808108,5429.70474596266
4541.61243829039,4712.88601999542
4541.39937892265,2737.58515597916
2286.14177814772,4740.56316480053
8395.81440107199,407.426754524843
3376.03917293074,5317.34829982543
4603.97840963923,4474.19268738139
3080.53790701366,4663.61281176333
3792.27873749353,3055.50190003718
4913.18354715917,5453.68782728683
1601.6271946501,3796.92868739096
3934.94950432733,6006.37655578004
3940.12482725751,6363.56407851318
4673.23823972059,5526.03455519618
3452.21443460553,713.579348332507
4349.36457672733,5370.08807541291
4179.01436000318,3922.98141513846
4123.23511508946,6578.16058174027
1169.91423253053,2813.34178864014
4792.22273784471,4142.69319834824
4106.52278136364,779.788332259971
3495.43254201701,5049.04579676019
3845.29970148293,4586.77620678891
3510.45082715573,5127.24610992211
4132.42126634452,1777.98112712489
3141.02028578048,2237.35204434413
3684.56706626742,4989.94078106528
4766.75283498165,4816.43354552428
4013.42049054992,5849.5209372051
3894.64601112736,1130.09922431537
4756.74034776536,1896.7594759733
4558.24379111247,5797.51988974276
4369.8029333605,3072.60829782671
3103.79719003671,2185.35099688179
3589.7774792703,1374.9304066251
4399.05172776921,5327.63509953933
2367.57366413101,2477.29575993815
4069.36090632893,6643.85791081288
4001.18065735345,5693.29029869253
4327.99169652804,2873.29928052295
4471.8032713595,5695.27940979765
4098.04506730056,5009.32023726161
4233.82892519993,2054.80860349683
3898.91301067501,60.468972475042
8633.27181537763,874.072209213895
4433.56567806505,3952.42059777839
4391.8763451573,6783.77775369245
4335.45943183159,7072.14220133064
3633.24310438255,3279.58938939402
2797.99064624664,3044.64699429231
4847.16721372887,6914.54785463057
4642.39550065617,4843.48528741177
3310.45903274372,5408.39284126498
7462.02388120889,3539.1400573099
3970.17500616397,5439.82071215477
4130.58538881583,4183.15748597195
4211.89222984968,4689.41459352609
7999.48796600162,5447.89090463801
4155.04566878161,1648.0637138023
3946.65776906392,6361.17706061599
3422.55535451998,518.419175333131
4582.44530264071,5005.11494178108
3490.50116646563,5304.56115700682
3995.15944641494,5040.40728681834
3596.47315714228,6369.0768424327
3800.22995292785,5046.48836819646
4278.25249308651,5849.97550660093
3890.13498065866,4980.10897360247
5609.05536251279,3789.42681236632
4047.45630045081,4369.0539575395
1963.78974040349,7214.10781791908
4469.6527455263,6302.86785850523
4235.22928658331,5552.68881314685
4732.8986413138,5125.88240173461
2660.96485758213,3444.00354559735
3645.3188552963,5473.06728348316
3751.66659713697,3788.57433617841
8351.07548016028,5549.16516033244
3882.23008684807,3158.02632728397
2978.33018658842,1058.37758218221
4066.45586158641,2498.32350590652
3737.31325975352,4626.21760755819
3807.48595906695,860.546232556337
3609.44378169676,5387.30843269284
3351.78300451086,605.201230119327
1960.44150787972,1412.43935889302
3433.83500631267,5178.84925059238
4339.64093876113,4986.70128698019
3397.63218007308,3959.01291115611
4389.89964230144,4154.28662079063
3828.04021910485,5928.06249455534
4440.48357529385,6647.94988108589
4460.36913956103,4256.35669006921
4647.76830279676,6481.60369923645
3816.95000104083,7085.27016548231
4288.0738465926,5669.76220961944
4049.40782847847,4189.01107122453
2826.37551027673,1533.14994481516
5091.31037829678,5271.31458567844
4141.61695225708,4434.86503467489
4446.13793487444,4828.14071602944
3306.38070780256,1647.72268104161
3513.33142806737,2695.5296640424
4129.11989503453,4526.98954842788
3290.01124516695,6367.99687011925
3958.14448432805,3138.58978562863
3983.29527508979,2976.22161456181
4140.43152296889,6999.22715596269
4647.97240243287,5321.2698594319
4582.67422434512,5681.63979079113
4525.94688945217,4184.35078349292
4120.74551319305,2175.86022217966
4169.61397372513,7589.70899545312
4337.78493603841,3176.09873789655
7697.85104155152,1299.96927040684
3962.75109060102,4781.02702956899
7840.04110081823,2954.85283583274
5225.67945203307,5427.82938292031
8412.98792331416,3499.24408714479
4206.42362852374,5532.79770209568
4153.46247006991,3516.40735896571
3101.81951439733,3903.99986573421
3355.86936400059,1542.52718288214
3184.16625983903,4914.58163234113
2475.96255294999,1263.82434346786
5187.02620679335,4249.19563637764
4141.2070094602,4327.68053112412
4441.80179070155,5777.62877869159
3244.10916964459,3755.78275710112
4241.50148778674,3164.3915673914
3941.29895848179,5278.87312330683
4816.20766559693,5067.5727767686
3682.5067329614,4505.05224081258
3920.90635563739,5277.11150832726
3079.39008865095,4419.69087395909
3334.43039170057,758.305964038852
3299.06398886164,2462.40575795165
3485.20534644321,4734.93665281824
3883.97822550251,5563.25934873479
8521.21145316499,2447.45909336139
3643.87907303494,6283.03341005782
4090.79424904449,5667.14769559671
4363.04838696302,2869.54834301063
4206.41006711239,5788.14265167578
4131.2551594814,5712.55642968134
2191.905124047,4224.8717337204
4055.89811032726,7053.04648100837
3065.93760091761,4207.70846189948
3652.24017048715,4172.87068625806
4038.83015395073,6039.73687517119
4040.89580093618,6756.49851567941
3703.21565705071,2342.71805888394
3130.90612192535,1147.43290680282
2487.01433307066,3761.80675302023
4007.81449468812,3578.06980322433
3792.67153174146,916.923303307174
3625.03241945299,2002.06861648173
4056.92697775783,2470.81677176795
2452.0941420522,642.198686103121
4205.66697326729,4088.93011305107
3697.12934727735,5440.90068446822
4329.54630273815,5637.5385251455
3869.27371243412,4513.69075075443
4616.51928517207,7157.2760720586
3462.97564151781,2802.08918753081
3926.85195519789,5013.86677693045
3917.34466538199,371.452264680847
4060.11381574365,4035.45160933846
3857.71662078269,4229.13411465994
4272.01344566016,2978.83591715692
3862.3362529183,7603.51860227091
3373.95292235879,4594.96014733492
3844.91758620218,3294.70667607843
9067.24411576483,6226.14500159358
3833.10711659038,2758.32874321824
4908.90028034532,4794.38248984621
3780.38906054527,2227.34961478716
2952.22488770567,4550.06306810514
4206.18087179472,5878.33471692742
4077.38650420209,2897.28236184712
4133.58704726379,1694.26794432964
7960.61198806764,4359.33589813945
4355.89289556288,5437.03621032076
4192.15295378709,5745.12093548834
4108.22693242348,6067.41359712105
2679.11429133002,634.924254347123
8759.30839315357,637.140650150156
4154.06248960905,6202.61648966524
4356.77550861453,3974.75538933051
3899.55708803767,2680.92382078521
4970.44093787251,4888.21195597502
2270.12264176398,389.752092133614
3811.30805404516,6022.85776207958
3356.97371857231,4797.90614266061
3607.86006874421,4817.34268431594
4347.60797997376,4061.87837116358
3190.00779151853,4025.05148441704
4058.5200339192,1825.7197936477
3620.27247889579,5035.0082709616
4201.7587695084,4003.05751419798
4059.79943369284,917.605368828551
5176.91147759651,4227.48624774313
4454.37405316485,4585.12833987211
3724.60395221771,4708.45322838936
3625.28021406981,5131.05392146581
4016.69109577798,3004.92164622135
4255.05114522091,5561.27023762968
3400.04248096819,5003.5804000718
3079.00153236867,721.024349325756
4330.30576339582,5617.41991796879
3904.52779152662,6276.21360055456
4183.73726268148,6709.89648407382
3992.60657627043,6973.65287032547
4706.54386502107,5224.88296473937
4637.54766398404,7915.58239535923
3749.89938908962,4410.31363589211
3987.68308321062,5616.28328305158
4003.8232782309,6123.39286679362
3897.97744049402,6525.98912361139
4072.43232388894,7186.88524250981
3438.4417710844,3723.10450323134
3860.84054594677,2991.62305997552
8252.76824942879,6575.60315317654
4095.48204434385,5871.28741129862
4177.95676938118,6661.24867875934
4315.49655755856,6709.38525207422
1608.76357727185,1377.77199391813
4437.24847652495,4838.08627155502
4464.24613228312,4876.50436261461
7700.7274296686,2988.04253312974
3303.88088949312,2146.87603179082
3986.01549659803,6035.58781943918
3930.7196127934,5516.20274773336
4542.15992512257,5290.97862345932
4543.33773825526,5869.5824589228
3867.6586280654,4572.51160772003
4861.36067145422,6840.32534082363
4436.54202601756,5024.77855670671
4328.79938265042,4303.52703913341
4149.25694653944,4873.32195398852
4749.45411824461,5543.82280707946
5451.53593302689,3988.73582967009
4380.63155990437,4789.72262496985
4164.02152439996,4040.33897034036
4639.36468900442,6248.08188635363
4255.96205322331,4144.45481332781
4204.57582696937,5667.88642372184
4413.5667250027,4036.47449619289
4041.4750085785,3667.97770974667
4126.4167582679,5690.67620752505
4671.17052002148,4679.58236320803
3943.30213511611,2300.94672567649
7313.48720851904,6550.36968887239
3100.92119661077,6209.94795402334
3796.07001979507,4745.62093646896
5118.49093747502,3771.75230854581
3279.76070543771,1958.25129813777
5048.88257674625,5717.67128680878
3820.75193236055,6268.71172552993
3782.49740452508,1008.5929305229
3581.39633320387,5595.48303320874
4437.68455729401,5228.06579622071
3869.76940145598,7952.0113753137
4271.40196788609,5536.83258690967
4163.99105807582,6093.84035894617
4203.48610241606,5567.18090834127
4082.74712915244,4247.3773587943
3584.9282198827,4153.6049781245
3762.42103154137,4851.83963862431
3841.27349437333,6026.09725616468
3978.7266514407,5648.05239812969
3402.50791173477,6287.01163226806
4725.47029581708,6176.81470790248
3918.78931798776,3794.99666174485
4152.45692368966,3135.69153573185
4647.02814086734,4178.49719824034
4260.18467949821,4182.36167238781
2279.74117948073,1695.68873797615
4535.88169477213,4326.48681074789
3872.90438907166,2865.8542795297
4271.08246646515,4422.07789185628
2963.17558850775,4331.60166787534
4633.25482581976,5535.98011072176
3408.7841157115,1197.61535954039
4362.0004584495,5868.61623467212
4543.64419922051,6343.04756454439
5241.20686469182,3782.77783638485
3449.76273577821,837.643070688706
4866.74156708274,4825.24246613265
3718.63591813703,6329.23753487135
3690.41982939256,1917.44618918099
4394.48000329197,4669.46639701591
4013.85857166374,4712.65852386988
2415.15816377278,1688.47112739463
4036.46277506731,3009.92275528602
8364.05574519176,176.292065253018
3870.80547658311,5322.00858755704
4379.68523132547,4102.11516266175
1316.6471350743,4026.18811933425
4196.9766009275,2435.18339397
2950.68699905702,2839.93896113179
4405.91451901771,7134.08838146332
8338.13930227689,2790.26805753525
4483.80788171444,6557.13283577189
4344.62169540257,6203.2414697276
4862.79169265923,5901.63573273022
4020.62202511472,6879.31217219707
2613.84556986442,1338.16018248232
4314.33091165073,5606.16731685946
4519.43522138981,6068.55023203826
2859.26764844533,5930.84699638935
3783.59667452928,3341.08142298611
3816.7321651621,5131.28141759136
4044.62004025566,5155.66198285235
3654.30362708488,4094.72703569989
3817.66133197908,2400.06124817165
3763.86724991885,4018.57249624684
2509.81063031952,956.02356560195
3914.11564337177,4633.32157579075
2960.93412739409,869.184689641274
4028.85710167608,5026.19935035322
4580.76368207226,7066.68610001488
4182.02230624886,5364.85989307795
4482.90766380604,5139.06702849004
3541.7234185773,4201.002400459
4462.67417430021,4850.41884497779
3848.51283001342,5840.20036174188
9548.09026509153,5884.4724609093
4230.41701895769,6562.87267296169
3738.35253199595,5861.73976256511
3605.51233511029,3388.13802398754
4607.18741468208,4232.60110487058
4311.13978401251,2044.52201521056
3584.16049967984,3609.95224350996
3353.92506974781,995.351112594642
4507.02840085247,4692.65366475594
3036.55311312325,5540.12874359853
3936.31307032778,5475.68179750589
4372.98432077429,4640.36888141955
3779.19697822098,4855.07913270941
5156.54478364874,6124.18868037777
3320.94338796416,5590.08401735199
4982.8196303145,4242.48957493715
3834.06425296066,5736.14160421344
3534.41544939077,2668.76186945659
3146.55415953275,3383.42107365218
4824.39665283939,6921.08350540453
3675.92525038256,900.612613387978
8451.233382407,6196.87665247543
6473.38261768284,4317.73497559853
4447.31890202499,5004.83078305178
3317.44411779516,4209.58424779708
3820.09578704603,5281.60138539234
3885.39003181256,5051.94404665697
3889.44795782819,4294.71811852503
4556.97818411401,4039.54357961146
4240.97990936671,6290.25112635316
3745.32661492585,5782.06157029766
3142.35405160756,2046.1132195236
4074.26000048877,4510.67875279487
4099.64734370287,3463.3832132213
4477.85881939899,5629.24083653672
3618.69437423596,5697.15477283999
4544.68131274218,4407.8132927874
2714.20906728469,5616.56744178088
4108.13179515591,3628.87713031045
4135.78825337564,3417.06534034501
4650.11413390607,3798.63363976677
3088.6586501833,4882.18753720065
4342.67604151979,3986.6329705022
4729.66780496572,6256.890806962
4339.39520215201,3967.99224243101
2406.50161071654,1310.71053380275
3329.11507861353,4488.74144517957
3182.88851388267,4983.2347196248
4787.90670173593,5372.81633749841
9239.2107553915,3287.2048010538
3878.77082214563,1044.62432082673
4085.17605371597,6560.03108566867
4545.39888495289,5946.70322262653
4050.46573049404,1901.07873094422
4582.18040840567,6058.77551003445
4282.81785498303,6313.32464603041
4981.09605117522,4339.72894581759
4039.48602793428,6400.05014392666
3940.31356769892,5189.24979836905
4394.48034124411,6052.63734319732
3611.40483833419,1680.85561002104
4081.34425117723,6353.39102686205
7801.56949607434,479.148449514917
4290.20014118038,6292.52439618757
4259.47650570998,4079.43954977657
3477.13031677004,1576.34207166913
4355.91272395018,6359.24461211463
4106.10133194675,2823.0600594678
4510.64254955965,3192.23912286303
4221.31266916293,5314.50671253241
4614.90976979773,5411.63233535007
5194.58356080204,4789.60887690708
9083.1930823235,627.195094624572
3966.34022965754,4116.09602585658
4516.71477098168,3245.20618314843
4242.95576806467,1584.41215843856
4381.22123485327,3098.06883540116
3979.37505928697,5522.17008104872
3399.55488751843,3047.8864883774
4479.90194078146,6750.07661296823
3038.13949728508,301.890223604687
2857.48332183719,4730.73093448247
5282.25432625927,6325.99804078625
3272.9035890358,5236.70430616256
3878.21834161478,2766.34185024247
4803.03069034047,7218.37019885862
3871.28086814854,2176.14438090897
4046.05085504698,6216.88108873412
4554.35497298358,4775.85550983779
3608.59340350673,6740.98353363055
3390.65108406907,3784.02779650957
3850.66811972362,5568.60170198778
6701.67899819152,962.445574026947
3590.4028267356,935.279978362873
3805.69992450113,234.658273537425
3817.01076402717,6420.96414183227
5038.30858955739,3692.75618179974
3953.29734116923,1031.55301927882
2299.76532910749,3377.51040294058
2168.20693202545,532.74075414721
3643.88035052978,6040.70267656662
4660.79329004873,6598.3925141245
3577.719884881,6055.59267855312
4051.40849724552,5433.39880944359
3878.43705076114,4521.02221511253
4556.45607334061,3534.47976957829
3812.65420188844,2824.87854847876
4225.95296876092,4619.39779805493
5447.58759065379,4306.93694388504
3399.93578192396,1778.15153779142
4098.14104639185,4569.78376848978
8244.64220957167,2485.08158226446
4400.54523732128,6549.74470881002
4576.32000124989,5107.86665372579
3717.97714062125,3778.51545544531
1788.14418911139,881.062535097497
3904.13727875948,510.23539335784
3968.41115589964,6227.73620590662
4037.6030730194,5919.59439528003
4108.15271126553,6268.71172552993
3562.64767276313,4491.64011793161
3609.27095204198,2240.70507506438
4414.92044565926,3666.49983064114
3663.09513937644,1555.93951719074
2987.17742047688,3296.52516508939
4131.70396164772,3063.91291385348
3751.5331137648,5392.8207737571
4231.37016139034,7440.29816644381
4037.2437600226,4406.05125495257
2672.12752129085,474.658731020558
3761.71856473415,2762.98881952222
4762.6600208846,6043.37385319311
3562.11170731164,4907.19350537927
4038.2207606896,6802.36181915987
3560.75475876248,3724.24113814855
4078.40661535822,4677.53658949915
3882.05997182685,5771.09312791763
4254.75276314264,5442.37814071849
1583.47671482713,413.621425395017
4614.23254536631,6670.28467263801
3469.98966398246,5137.13500284394
3902.87808555374,1108.21900215909
4135.60687445124,1328.49878568604
4078.53750240474,6922.95886844687
4306.46352307811,5038.92983056807
3712.92653536626,3788.40392551188
3263.14961576694,5671.58048720278
4208.22617788671,4665.88608159775
4320.78150853265,4523.86380240556
2269.15173024398,1892.83812779445
4879.90195800439,5069.95979466579
3231.12961679882,6814.80814064542
2149.95815112602,2891.7695979276
8666.48552391304,2227.40648881855
4067.56239497939,3753.73656053699
4413.88322091462,5739.32401283952
4181.9593066478,5295.41141506538
4180.37074041027,5929.31245468007
2878.90510465192,7968.49258161324
2425.20763959882,2338.34214130926
3603.56676370782,7318.33740896931
4778.45655388572,6128.11023998424
3493.28705599403,4847.00894022617
4709.06624446504,3588.92449754158
4146.28882944502,3441.95777188847
3654.41833034097,8105.05875948968
3792.26596478802,3739.07405467603
3643.39359533459,3430.42080062222
3960.84918659588,6033.03039087545
4221.84464312182,6878.63010667569
3204.75541460942,971.481779333239
4191.39043134422,6776.33296412682
7961.16839879823,1023.53970082697
2619.27585946176,1783.32326895025
4424.66909334166,4010.44564115984
3930.29139075591,4983.5188783541
4001.52533730965,4490.38973495163
2110.03086360921,2233.03278937321
4494.91665297771,4467.37287787813
3485.66007281933,2265.93853936853
3818.32435697441,3912.07005821745
4040.70542233274,2802.99832632248
4236.16510797747,6336.39858856292
4056.04703107396,4259.8232574246
3994.01891624689,4096.26157740917
3603.31676332008,3634.44697968898
2533.44345039715,4573.87573876278
4102.73083775662,4014.59427403661
3579.3289650273,2824.5377271457
4050.19901367738,6347.02578675463
3421.82095773188,5974.77785136846
3926.89988944905,3257.02710171636
2771.08814342456,3556.30332913082
2981.6618002249,3516.29361090294
7913.73358687002,2085.83856759456
7795.93659648842,100.535353306683
4826.88613278323,7953.77299029328
4040.88133443528,6839.98451949056
4157.34870506461,5804.68052057908
4376.89878560915,4426.45402085859
4378.24306943153,4597.11966910657
4394.81291280817,4736.41410906851
2398.5734035394,4478.05716152885
4130.85058732743,3250.66207303656
4067.65837287047,5218.63147269472
3510.15735012819,6506.32550868577
3393.67580115489,4342.2292889223
3902.05843507015,6223.98505696668
3941.93835794453,5353.03855165476
4394.66287177458,5158.44690754162
3561.93264473466,2500.0851208861
4578.93256555963,5076.49544543975
3867.06716894603,4068.98233939614
3946.66893256696,6838.05207098921
4448.94297221571,5283.24925230914
3534.61138135388,3147.91036109186
4876.22998465919,5758.76055449486
4205.48477912616,5145.8868379933
3938.95003387052,6205.62848762479
4472.22636977539,4513.69075075443
4484.47291636461,5550.87011270826
4847.52507225935,4961.5815707388
3994.99065524325,5502.10855933101
3813.47792533022,1870.55999884609
4034.61413449531,3282.08994392636
4161.53991107595,6319.40572740853
4463.82377125909,5213.06204617144
4318.25564933752,3316.53002420334
8487.25790786652,378.442590564449
4038.24631399096,6250.29849358429
4412.01741870774,6038.08858539914
2079.74211794736,1134.4184792863
3964.95648355735,4713.79515878709
4137.76729619208,4954.93217190207
3321.69414661221,3677.86617981324
5151.73733073847,4694.81360938284
3842.68583500669,2791.34781842108
3866.16191476335,3456.67715178081
3925.32658440409,6559.51985366908
3217.76118278248,6276.83858061693
3264.46554269509,4040.2823077366
3865.72259754402,3239.86404132307
3723.67424444376,3629.27503710253
4129.02544472665,6837.37000546783
3493.60890623244,2709.62385244475
4483.6375343496,8711.56765873907
3553.82312735368,3874.16319915745
4044.2370145552,5220.10935180024
3464.13966153422,2369.08794667768
4158.69583300393,5430.44347408779
4866.38453716202,6913.29747165059
4304.8047117934,4518.9760185484
2320.83232548352,849.407220939064
4389.17561657883,2044.12410841849
3833.56420497471,1852.82840956657
4155.25762693856,6835.77880115479
2909.03298939181,2105.21823521851
3490.89473684415,6003.13706169494
4211.5299372991,5525.69373386312
3603.99830144782,3811.59119325191
3944.47687974388,6685.45883335381
4529.35158836413,6381.86398525131
4198.63449220692,5017.39042974485
7776.68160113767,4623.71684159822
4659.04566372222,5851.68045897675
4659.74008618954,3288.00040321032
2045.30735037515,3281.63537453052
4155.5523061415,1154.36635865504
3837.90864158143,4338.93313223344
3932.97975473671,2701.8946927222
3398.27478997657,5738.47153665162
4079.4272198596,4523.97712761308
3881.77047178875,5942.61125235352
3652.83703376932,4813.36446210571
3425.22487946644,2965.99190030692
4429.26844733114,3327.38492994821
3904.22883589511,2102.43352195687
4351.28120948365,3029.98448843135
2158.47466157684,4525.00043732277
4174.33508874249,4768.01281348009
8291.82724487642,2251.84413953856
4940.53114171315,7708.25984817599
4261.2052480814,4183.04373790918
3316.66514888735,2700.92867989915
3839.54926470962,4710.61275016101
4087.22907347138,5482.72868027944
3489.98228465475,5397.59480955148
3632.91080735496,3124.89350401836
3765.39143963788,123.609044768885
3590.29609122069,4358.48342195155
4099.16455068198,6166.073761648
3545.63547780793,1719.04652209652
3608.92902567434,6512.12200847933
4141.80307632999,5721.42201289347
4439.99972655938,5746.82588786416
3738.34564735761,976.880795189985
3240.52477774114,190.840994836146
4465.71194103134,5948.12401627304
4110.20487852865,6315.82541199037
3695.05191410762,7533.84305098806
4686.90746278375,2977.69928223971
4072.63451160487,5495.79998182735
3386.39472943701,5273.2470341798
4203.35060058338,5311.60846263562
4360.97541249258,5031.4846181472
3444.94671396331,2817.32001085037
4464.01811077574,4948.33985852436
3316.30395891694,1030.47315267918
2977.87815703645,262.335339057171
4196.42264933173,5655.32677702878
2009.53871597668,175.041774772623
7634.53307033143,3943.83875044031
3823.33965075895,4746.9279820527
4366.76403154178,4141.49947797202
3837.24363355197,1926.65301658144
3390.66822133763,3659.16878913829
3497.56536298554,5491.76509701336
4262.36883144708,5439.76404955101
4908.64171272112,5457.26814270499
4603.93241079224,5736.99408040134
3481.73321695801,4787.39226967642
3423.54039209992,4690.267069714
4561.9385347747,6250.92347364665
6180.11708342817,5292.85398650166
3823.91368575378,5942.44084168699
5270.47037650504,7149.83128249297
4769.56175734034,5457.60896403805
4641.02569984577,4767.61490668802
4535.84466959548,5765.69411206089
4036.85498860014,4477.60259213302
4693.78368462801,5680.73065199946
4167.09287006669,4183.55496990878
3894.54296293619,170.154241985776
3923.3949268863,5142.02236384584
4584.22324065563,4945.0437018355
3652.43486266417,5725.91188995855
3814.69239011161,4948.22611046159
3888.9834332503,3835.00595711748
4220.54962343127,5870.94658996555
4016.95697214769,3633.93532483414
3219.80958242247,1930.40374266613
4784.17143845588,7265.08555567173
2628.98212114267,5318.76909347194
3720.60217415822,3361.1998187352
3491.64318922974,1160.22004962143
2215.89183390004,3709.74904295412
4195.00016732298,6089.97588479871
4324.41168136801,6094.23826573824
5081.84894517656,6542.2999192444
4363.60373970548,4874.62899957226
4374.47540208649,5620.48900138735
3478.04321411051,5215.33531600586
1763.73665703909,870.719125636745
4489.47373018212,7062.93537393019
4340.49828831842,6770.99061087384
4573.58219204548,5140.48782213655
4547.85109410938,8168.25616831285
4595.95892629568,6120.94918629267
4351.57945655006,6959.04702706828
3865.83290775938,955.853049221606
4194.18574222247,5740.06274096466
4410.54989004487,6822.59375154411
8377.85097199976,2713.09063122777
4394.07867893441,1319.68986507766
4398.49253462995,3816.47897710906
4614.07040177558,2818.85455255965
3570.04214889359,3980.72272264586
3629.68616748944,1476.77287406433
2582.87136320339,2827.83388383456
4752.5796379669,6168.74493827449
4139.24105298426,5728.81013985533
3596.3383148332,6256.09499337785
3571.93051593787,6504.05223885135
3420.35501613955,2560.09948680029
3914.18958067408,2210.41383909179
4408.22069150147,4246.8090413357
3868.04426606912,5886.1203278261
4421.21757046065,5923.11804809443
2678.32316945665,1936.14379128357
6925.09308138658,2917.96907505481
4693.40247229618,6606.17854787843
4595.83651033814,4277.55484670412
4213.07152987884,6495.86829830533
3980.8689986703,3335.5686590666
4836.18335261544,6541.10619886818
3545.59954760024,2410.91615391652
4967.44219374045,6787.01724777754
4849.86853380133,6842.76902132458
7407.57253813907,5523.4204640287
4383.70363994505,5059.04801488953
4565.60334316097,5467.15703562682
3978.5139650673,6590.37940710027
4192.79028935183,3285.1588159173
1042.45639326647,682.378762140627
4262.84843647719,5173.45023473563
4593.09567125308,4943.62290818899
3885.50047005424,5482.61493221667
3702.82509974087,4685.77719264892
3938.6982041907,4824.4466525485
3992.45631893904,4630.99164335257
4200.02367857914,4662.53283944988
7666.68613321196,3705.88414595141
2606.28854022303,2508.78050485933
4351.5638716791,4585.98081606001
3996.12330571087,6834.35800750828
3882.12388114037,6570.14747471604
8083.63461449471,1523.26126332096
4480.43131437582,255.856509457695
5605.26078209643,5921.81100251069
3701.16652160341,6040.24810717078
3513.43747139297,4686.40217271129
3985.24452697374,5313.31341501144
3875.60920191916,6071.90347418613
5584.28509879458,6317.75743763648
4904.04556892572,4347.00332471668
4173.53301289758,6889.48480099295
4710.90510449156,5635.43566597761
3430.98135588654,3160.92478860838
3652.86320027603,4303.92494592548
3670.35607260507,5433.22839877706
4371.93349074294,2811.57996223294
3693.98057942217,4605.41735771535
3072.02213543052,3484.35408515829
4702.3222599365,4434.75128661212
3086.03697096144,1454.49485082978
2412.53269095526,1530.53564222006
3249.25830547566,2092.4310923999
4412.77288307334,5563.31601133855
3351.95114112482,4153.43414460272
3770.82634402218,5002.84167194666
5094.10726713873,4164.17551371245
3241.31020019901,1900.16938072493
1753.7742866189,2755.37340786244
3815.80644445959,1604.98522929729
3210.83785468077,4575.63735374236
4860.0540826041,4605.30360965258
3843.56634547191,898.680376314247
3619.41092011198,5343.43424031749
4456.46388504745,3682.98103694069
3994.34128443666,1101.22867627549
3641.77068023927,2958.26274058437
4137.70676940442,7384.31889677123
3943.46047593694,2889.61007615596
4636.80463400074,6021.83487522514
3606.57963243267,52.1147071549734
4742.99918803176,7201.03651637117
1533.11448091599,9.49090106316732
3263.07247549828,2186.31722113247
4768.84017032636,6231.54401745033
3762.37620531098,5439.1386466334
4690.7248354982,5476.13636690172
4804.7340256595,4298.63925527626
4240.56447414794,4994.43023527511
4590.3601052725,4116.60725785618
4207.29636834149,7329.1354406828
7220.34011781278,1658.69122913545
4687.60066219032,6015.1283909294
4339.32007275282,3286.23878823075
4633.61379558928,5004.9441082593
3662.37059607803,3627.96799151879
3887.60780821053,6651.64394456682
4147.2348031569,2143.23863091365
7995.86482938218,3846.14523301929
2460.91450641381,4556.25789754603
3552.12448981467,5115.65268747972
4220.08451041898,4629.05919485121
3615.6123089045,4577.62646484747
3737.41050492156,6290.53528508246
3488.66660011688,4384.91018377667
5060.41988320319,6427.10188581415
3241.75202652519,1545.82344528481
3864.5550962422,4444.01519947158
4519.46405343327,6589.86775224542
5338.7877200939,4109.16246829055
3767.4007909867,6497.97115747322
2604.1136198513,3950.14732794397
7938.90952296669,1541.56106434528
4351.16563797941,4384.5122769846
4278.84290546659,6570.60204411187
4326.30473516655,4028.74554789797
4276.70846656188,4585.3554131424
3972.14541145411,5218.2339887579
3419.93315461146,2693.59721554105
7932.37995083856,1414.08743723745
4318.78894917,5566.55550542365
4021.70905393646,3896.72548683512
6985.37629131486,659.532368590568
2440.21993296052,131.224496071344
3359.08801468447,508.757778536848
2670.74126236294,2120.73342869499
4297.5501827403,5942.21334556145
4528.08700167402,6321.05401718059
4180.42744679296,5614.18042388369
2775.64545219122,314.961525152598
3970.72507374772,5802.6347468702
3023.52836522371,6561.05439537836
3395.83087383414,5205.67391920958
4485.59536891542,6567.47629808954
2798.51302060644,646.517888217136
3734.98655373186,233.351148668325
3981.8891898967,1937.28042620078
3730.37532086812,5612.81671569619
3924.98954998266,4836.66547790851
4218.55511145488,4423.44202289903
3684.7885804984,4842.2919898908
4131.8484303883,1125.89371740722
4807.05117458158,6262.0623266932
4453.91080738712,6006.49030384281
4438.78508039823,4636.56106987584
3699.20877693142,3164.56197805793
4775.40117831249,8431.38715164688
3620.29339681986,1956.14865039751
3563.64367730558,708.805523965752
4450.15999689061,5827.92487377812
2956.17747120247,2185.91931434039
3612.28420843274,4924.52718786672
4015.85749213833,5749.89497128272
3745.14363355914,5254.49255804584
4158.84032907701,4952.65890206765
4274.89582894209,6387.14925304528
4368.01497108731,2821.92342455059
3649.44738935318,5501.02858701756
3940.67377543411,5358.66506363705
3630.62221666334,4824.27624188197
3890.65737519972,3562.27066244617
4364.50982193896,4684.69722033547
3975.76368593946,5228.40661755377
4196.1597273809,1827.42474602351
3948.12507666059,4023.51694270775
7988.42695291478,169.642758915877
7618.20109468748,924.254661951465
3069.7845807543,1988.71315620451
4474.08302256654,6500.81274476625
3855.38975882327,5512.56534685619
4062.08679014717,5403.78963899238
4239.24385015397,1055.70651126953
4334.85757925314,3333.86370669078
4227.93898664379,2362.21147457067
2844.35729596213,704.48626899483
7800.97217373421,3193.77345314469
4704.52339509452,4226.69043415898
4305.47444541957,5297.62759944079
8234.40281682973,1680.96925236999
4442.00776932409,4955.78464808998
4211.46595519292,5529.44445994781
4249.11613679906,6610.38426621421
4595.99721655084,4741.30189292567
4481.50859808937,3547.60773372996
4047.54315052873,5143.89772688818
4286.51698377579,5855.54493312421
3673.44009809691,6691.76741085747
4464.2924213188,1054.62664466989
4471.19884096203,5771.26353858416
4582.58662260403,4750.90620426294
3979.49836500897,7187.73771869771
3550.97173093209,5369.80391668361
4471.91057989061,6507.80296493604
3802.57528947144,3035.26975622533
4325.09644490751,6840.26867821987
4176.91539294657,6445.40179255228
3026.71784705529,1205.45805589809
3924.0697172273,673.626662706731
3776.71221436828,6184.54407905265
4441.8750873861,5191.92055214029
4231.60243895669,3605.5194519039
3983.77122567339,5179.24715738445
3462.05872999201,3835.17636778401
3441.13738102341,6603.90527804401
4079.18908749771,4427.64731837956
4609.61804947975,4705.27039690802
4439.47069085596,2758.61290194754
4017.08969179639,6666.93185334539
4353.49966251348,3969.41303607752
4206.50943095783,4477.54592952926
4561.50483249082,7039.40686200185
3871.42933724267,7101.97844505214
4550.576028479,5716.25049316227
3430.59411604391,5576.72855707478
3772.9340663628,4191.45475172549
3338.14736587965,5290.29655793794
4952.1429808203,6652.66683142126
8576.8223447792,4128.88316867519
4828.78048103356,4554.83710389952
3612.78678077111,3641.0392930667
4279.40924574557,4956.6942097369
8625.49833696772,2333.62497954627
4295.08192349891,5218.06315523611
3905.26381395015,7526.39826142244
6645.99918663964,1100.54671646792
4259.44235853673,4777.84462094291
4048.34930301359,2886.42745610224
3246.97428140905,5169.81325671371
4430.06549714806,5371.1113851226
3905.2432620886,649.132190812243
3144.34330398163,3702.64507472156
3722.80900128343,4611.21385750892
4306.37499721796,4891.67852333041
3967.09087448873,5923.5159548865
4008.44860007485,5319.45115899332
4117.44724519816,1712.90877811464
3183.05640330899,1149.70617663724
4472.51072640643,3542.03830720668
3238.54919872071,2944.16855218202
2258.8656359674,2518.10086889492
3537.49863848691,3356.53953100359
4032.72611135429,3699.63265390676
3132.19544191842,589.913479911475
5132.86309060834,5976.88071053634
4700.07985596803,5352.58398225893
3985.48246556961,5409.64322424496
3594.06925376843,1710.18083317057
3816.67556180499,5107.24125080817
3362.8654039534,4226.12211670038
4300.38161153329,3983.45056187611
3373.58392220792,6982.80261226691
4620.51109232737,5941.02004804048
4117.77059742015,5032.16668366857
4425.89290764268,5323.82728799563
3241.69141086469,3880.47135380587
1960.30064206303,2343.1728397074
3587.68370765237,5251.42347462727
3274.47453359253,3013.78744086111
3339.75185550259,933.97282706532
4304.02428969543,6203.58271391592
3509.50630906989,5151.96791937142
4945.99272728089,5754.8960803474
3879.95774075268,5427.99979358684
4469.79397765263,1684.72018988231
3994.20295572148,5524.55709894591
3810.35085143732,4317.62122753576
3998.20547646798,4767.78531735455
3532.96308300058,2358.34678899558
4116.12108662752,6609.5317900263
3833.20479752369,1933.41595205331
4105.70325650875,4312.16554907525
3971.73142245867,3610.06599157273
3494.52336494997,4362.5749693693
3181.46863383368,1382.26165955558
3630.47568363107,5445.44722413706
4362.65570927967,6884.93826132411
4349.54494904932,5664.59026703299
3027.71569006693,3921.61770695096
3460.51959769526,4121.21088298403
2498.60514071374,555.132472587622
8498.05920838926,1555.31432570075
4252.99573771712,5634.98109658178
2923.15137510987,6413.86017359971
5686.71935235263,5939.54216893496
3938.90007458778,4963.40027117739
4396.7425556456,3787.89269351229
3915.14998674229,5387.99007535896
3581.59199064824,1327.93046822743
4762.85267379314,6433.0692191295
3851.01520898485,6879.82340419666
4403.53920358648,4809.67039862478
3404.10870763817,1404.53968279013
2556.21792825926,1512.86103268573
4505.53812198346,5960.28575617403
3706.72635761358,224.428559282538
3778.68830121319,3814.48986600395
3673.80002529044,4969.14010836719
3787.88238705009,1282.63558791939
4318.43920607329,4564.10059390373
4614.50589554675,5750.06538194926
4727.61211116776,6436.8770306732
3712.57702707167,3154.10497910512
4784.50210222057,1817.19503176863
4059.19754748954,4578.99059589022
3927.72932303694,5159.6972905216
960.982307686403,6457.90477664158
4410.35410000698,5493.29963872264
3634.15194933155,5398.16312701009
3678.74116546507,1224.43992244378
4502.09723162287,5978.35858964187
3882.02299258199,4770.74065271035
4781.99066688669,4970.67465007648
3153.49698436919,1111.06058945211
3553.68318695396,1476.5454836526
4082.99624147651,3940.20177241839
4278.39399458216,5612.81671569619
2599.50835849691,674.82011879842
3248.26401220979,5333.20452606261
4098.98054602062,3757.88519341375
3968.86959045197,6770.30854535246
4073.70537598617,5766.77366151909
4233.32589523037,5050.86449719877
3690.57309653911,5362.58662324353
4110.18523627283,6581.34299036635
4431.57296740281,6836.46086667616
4099.43208502446,6961.20654883993
4193.97841505956,4999.20427106949
4612.90643005301,5416.17887501891
3733.4009121181,5936.87141516372
3940.8008061135,4969.48135255551
4363.35785676898,5730.23093350185
1952.41356504877,1327.7600575609
4153.60509500946,5320.18988711845
3023.75347985486,2492.46970922632
1744.20993959208,387.876649805908
4269.31091559169,5262.39191700729
4481.67749850494,7148.18299272092
4106.4662500031,4796.82659320241
3796.94239340488,5572.522838739
3098.63149959627,4549.89265743861
4417.05657879387,6692.50613898261
2580.50331206045,1992.52096774822
3181.02881390647,986.485423668695
4207.31365502039,5663.11281078271
3176.77042657505,537.798790100174
3433.40915026231,1623.45554670195
3182.46411361122,21.1414089645665
3304.22586461582,5833.32388963486
3401.91871023828,3062.71940490489
4997.79212459422,2146.59187306151
3752.11106250789,4180.54297194922
3648.41797348227,3100.39897926697
3717.29715385667,5279.15728203613
4076.92689534122,6718.87581534872
3560.43473723525,2448.8798870079
3204.10076436248,6020.35699611962
4370.17887006772,4208.78843421293
3293.14666712556,5454.54030347474
3336.44248248413,1864.64953956213
4242.00943327193,5543.42490028738
3798.30614930728,6644.36956566773
4423.94146681798,5552.7454757506
4253.0635749075,5163.78883793935
4431.38170544442,6279.62350530619
4505.58976232515,5817.46766339769
3432.23692194276,2775.94658443499
4493.31610159477,5160.72017737604
4396.26558248071,4652.92852811261
2821.02377954629,3421.4983433787
4754.13508971282,4648.72280977684
4026.63404332305,6718.36458334913
4663.96002285696,6550.25636366487
2339.75000794049,1365.38265217778
3802.0162287223,6084.46312087919
7312.66624170479,503.188246299758
4429.9995654193,4916.05951144665
3592.83570098912,2240.64841246062
2166.98045000905,6026.15391876844
3732.7174685187,5875.94769903023
5593.29968442682,7188.36269876008
3195.23796564217,1828.78866563864
3406.67381107218,3961.62700232359
3599.14463774349,810.307011501195
4178.61940476615,3984.13262739749
3860.16155199425,5706.75950703252
3344.36020268938,3418.31572332499
3763.89660640777,6823.6170612538
3986.58240010591,5792.23462194878
5070.64086663971,4755.90773618286
3788.78937186625,1732.40198237373
7852.46587679451,999.897652263481
3346.57638393446,249.945997316823
2974.36528335047,5126.3936337342
4682.1479597472,7219.62015898335
3909.23480728606,4071.02811310502
4124.91525943253,6578.3309924068
6427.14526712213,1396.64011240104
2961.39847709437,2510.25817253723
3970.3688042068,5122.41541152397
2826.30321382025,434.308191459614
4038.96197145882,4341.20640206786
3971.65230546733,5131.62223892442
4059.34945832886,3973.10709955846
3952.22301767566,2293.04715528741
3740.65560527961,5768.4786138949
2717.81523992528,3911.95631015468
4536.23109542013,6560.65648858629
4182.73219858438,5271.71249247051
7070.18437624417,2187.56739268482
3893.4174861326,5258.9253496519
4035.85464220113,6019.73201605725
4351.74588661872,1113.39073331792
3748.5453905685,4238.22719399761
3798.18736231847,4419.35005262602
3841.01502238165,4355.52808659575
3140.54387660959,910.558168913563
3052.53621590129,2680.24175526383
3591.33919458123,4956.9783684662
3978.41869780626,3781.58411600862
4483.92841092633,6884.93826132411
4083.94326366094,4156.84404935435
4000.08257687012,2912.91109195875
3748.48873663652,2020.02749045917
4659.22293545738,2523.9544541475
4034.0404044625,5072.85804456258
4151.15973149339,5264.89268296725
3719.16254376259,3788.40392551188
3769.05677909709,3105.74112109233
3892.41095448751,6374.98709028904
4518.56139121615,6659.14581959145
8293.18762100736,3505.72286388736
4503.31893856532,5920.90144086377
4650.45008961156,6279.50975724342
5595.90399345808,3020.94807169743
4491.52984926271,4890.88313260151
4395.88737321391,6493.19712167884
4123.13935181364,3249.24127939005
4154.63482266604,5862.99014554509
3004.56880426651,2236.32915748969
4796.02465790723,2263.04007804412
4693.60517335969,4521.59053257114
7160.03326544617,658.793587608526
3906.00968697724,3911.95631015468
3847.57759564713,1362.25690615545
4060.26424676452,3085.33856661394
4504.99685599898,5224.94005019838
3546.94933026484,3707.70284639
2970.20089550825,2488.4346129847
3092.97148338275,4308.86896953114
4194.6200855312,5572.06826934317
7649.77142296012,1367.59904798081
4245.35260033722,6868.17289629526
8600.33508711729,2280.65791926087
4424.5365796566,5238.92049053796
3157.41970379687,4719.08042658107
4018.86716809051,2396.4240587221
4839.91787950951,5952.61347048287
3857.55275166956,4253.00344792134
2022.09338998231,668.398110373422
4403.76524889313,1539.11727813051
4184.43510360735,4877.07268007321
8393.51778553128,662.08979715429
3984.8628094361,5217.43817517375
8326.34215767917,3217.87007110401
4448.40096406077,5413.22353966312
4547.63014873022,6637.4360081017
4266.15935567831,3550.90431327407
3704.40706526484,2960.36559975226
4113.81205299694,6777.69667231432
4259.10880231202,4185.08951161806
4360.70566945066,4919.12817200997
4505.75774361506,6158.34439049782
8142.64410535099,6541.44744305649
4450.23533091208,6889.99645584779
4396.74327137822,5918.28734969629
4251.16669066879,2125.67766372828
4855.20406049645,3956.85338938446
4521.27771106834,3246.91113552424
3285.36753996333,3125.17766274766
2582.11361621499,735.743729218096
3379.95736650369,1515.36158721807
3745.70661457657,3232.64632502774
4518.64107826534,6137.43039259221
3239.34491852749,5311.15389323979
3698.34525407606,4463.45131827166
4189.45422891367,4214.24411267344
4388.44359563847,3820.28678865277
4078.26514642027,5262.33525440353
3925.22338683314,2263.55152147134
3134.66875413709,2332.60209269183
3703.62498240103,1391.8094140029
1942.46413770746,865.661089683781
8738.42783562519,1468.7027872949
2886.82077105541,1184.43030992971
5005.60774432139,3717.30758058252
3989.5564621362,3484.06992642899
3485.31140546795,1688.13009463394
3604.29733955278,3848.70266158301
4259.32671830034,2021.50515813706
4287.32542899535,2844.54237483202
4542.66501057684,5146.91014770299
4369.55721834057,5172.59775854773
6382.24291329345,5511.42871193898
4696.96217419643,6809.35203932966
4074.83463311995,5329.16921839336
3322.98824861597,341.729266881505
3883.75818957405,4586.94704031069
3499.83601036495,5891.46268107909
3849.81951984761,3038.33862821627
2042.18825872116,137.873815622712
4273.20573522199,4820.6388410048
4003.07105031005,5617.41991796879
3449.69157605059,1476.09091425676
4163.58380524948,2127.21220543756
4039.6759413555,5149.35382820394
7521.29115197364,333.318173779844
3728.42557978253,2669.21643885242
4343.75087445227,5083.03109621371
4509.13857086557,4606.72440329909
3874.72150860874,4828.36821215498
4318.90561502336,4335.29573135627
5149.05527090582,4244.6490967088
4560.49153344427,7284.52252018232
4472.05700816932,4916.62782890526
4300.05160488804,5763.3070941637
3024.44116564806,39.1570710809172
3789.96933084895,6040.70267656662
4677.84923140139,4663.10115690849
4622.55531590589,4638.32268485542
3314.32388259786,4805.01011089317
8285.44333693552,5953.86385346285
4191.75506654656,5539.78792226546
4395.35360099099,4244.59243410504
4171.67293468745,4940.66757283319
4262.62226444216,6027.0630575601
8325.26185166426,1835.6084751419
4502.0987324769,6280.53264409786
4387.13547436561,5701.47423923854
3897.45355336542,5495.00459109845
3563.56079413278,5948.74899633541
4673.27805250981,6034.79242871028
4807.50029157417,6362.82535038804
4034.01386930102,5552.68881314685
4127.05725764338,5941.53128004007
4881.2591342463,7816.63764924773
4275.57716486584,6280.24848536856
3794.89482683787,4592.00481197912
4016.80533120946,4850.36175951878
4237.45166876178,1428.97733351013
3870.54684559238,1998.77245979287
4172.30437342612,7764.35244305608
4522.26255530304,6445.51554061505
3883.77256264619,4137.8624999501
4763.20127613439,5156.79861776956
4198.75426130505,4557.451195067
4267.59899206707,5196.35376660161
3705.59227146077,4334.84116196043
3563.81634892347,7488.32099169591
4092.92902727468,3424.33993067172
3688.20418595421,3912.41087955051
8577.52502145131,1238.30682614821
4432.83591321062,3396.94694459592
4646.12620884249,5748.01918538513
8753.16067444917,939.883392063098
3712.3891218228,5972.90248832611
3010.25227378371,5564.79389044408
2396.684976871,2284.3519827418
3775.60952616295,2894.15661582479
4428.16676570612,5422.03246027149
2756.90455715034,5729.49220537671
3829.88391300777,6642.49420262538
4166.02612050402,3951.22687740217
4633.70747521518,5256.31125848442
3216.81675845475,331.442731452139
3981.86002030337,4769.26319646007
3727.5937052362,5852.02128030981
3516.3326240179,4928.05084068112
2852.46106033389,2849.82785405362
3378.68912482598,591.845769842113
4379.32986840438,2246.44512368181
4219.37846384388,5032.28043173134
5058.13739109386,4527.50078042748
3420.64395297839,3965.32106580452
4148.98445264439,4937.9963962067
8574.93234390611,2911.37655024947
3532.41630332473,3240.37548475029
8580.7136242519,697.041320858487
3704.21317851015,6530.47857782122
4388.71891888966,5396.85608142635
3931.53447897315,6764.28454943335
3809.76292038556,5771.4339492507
9037.29956125153,4628.71837351815
4998.85710812148,5659.87331669762
4136.00030945747,5080.75782637929
4003.10583147386,5000.45465404947
4538.99916903146,5691.24452498365
8429.58679525902,2207.85641052807
8850.98899408066,2847.95227958365
3844.13292851831,5915.10451821495
3870.51920297161,5324.90683745382
4409.36431524474,2920.52650361853
4531.1881404999,6010.5251886568
3907.25360127472,4057.50224216127
3623.59571686051,5253.52633379516
4619.99800369923,5582.29798359806
4986.65068305465,6164.70963060525
1517.84442415993,3378.76078592057
3931.36973967004,5909.08052229584
4222.47966539273,5202.15026639518
3020.60856302769,3959.18332182264
4128.54975500083,1914.71834995074
3511.67164455302,2830.84588179411
5057.05531228015,6275.0203030336
3245.82565187716,1646.0177286658
4457.49368454899,4745.79134713549
3495.14618280903,644.0173336848
3549.33966153212,3390.92273724918
3730.23192341318,4589.33363535263
4192.22431001095,4914.01331488253
4536.52756729185,6857.261116519
3621.66241330425,4657.64547844798
3622.82370883969,4304.43617792508
4549.72300621238,6386.23969139836
5043.50098212725,5752.05449305437
3883.08723084405,5071.77849510438
3713.77056965198,5789.67719338506
4644.46023080752,6644.1991550012
3889.25399088599,6837.99540838545
3541.09958253977,6030.47296231173
4075.52622847362,4003.45542099005
3874.40872652193,5137.7599829063
3920.78126246822,5395.03738098776
2682.51850663836,732.674857227155
4280.60097891035,4993.86191781651
3384.75745085405,486.99119872952
3403.20203231325,770.354273018512
2227.9364357126,1709.10096657093
3953.68277018329,5007.95652907411
3032.17638893133,2429.21606065465
4427.0308555649,3149.38781734213
8925.92171250109,914.138590045536
4074.67841062118,3952.76141911145
4883.05994263999,5472.21480729525
3803.27935150899,5860.77353831443
3704.46543849822,1333.67051684487
4246.3950378335,4014.65135949562
3566.41930803425,6004.72826600798
3604.21503410711,1787.69939795256
4904.62279815177,7455.13108297129
3965.90674225889,5225.11046086492
3787.3477370808,703.235991728661
4010.38022216454,5477.50007508922
4724.67672990922,5285.4658595398
3834.73950820452,4405.93792974505
3828.39204918559,2560.9519629882
4640.11520884592,3791.75716765975
4169.11197587751,6121.68791441781
4983.08512537959,4703.2812858029
4741.11329218169,7610.68007881774
8542.82815170314,1056.10431234779
3507.85762443385,22.6758664331552
4700.68924264077,6942.05416591389
4937.10297546203,3331.70418491913
2249.12100440413,4766.59201983358
3301.9348985867,1748.71277800674
3893.31466973098,3864.21764363187
3868.15649138419,4884.23373376478
8484.18741077434,920.446956121575
4140.70328497622,5455.90401166224
3548.29066795978,4961.75198140533
3566.46714965422,2805.04431145898
8776.82197955592,4083.47443459057
4952.95140957361,1773.66187215397
4501.71991955771,4092.68126199101
4297.51565301092,6127.3144264001
4669.7075935694,6195.00086657783
4404.82105862365,4946.23699935647
4106.8466610402,1568.66978597797
3872.5682240289,5213.34620490074
3150.81246131232,4177.07640459383
4111.36177327906,6055.70642661589
3993.47951399392,370.088318637268
4286.79153601149,2222.0074729618
4826.03671139767,5710.28315984692
3680.38150278055,4192.59138664269
2694.53479066108,2014.23056781035
3807.24953012416,2753.66845548663
6935.42860736192,4925.55049757641
4091.52152992831,5438.85448790409
4335.62319885952,1145.1596369684
5077.15408910594,6521.27217327602
4466.38698082467,5172.08652654813
4132.75608390547,4102.74056557937
3931.92041047413,4729.48097435774
3236.96090397969,2298.73032987345
4694.86223407137,3635.18570781412
3576.88136407531,949.203756098692
2483.73271331462,2974.51666218599
7904.40600213379,7647.90487235635
4384.3170206191,5502.50604326784
3645.17931875923,6466.65661179095
3679.02415534818,5576.95563034507
5042.19050264971,5087.0659810277
4558.710064019,1043.88548698778
3589.53098902187,3663.60158074436
4583.92784328153,5662.60115592787
3921.7111889535,6823.84413452409
4472.75758734244,6255.01544391965
2870.70845963479,1286.78432650997
4028.11752331793,5335.30738523049
4334.54228111206,6450.57331228348
3998.65709043105,4089.27135723938
3568.40168157704,4532.38856428463
4278.43648876483,6527.69407598721
4256.25032009166,4285.39754306181
4619.94513446718,5304.67490506959
4412.61218375002,3123.35896230908
4134.22192603963,3972.82294082915
3613.61241694828,6631.69617091189
4394.59602231149,4782.67531934105
3995.14174009599,6606.29229594121
4296.08046160642,5299.73045860868
3860.79949243245,4319.32617991157
2575.15835869878,2413.98502590747
3881.31977594779,4030.56424833656
3566.97757056467,4716.18217668428
4461.49670781947,4338.76272156691
4642.77304338386,6906.93223154316
3717.5340354134,4477.48884407025
3961.5819081444,5287.73912937422
4106.2142894184,5552.34756895853
3455.98903859216,4659.40709342756
3963.06593272546,2819.13871128896
3770.55379495624,3476.11348200852
4586.93523433643,4312.10846361624
3928.46994934429,2726.90066090082
3171.99351922505,5216.58569898584
2672.78384304965,413.053107936412
3844.61358732724,3929.23290718311
3629.14571128572,4301.31043190275
7879.1946785165,1076.96154193582
4387.74347418292,5285.80668087286
4423.15652754373,4859.56858691923
3396.46343560208,1468.4186285656
3784.96814860878,1043.20352718022
4169.95884595334,3486.57069238895
4121.73496624635,1267.63204929775
4023.04329861493,6540.08331201374
4538.28241166051,7110.56071524548
3590.40131148021,2609.315821001
3344.76887743054,1864.64953956213
4185.5203072057,2547.2554699503
4311.22190785266,5695.22274719389
4454.10012285722,5289.2736710835
3726.16527715206,2852.95360007594
4250.33088045358,5689.48248714883
3328.98977003297,3382.17069067219
4425.95444733081,7034.68991166648
3594.3506887414,4175.0302080297
4516.7445125566,2468.6572499963
2929.86346564299,4053.06945055521
4666.34456178562,6406.07413984577
3695.28043937167,4322.05401914183
4478.31740569692,6362.3136955332
2003.60786174535,1223.98524733413
4187.23985357044,5698.0072490279
4298.30500931209,1360.0404046386
3494.56540333976,1436.70649323269
3896.66888400838,1128.73530470025
3206.62280117884,3996.86268475709
4289.70000513028,6454.26737576441
8470.75594738805,245.854132757631
4363.19531762455,7513.78195212561
4258.16571010021,6825.49242429614
3147.70848824606,1757.57846693269
4786.1335012931,4714.81804564153
4308.86842217497,5844.51982814043
4212.32077090008,4483.39951478184
4810.06061562846,6822.36667827381
1926.83150446165,922.776994273567
3856.56939498124,6160.27683899918
3969.04860518539,7354.8797141313
3851.19495885669,4868.94582498621
7641.62583788942,922.54970957565
4479.35995837685,6652.72391688027
3185.91487866085,6634.93566499699
3986.1179287009,6209.7204578978
4196.53482649249,4416.11055854093
3361.4825633414,4537.16217722376
3356.06319010846,2528.9557746398
4061.90048121783,5660.38497155246
4396.64471788076,3801.07732026772
5127.63479779444,6122.25623187641
3985.5777341074,6722.62696428867
2839.17752906793,635.037896696081
3937.64096898601,3275.61116718379
4626.64557866289,4409.23408643391
8614.26464006893,2251.61685484064
2664.5975095865,4915.88910078012
4263.78505553103,3612.62342013646
4497.10090674818,6254.44712646105
4469.18342266686,3808.8066914179
4744.36746031933,6277.236487409
3797.46535842989,4236.5222416218
3331.11526833648,4285.34088045805
4853.45582217819,7047.93162388092
4487.72036706159,6955.35296358735
3570.49791959363,4762.61379762335
4565.65201660865,5244.88782385331
3502.7272960735,4738.8011269657
4174.44846801679,2933.19989837437
3379.77946889188,5600.14332094035
4759.66035696069,5081.15573317136
3948.43616324429,4685.15221258656
4182.01322403139,5559.90610658692
3862.75230371634,2861.93293135085
8422.11742935445,2558.16724972656
4654.6405469617,2509.12153762002
3335.83417618728,3897.18005623095
3790.42245565906,3679.7986283146
4315.16460805797,5740.46064775673
3849.81797189525,4694.52945065354
3580.04593579973,2907.00042124716
3327.56156983178,4756.70312691176
2791.37671531116,4702.54255767777
4599.31747542681,4952.20433267182
4158.87034262456,6670.73966488909
2701.51261002851,4924.18636653365
2610.5802674735,3250.66207303656
8450.44222857181,673.342503977428
3090.86978631151,4716.86424220566
4387.59314353244,6214.43740823317
1894.21150432652,1171.9273258404
7924.58429675343,3304.70910563541
3760.56752984409,4735.50497027685
3969.91358378448,5192.7730283282
4124.31472272942,4393.88951505158
3877.03304105696,3442.58275195084
4649.77595263398,5670.50093774458
4942.1258015814,5636.62896349858
3904.14386863504,4155.82116249991
1860.23826110242,942.270304246475
3628.26780546903,5065.75407633002
4377.69410498626,6404.93750492856
4088.6578947406,2053.72863118338
5156.71568259292,5609.34972548555
4808.03156890805,1218.35894677947
3596.60040335354,5605.25817806779
3959.8931320495,5326.1572204338
4404.7013704061,6166.41458298106
4882.90740554871,5746.4850665311
4282.74460191466,6537.58254605378
3915.87386870788,5280.06684368305
3804.11985296431,6280.93055088994
2182.7157718535,1031.09834416917
4046.41425719736,5527.05744205062
4521.97099316137,5197.31956799704
4047.47586442503,2536.7984709975
4722.72606614679,6009.6727124689
2602.77672655852,6731.54963295981
4500.40497919357,3032.76920169299
1536.26721332861,1732.74301513442
4668.63948952148,3731.40176898487
8466.43408231484,6659.42997832076
4478.2599401903,5513.58823371063
4122.5582645221,4565.00973269539
3773.37646465861,3534.76392830759
4325.51019754815,4535.57097291071
4541.78219259136,6096.1707142396
4774.17347479744,4297.55970581806
8144.66018171779,4967.83306278345
4044.78252082469,2756.39629471688
4175.43524974787,7092.31704825586
4163.62946981494,7352.7206152149
3757.92193506675,3334.71618287869
4712.39944541047,5639.86845758368
3951.38103969622,6609.07722063047
4461.48771123956,4979.7110668104
3992.34730833371,3657.35008869971
8159.63216265166,2575.72821691193
4339.42432969101,6662.49906173932
4156.98761428387,6143.8522953034
3787.49171044704,4217.36985869576
3996.14593646281,5004.43287625971
4312.71558669075,5527.68284496823
5092.64737010865,4658.72545076143
3462.56342943678,3853.36252645937
8331.06392728739,1514.28182633225
4532.09816469456,4842.5761486201
7801.13650781632,2260.1984907511
3777.62075074005,4130.36062492546
3555.19997066218,342.922749401647
3622.61744662739,4742.26811717635
4528.84776346822,3767.20576887697
4009.98325631647,5561.95230315105
3925.83996522381,6120.38086883407
4276.93135459408,3757.60103468445
4274.19424082232,5081.38280644165
3692.17675125779,5845.54271499487
4295.28167117851,5834.40343909306
4460.10877403906,6014.95798026287
4123.0744402215,6312.07426305043
4054.61589983244,5664.41985636646
3741.86355505798,6482.56950063188
7594.05421329023,314.791035200707
4295.12174011725,3569.82920007456
2045.09553430756,1018.76587646021
2933.37335122365,700.67856316494
4667.39268476035,5148.16010782772
3381.68243355559,1579.41094366007
4506.61392599916,2334.64807782833
4915.47173109855,2556.91686674658
3869.18620984294,2167.10796417505
3857.88153449508,4180.82713067852
4337.29699168281,3887.4049113719
4016.65603229836,4999.82925113186
3803.37821990672,6361.29080867876
8041.38614008024,1696.48434013267
4025.21746883734,5658.73668178041
8186.3868362227,871.742118204996
4163.78830284121,4892.75849564386
3625.40294394765,5341.89969860821
4840.13394380299,6030.70045843727
1304.91882785608,1216.14244526262
3459.55069535879,1081.56495563605
3364.48195076023,3755.78275710112
4482.18500640411,7101.06930626048
3454.35539997289,4966.12811040764
3795.54912582528,4935.32521958021
4009.03553342042,4791.42757734566
3680.21261823343,5096.78446328299
3079.16760549797,5350.99277794589
3674.55461792742,5091.72626875931
3771.83881287753,3976.5740897691
3587.31087878501,6663.23778986446
3896.26414661453,3996.12395663195
3546.14315522783,3559.65614842344
4465.98600898976,6841.68947186638
3542.86653766696,4254.65173769339
4616.00703993669,4655.59970473911
3719.99640507016,6222.50760071641
3570.2936527162,4577.34230611817
4332.52841900157,6767.46695805944
4515.21710164907,7013.49175503157
4345.79811905306,4787.79017646849
3578.56833059424,5204.19646295931
8057.07492643403,551.949905390816
4140.32976640419,4533.24104047254
3541.25969023214,1329.46500993671
4235.93897709074,5429.6480833589
4156.11939805731,4113.14069050079
2032.2022914534,2303.10645887576
3239.99248965652,2002.7506820031
5123.77872162052,6797.47445815797
4233.87506764608,4492.77675284882
2763.55899078189,3643.36922550488
3979.93911844402,4548.07395700002
4369.75382810566,6202.90064839454
3208.47931217827,5541.49287464128
2460.46126745578,750.974658251468
8580.67504125374,1264.96097838507
4557.77676272736,5359.80169855426
3882.7462641554,4550.23347877167
3643.55225230155,3536.35513262064
3912.8021352023,4413.55312997721
4418.35018939894,5376.85122231241
3694.66180216569,6622.48934351144
3967.67466533565,4717.14840093496
4216.58863387758,6377.60160431177
3674.41525248923,5579.85430309711
3807.70941441419,5901.80614339675
4466.78297431353,5484.77487684357
3375.46645153068,3626.26303914297
3986.94057296163,3904.45443513004
4207.15760404221,4304.77742211339
2600.78606177526,4255.7883726106
3916.99775107812,3079.54164396512
1891.58030485964,2418.19074424324
3138.58291109754,6517.91893112815
3677.09317663681,5948.01026821027
4025.74686404975,5130.99725886205
4557.17718334975,6722.91112301797
7609.3796952512,703.861130361746
3978.38828255296,5295.24100439885
4551.42912733494,4943.11125333414
4103.51909111688,6338.55811033457
4729.50891567077,6674.77454970309
4661.34168884698,4541.02665137122
4326.76144438015,3300.3329766331
4047.56972563678,5804.39636184978
4059.11643528552,7829.36812946258
3970.31227804225,2394.0939148563
4013.17005995563,3500.83529145783
3392.94629048853,1083.78135143908
4614.02790278155,5700.67842565439
3072.29895285923,2869.83250173993
3420.50050028435,864.751792321394
7357.93788708176,3288.56872066893
4684.95780583766,4985.22383072991
4404.46146381682,6300.31042994151
2966.16850742065,5649.24569565066
7977.60148863204,2790.21118350387
3892.84153979405,4540.00376451678
4061.30888160712,5966.76474434423
4577.90739197532,7572.60280909121
7297.94059783113,2376.53294767093
3417.99745115388,4687.88005181681
3966.77890203835,3512.71329548478
4121.56661838239,4010.38897855608
4545.07547510514,4941.34963835457
3320.04317140076,1293.60413601322
4684.96474622854,2662.33975531778
3918.9630907818,3916.04828042768
4484.90368442205,6220.68890027782
8957.25719831269,3712.13563799606
8720.64826421768,3559.65614842344
2192.13120561707,3115.45939191999
4712.2602899733,4230.15700151437
3640.91004254529,3248.78670999421
3535.00581606521,1068.15262132745
3680.31324232593,2351.86801225301
4261.4153953674,5289.50074435379
4435.26933522066,5934.65480793306
4233.8977547848,4778.58334906804
3698.1354469646,4914.4112216746
4221.27194663627,6436.8770306732
2727.096848582,636.23135278777
3113.06988788981,4906.0002078583
3792.37519679789,5768.59236195767
4121.16885601975,5301.94706583934
3912.58190083256,2712.976883165
4383.1752157443,5884.4724609093
3952.04007131183,4895.82715620717
7546.69843900444,1041.66898547094
4532.75616850982,3541.86789654015
4068.31701811078,2606.19007497867
4164.3963854601,4358.14217776323
3904.50525050559,3310.67643895076
3970.12100010271,5785.30106438275
3913.98904469512,2966.21918500484
3564.04129243595,5221.18890125844
3818.19122280055,4785.91481342615
3528.29800821359,4407.8132927874
3377.33925180523,3067.32281860511
4082.62601488183,6087.98677369359
3939.06594225321,5826.16283594329
3645.8913256025,5145.94392345231
3769.37500018525,2770.26340984894
4563.80754410515,5842.53071703531
7998.24098057103,4825.69703552848
4485.08804892941,4971.64087432716
4158.07557360955,5250.45725037659
2953.21240033732,3443.3216915036
4437.77373140345,6199.54740624667
3933.33913781359,5947.21445462612
4061.7485259703,1586.79907062194
3996.05723811872,5682.15144564598
2744.51578453434,3513.7930563706
4419.47749779386,5027.9609653328
4971.6850176976,7820.73004237599
3421.51239573774,700.508046784596
4542.55350750785,6646.81324616868
8568.97006012842,4139.56745232591
4568.67154172058,6602.2003256682
4353.76087721255,3748.16713401371
3443.99836330661,1552.87053948599
3744.84143389406,5717.44379068324
8365.01860044614,7303.16282539826
4653.2177349121,5165.83503450348
5030.55761768978,7010.42267161301
3342.26969111992,6677.04781953751
4014.031878853,4463.73547700096
3795.97375353407,4667.02271651496
2318.57389421946,590.083996291819
4353.59001367588,5592.75519397849
3240.02363446198,3308.7439904494
4274.79450750454,2693.54055293729
3044.33736420544,3535.50265643273
4072.3261917857,5859.06858593861
4457.81505689236,6464.89499681137
4231.32191109201,3800.33859214258
5102.79368793396,3882.34671684821
3789.88350227646,5765.63702660188
3839.06345756345,5502.79020199714
5580.123246161,7349.13987694149
4294.31619807053,6376.12372520625
4347.45489244183,1899.77147393286
3945.41505135096,6219.04103336102
4682.05947266238,6162.20928750054
4428.90511490396,6931.31321965941
3739.20198233563,1401.07300972092
4269.167345006,6961.54737017299
4789.7140933755,5894.30426837211
4113.31241387709,4689.01668673402
3649.29677472164,7182.22537763345
4334.50419280066,4286.25001924972
3970.38384398045,4410.99570141348
3602.28735397212,6214.03950144109
3241.26666748314,477.557139488061
7835.27627610496,1223.87160498517
6237.90507212661,864.467633592092
3583.88383586462,4736.01662513169
8323.1146497143,5966.878492407
3941.58818765111,4659.00960949074
3897.19817939442,6455.63150680716
4684.74918697743,5308.93728600913
3627.77184101522,4281.93097570643
2049.35864076741,6487.7981058221
4734.50891596112,4208.3338648171
3882.23738367452,4682.76519468937
3686.76996503753,6940.00839220502
3519.17941626577,4025.05148441704
3915.40625118921,3990.32703398313
4448.35133300705,6441.1960742165
4029.24945706703,2217.74509202226
4178.22891830085,4385.36475317251
3527.65631465874,2637.90210459777
4136.36959521139,4882.35837072244
4280.09908045647,3295.95684763079
3453.49373807988,6328.78296547551
3824.74406769878,301.20823736867
8815.32444092212,2510.88315259959
4285.14045511493,5569.90874757152
4514.26204424708,4897.93001537506
4006.43931802312,4161.1635157529
3230.89655087404,7383.12559925026
4184.18061749497,2371.53183860626
4770.53878613032,5648.10906073345
4531.13007313661,6592.31185560163
3241.80255152756,5959.77452417444
2470.83523646654,634.526400411955
3933.94468185241,2947.6919935688
8109.17854123901,2645.40397962241
3110.63782092714,805.476313103053
3645.8897618286,4090.29424409382
3799.66550127488,2592.66420403493
4448.64852508476,3970.77716712028
8767.16171808278,5149.52423887047
4060.00912994264,5321.2698594319
3746.44389400257,4707.88491093075
3576.7509742749,675.558952637368
3866.11300293811,6712.45391263754
3963.98760202657,4733.97042856756
4495.95288032003,5423.56700198078
4154.89487466243,4610.98678423863
4425.20616293522,5123.60913190019
4109.71515485114,1402.94837276327
4285.67436263805,6074.57465081262
3946.68263374862,5849.63468526787
4561.54896901308,4154.34370624964
7286.12879214809,129.462709306824
3356.51184449749,4520.79471898699
5126.16439093596,4739.76735121638
3959.11321160167,6460.178046476
4782.82636960428,6786.90349971477
9271.72900703692,590.822777273862
3016.00763783338,379.010908023054
3488.57060116331,5742.27934819532
4364.4427973264,5369.06518855847
3783.82132206976,4642.47131773218
8958.30193178057,3801.30481639326
2380.92247589475,3647.74535450718
3843.05725340792,1946.94182299706
2813.72091530052,221.359634434691
4342.01485569521,4833.93763867826
4680.29578971077,6428.86350079372
4466.25360368697,4827.79989469637
3671.76069382093,3788.34726290812
3875.4279576116,2940.98593212831
3842.90646321016,3714.7501520188
4676.62237997478,7108.62826674412
4704.01311730856,4498.45992743487
3659.89313652396,2592.09588657632
4026.54137679133,6946.03238812413
3711.76384963399,1317.24618457671
4246.7632514107,4083.81525592363
1771.57164064013,2071.40334643152
4607.31778271888,4730.33345054564
8663.23552790723,2606.70151840589
4926.80317537802,6243.70575735132
4209.66116321165,4681.51481170939
3496.71634611525,2259.80058395902
4442.18588824576,4993.40734842067
4852.45771813799,5215.67656019418
3802.47257010288,3911.5584033626
3795.95823730822,4108.30999210265
4585.4823228379,6975.07366397199
4448.89156018848,5923.40220682373
2290.65860283384,1677.7867380301
4204.76454655961,6810.0907674548
3829.4923494866,4649.23446463168
3994.32027844046,1297.1845571452
4041.06907492005,7059.9800385744
4008.72468398095,4919.18525746898
3632.93814927997,5726.08230062508
707.782423792508,2500.3692796154
1749.79772777318,8323.00850486464
4542.11900866716,4831.09605138523
4534.41680120289,4527.21662169817
4205.12932728037,5907.60306604557
4269.90144176845,2679.95759653453
4792.9858514648,6330.8858246434
2990.89902234516,870.548662113307
4212.53126400126,6375.38499708111
4095.60401322206,7202.68480614322
2685.38682794885,1284.39741432659
3619.00237465437,5635.09484464455
4393.56519937503,5860.26188345958
8183.38536234051,3369.55395852012
4109.44612112993,7746.39378050627
4524.61356944536,5767.96738189531
4160.59321821884,6529.56943902955
3351.5028949691,4417.30427891715
4915.12117263007,5282.45386158024
8634.5270515549,948.351279910785
4487.5038974433,3811.64827871092
3905.58260461834,5763.0229354344
3903.06907290804,6205.51473956202
4297.02345314023,6510.41705610352
4205.6822368814,6318.04159636578
3444.38390038365,5016.5946161607
3761.43725774956,4869.96871184065
4197.48801574145,5179.64506417653
4156.45563625936,5486.93439861522
4155.63492351793,5515.57734481575
4418.9249999734,6022.34610722473
4288.13084488977,6474.27223487835
4403.51908403632,5449.08420215898
2952.91109224464,1850.15744436771
4147.98406781805,6072.18763291543
4657.62254119935,5979.66563522561
4551.23242231921,3108.12813898952
4047.09967406925,3195.87631231258
3405.91287571678,2747.64424813989
4341.95062606006,6168.57410475271
4943.87629656131,5378.95408148029
7325.15863315383,65.867988331788
3558.16354510759,5196.41042920537
3567.62742841967,2045.88593482569
4091.56734734366,6860.84185479241
3640.14571464855,5678.40029670603
4176.17985372283,5666.23855680504
3646.60783440929,4975.84659266293
3828.32122000546,3633.08284864623
3580.4040981352,5503.30185685198
8720.03148580835,1960.29728327427
3508.32437694267,2618.63618503659
3428.01338477616,6128.11023998424
3752.88489826677,4975.56243393363
8825.47258615349,1364.87110303675
4267.40885116667,5765.52370139436
3344.28699788949,3677.58202108394
4003.31561801758,6504.79096697648
3212.97255428777,3769.30862804486
4254.78932639835,5308.14147242498
3683.02894293384,2042.07812328198
3575.54464733531,2447.06118656932
3853.15177414648,757.396666676465
4717.53914464692,7002.0116577967
4115.80768965282,2337.09175832928
4526.72961322865,4871.10534675786
4250.46557603607,6190.28391624246
3678.77413358098,3805.05554247795
2244.43322377266,451.471357566718
4708.20029420506,3974.01666120537
3698.41822281283,1306.67543756114
3341.28069679462,2096.12515588083
2872.62980880385,1741.66557809175
3326.67075739154,1736.94852204257
4556.94508627194,6228.07702723968
2230.42704268993,5389.86586125656
3318.52217490191,1992.06618692476
4421.29273553385,6582.36630007604
4073.71110197396,4499.59656235208
3782.79268486122,5709.43068365901
4222.97286624534,6519.56722090021
4526.49392876866,5637.14061835342
4102.55531704611,2668.07980393521
4824.07132412331,6620.32982173979
4697.72201674815,4973.40248930673
4024.51738187837,5436.24039673661
3366.9515416897,4929.41497172387
3699.14737373909,5908.96677423307
4674.27264181512,5078.54121914863
3454.88595537952,4770.00192458521
3766.3596356033,3518.22584797667
3491.43481484885,3972.70919276638
4648.24272993849,5669.47805089014
4054.08952151389,4826.03785686155
4407.33031715781,4668.55725822425
3750.05556471687,5724.60484437481
3820.31807874821,4647.6999229224
2367.79581852142,3333.40913729495
8345.72527065696,2312.54057097413
5312.66849120891,5884.69953417959
3868.59238278599,5218.57481009096
3392.61074701875,2373.86198247206
4368.32642830633,4825.29912873641
3476.50133967502,5710.62398117998
3283.82327941693,1648.6320312609
4250.51708779191,3764.13668545841
8071.80827764186,139.521933609821
3849.5557232591,4196.34211272739
3892.51405929434,3771.86605660858
4373.82977002251,4759.31764093449
4122.43541348535,6300.19668187874
4383.23564984865,5004.37579080069
4098.68413025006,5623.61474740968
3362.12644708942,706.873234035114
5056.79735687104,5374.52128987423
3983.04074544097,3997.9993196743
3151.48430866975,2005.25123653544
3979.70715538964,3475.48850194616
4954.12627230484,6720.63785318355
3857.3804217549,4800.80481541264
4509.12090996249,3627.91132891503
4229.9174503807,3192.18224883165
7782.26876070767,1419.99789652142
4406.86002386483,3674.57002312438
3462.84014531554,3943.2704329817
7841.39284157485,2440.52553579536
4116.66589784715,6952.6251243571
4132.61675948712,5148.21719328673
4559.5329040306,4942.42918781277
4062.55752928576,2455.41553778186
3622.55671846318,5515.74817833753
4647.24862746213,6031.04127977034
4181.67065200878,4791.37049188665
2911.2315074251,545.8688768696
4293.21366411964,4687.93671442057
3660.84330273934,5751.20201686646
3651.69509665844,5297.96884362911
4184.95892221924,3804.54431047836
3960.28072357311,4083.1336132575
4689.05419198009,3598.81339046341
4026.3345961205,5352.81147838447
4397.68083650683,4366.32611830924
4017.12832467266,6334.97779491641
4242.82187104521,5994.21439302379
1938.28343637114,872.026276934299
4802.64753739064,4283.92008681154
4453.45870790539,3815.91065965046
3479.0398478672,5922.43598257305
4220.6924101733,6393.96906254854
4095.7090319176,4876.44770001085
4809.25005619067,2936.49626649085
4608.70937293008,4865.76341636013
4922.37646337796,3544.25491443734
4267.39973471097,5769.67233427112
3455.4947716493,902.601724493095
3667.53158002847,2254.57219019643
5362.82800696513,5443.11686884363
2488.96238163106,7460.13261489121
3909.14492112436,5208.74300262815
4687.95995784056,4732.03840292146
4151.96207743312,4659.6345895531
3214.05018528287,3237.64764552003
5056.77793208845,7143.86394917762
3416.54185206471,919.537605902282
4014.48696201679,6010.18436732374
4558.1303485826,6376.12372520625
3899.90768566725,3749.64459026398
3611.75794587095,4510.90582606516
4107.84700758632,2952.18165920625
3571.97556663281,2513.38391855955
3593.34116810392,3700.88303688674
3980.52231884623,4117.23266077379
2113.33464742096,3981.461450771
4044.70624766424,4501.01735599859
4013.0690503099,4999.60217786157
4122.89495588864,5369.34934728777
4100.10527266979,3399.04980376381
3917.05651936253,5348.71950811147
3978.99540962402,3343.18407072638
4308.22407550396,3358.52864210871
3685.63609978727,5785.69897117483
3326.42041177495,3178.94032518958
3652.65674490681,4369.79268566463
4425.28718202708,5540.29915426506
3544.28697340499,3564.03227742574
3594.07660918259,5322.86106374495
4100.36142763219,5026.76766781183
4378.83361087319,6769.91106141564
3331.46856914859,3235.65853441492
4385.84273691388,6069.63020435171
7763.24281463861,1156.8101448698
4138.28950501029,6006.66071450934
3720.46396037113,3413.37127686407
3928.20190900778,3124.83662998697
8484.1886273644,3876.55021705464
3680.56218163113,6379.98819935371
3376.23188972204,78.2004758620905
3786.3103514765,7448.14128565675
3774.58626915779,6820.49131523147
4537.84615251059,1077.47298536304
4413.71038084067,5707.49823515765
4450.26399723509,6468.92988162536
4190.4096366096,6336.45525116668
3125.37148105806,4607.40646882047
4083.64418120941,5745.23468355111
3041.5645560673,5942.7250004163
4089.08588790347,5345.99166888121
3953.44888525568,7872.50359371279
4276.24356310796,4019.82287922682
3740.70488629593,4395.08281257255
4693.65292476463,5904.42023456423
2422.75154992114,2049.29583957732
4622.65352324172,6550.08553014308
4800.6599537141,3981.80227210406
3719.83400451735,6310.5401441964
5334.69710489795,4757.04437110007
4898.1791769865,4499.31240362278
4085.00124218719,4340.92224333856
7111.20823672074,5960.1153455075
4254.12585618221,4199.9228510008
5251.30631710771,6138.56702750942
4548.42142961906,6378.11283631136
4521.7908010055,5698.51890388275
3941.55236859852,4142.23862895241
8678.08458244401,4270.45087847156
4251.13606971074,5212.60747677561
4570.94374183862,4930.43785857831
4348.42695518265,900.896772117281
4027.88447055661,6517.74852046162
4231.16805535417,6294.74058056298
3493.39070460832,2865.62699483178
4464.7796626925,5564.62347977755
4252.17451457191,6694.72232335802
3979.00058033005,4238.96592212275
4521.92386731791,6571.17036157048
3838.86429690114,6467.22492924955
4378.75627723496,6836.34711861339
3695.53731921333,6112.48150987261
4277.35316698349,4894.69052128996
4274.30651531435,4560.4065304228
4500.63917181427,6040.64601396286
3991.06909976337,3087.10039302114
4698.26999102441,7386.47884139813
4866.59532432455,5927.72125036703
3002.26475753939,5966.36683755216
3936.53332271251,4334.04577123154
4271.96258422643,3726.79856671227
3820.95328303446,4159.17440464778
4669.54909423533,4737.83490271503
3991.61587164355,5279.49852622445
3815.35360559065,4867.29795806941
4761.89382018185,5016.36754289041
4106.61540424991,3880.47135380587
3934.3237194332,5764.10290774785
8788.38005056256,5296.77512325288
5152.0715417636,4840.35954138944
4526.29388437281,4125.70033719385
3356.73151090735,4870.65077736203
4169.5492838862,6938.70134662128
3867.79039109007,4815.41023581459
3519.30915622256,2326.52101131371
4166.9774645159,6432.84172300396
3809.20860804706,4034.59913315055
4169.76243515706,4949.87440023364
4592.51045109164,5409.41572811941
945.158057321825,195.387534504985
4245.18604852086,3526.23916642852
4261.45742590614,3743.45018367834
4021.3958184204,146.796391794271
3851.78117362236,2519.63541060421
3635.14448639653,3403.59634343265
4556.58612529301,5308.88062340537
3959.32764761772,5157.87859008301
3419.46676693413,479.091575483532
4399.45316811572,6924.72048342645
3970.65745638985,2838.29088278736
3705.44578033706,6079.68950794006
4773.49548310384,4959.99036642576
3929.92344174932,6860.5006106041
8676.2594108579,6524.39791929835
3842.55315577397,6851.40753126642
3685.60381702094,5131.67890152818
4713.48258720288,5947.49861335543
4172.44935258207,4577.68312745123
4290.32094150366,766.944368266883
4061.75068822276,3805.11262793697
3574.38212124118,3044.81740495884
4424.14116513495,6360.83623928293
4873.487668837,3792.89380257696
4300.43382934119,1540.65171412599
4894.5623287228,6131.63346994339
3795.10722123331,2572.94350365029
3349.58653607139,5256.19751042165
4492.02998792327,5130.03103461138
4229.32201824008,5521.71551165288
4632.85821580508,6425.28318537556
3812.98399099566,4681.96938110522
4357.67476847858,6726.66184910266
4148.90749598225,6374.47585828944
4170.08424740122,3918.94653032446
3997.25394358707,4744.48430155175
3653.02993891958,1005.18302577127
4439.33357186411,6810.54575970588
3935.77096264766,3593.81228139874
4184.38759087167,4261.13030300834
3196.41596001193,7498.2665472215
8451.43286702866,5124.00661583701
4627.15474363541,4826.94741850847
2822.27505594773,4826.43576365362
3924.73291285365,558.428734990292
4604.14507417679,5350.93611534213
2934.83192045752,481.876341602077
4196.83360003206,5774.6734433358
2492.00400799984,3524.98878344854
8040.52005429939,1826.11748901215
3398.55462822308,6719.04664887051
4216.09516569244,4399.74310030416
4551.03827414771,3790.79094340907
4015.86875809238,3012.87809064182
4029.44484202435,5419.70252783331
3639.26255047009,4732.94754171312
3775.08696874555,6935.40476707717
4118.26998196761,6281.84011253685
4821.9970312369,4918.90109873968
4647.89228714954,4821.83256138102
3462.38808091517,5129.51937975653
3684.85008043801,3682.92437433693
4231.42566047424,4931.57449349552
7673.04728407204,3271.68981900494
2661.38549843168,2016.78799637407
4105.43801929235,4904.01109675318
4651.41370196447,5507.96214458359
5010.35701367899,6387.77423310764
4187.36870473689,6947.62359243717
3961.48621569087,4858.48903746103
3190.48929271773,6380.32944354202
4366.92343665191,5117.07348112624
4100.0822380867,5453.5174166203
3723.62312433335,5284.72713141466
3652.52419387196,4887.92779724571
3014.22485591811,4414.51935422788
3236.71291327512,5989.49744268842
4195.8853668258,4508.57589362698
4169.59389731046,5818.66138377391
3629.78668471643,2268.43909390087
4387.18118864625,2656.37242200243
3704.22629519413,2204.33275771367
3623.39577492815,1123.10889843177
3941.08417516576,5917.94610550797
4177.1180225149,2522.36324983446
5350.95649484607,4522.10176457073
4186.09876912143,5530.52443226126
4056.54058196941,2373.46407567999
4712.06856564496,5579.17223757573
4414.08658404962,4754.94151193218
3441.68464851649,7151.30873874325
2196.31416860938,3599.0404637337
3553.74815596033,2898.98731422294
2110.69316517235,1494.10655655177
3859.4357639722,4474.19268738139
4462.79371590844,4807.0563074573
2881.32669140122,3069.93712120022
3081.12841935838,851.055352140399
3683.75774390604,5649.30278110967
3549.37366396063,3549.31268610578
4004.09268297031,3300.0488179038
3499.75887989537,4562.96395898652
3446.50785580046,3026.68812031487
4462.08793985741,2114.8227579834
4431.859195299,2619.03409182867
5269.8790839797,7906.20515729225
3995.04531026524,4424.40824714971
4642.57878610372,6573.50029400866
3967.70176545482,6585.20788736907
3585.45523200791,5220.166014404
4617.95215885597,5828.54985384048
3452.55493668446,5204.36687362584
5078.34376221103,6677.90029572541
4151.53744443442,5165.09630637834
3794.370905942,5789.90426665535
3092.15131408448,3593.13021587736
3024.4090085902,1252.68527899368
2570.22975375458,3605.97402129973
4571.90255443719,6556.10994891745
4163.38912723555,5449.59585701383
4067.89004167453,5699.20096940412
2378.25143280289,6028.08636726979
3686.77141383086,7025.0285148702
3740.37080235929,5995.52143860753
4156.40562423967,4376.21458837582
3979.025998577,5396.62858530081
4373.11861011172,6180.05420198758
4608.40220318679,5228.52036561654
4301.29980336201,1727.62815800698
4070.74239052566,4101.54684520315
4254.1850286369,6159.99268026988
4204.11924071062,5219.02937948679
4679.06149073593,5638.73182266647
4057.92295270155,3260.89178729145
3856.43258853208,5134.97548107229
3677.2636281632,5619.86359846974
4003.98650500854,6826.34490048405
3921.52992858941,7286.62495649496
3639.93999900676,6086.96388683915
3371.09204940041,7999.63587091849
4775.06603364512,5282.34011351747
4562.73025159801,5730.40134416838
4021.59380671828,4711.9764583485
2673.8298823431,1087.75957364931
3622.1066018308,5920.16271273863
5006.0738526381,4891.73560878942
3718.94740204138,4372.80468362419
8933.28701767709,6746.55296015383
4353.56037598472,3887.91656622674
3898.33745226938,5201.75278245836
3996.37295020391,5844.06483588934
4517.38429012455,5928.34665328464
4076.80605812853,5848.83887168373
3572.19324483369,2466.09982143258
3975.62143760759,3811.07996125232
3523.80674422842,5300.07170279699
8456.55526420957,5950.90851810705
8791.96416860018,5910.78547467165
2747.76608973426,1984.16661653568
4385.33455705671,7305.43609523268
3763.20906912999,6994.45312016831
2378.24906353165,1960.46790536843
4204.04507663785,5930.27867893075
3395.59541025832,5063.53789195461
3347.42556462795,5198.51328837326
3893.12344249754,1116.68689000678
3829.59128986597,4656.73633965632
4306.16123640193,3827.84532628116
4636.13469642442,3803.69183429045
4537.40363171401,3463.44008725269
2340.85061578222,4472.54439760934
4301.27494603784,5730.11718543907
4065.47896983502,6783.77775369245
2779.04199241588,1956.20552442889
3888.54888434838,9315.29078758869
3940.07136952048,3862.34228058952
2335.2184992895,1063.20828058035
3394.73810074803,3924.23179811844
2157.68376875199,4227.37249968036
3652.87048404883,393.048328107831
3329.82976739073,6513.71363564763
4237.6690870691,3512.0312299634
4133.97558012576,6808.78372187106
4541.64142125163,6901.53321568642
4100.5186045191,5914.59328621536
4422.07845862125,7043.32842160833
4693.53177106734,4924.75468399226
3400.8511003085,6177.38302536108
4072.20273931618,6048.03414092472
3147.50512930447,955.739406872648
4316.25240599467,5943.69122466697
3716.29642177786,111.390219408881
3861.95008381292,7418.24711076574
4274.89641639918,4432.64885029948
4200.14711169813,5399.18601386453
3795.06663765279,3831.93729655416
4203.51177634012,7066.06111995252
5013.12184890468,2677.7412007315
4490.21574333959,7515.31607097964
4110.98069913388,4939.01928306114
4422.02480857109,3750.72456257743
4873.02852325448,6445.51554061505
3621.30427273035,2962.12721473183
3522.49893237957,4992.27071350346
5091.01743075403,6235.23808093126
4862.5459868502,4339.67186035858
4519.54164762625,6350.3790289025
4367.87893601514,5480.11458911196
3581.80521186842,6465.74747299928
3474.83517572025,1515.81626232772
5255.57689339602,6100.71725390844
3339.56329891758,2944.28208881717
3899.97592398434,6765.76200568362
4185.83462664145,5097.29569528259
4568.02821469369,6113.27690060151
4182.12758323245,5782.45947708973
4348.07505957031,4315.85961255619
4062.31942689218,6793.43915048873
3248.78815354814,5397.02649209288
4065.30231633297,5735.80036002512
4152.66445367593,4282.6130412278
8598.27131598303,8355.2892747976
3876.76248424825,4427.93147710886
3602.63596487663,362.075026613867
4252.86978740558,2282.53328230322
4809.55001862769,6534.9684548863
4060.10182429013,183.396033485578
3431.38455516564,1751.89529234664
4375.05460117486,2949.96526340321
2782.47897079657,4085.12272436262
3953.14696685009,4171.62030327807
4550.33929001323,800.475098324568
3000.82839184169,43.8741073087601
4210.50413111844,4292.72900741992
3515.99367376586,4716.69383153913
3961.44438954435,2884.21106029921
4326.73267095076,6286.55706287222
4043.6815407768,5591.7318842688
4365.43003400002,4057.78640089058
4297.08776697924,3862.22853252675
4176.78766026129,4442.36690969952
3121.04474799085,1949.10155619633
4159.34697761095,3015.26489711138
4386.80166587966,6074.46090274985
4314.78028681128,7002.57997525531
3961.46475887965,6801.28184684642
4071.22589368677,6152.09289845317
3323.84008871348,5489.832648512
4254.45498687827,6620.10232561425
4684.32128785001,4926.17547763877
3788.53152251845,5347.98077998633
3619.76502037378,6371.35011226712
4160.28187359487,4851.15757310293
4549.68349007256,6271.83747155226
4152.75595212244,3247.19529425354
3520.23008843814,3683.322281129
3932.91789059685,5916.12782792464
3845.3832418531,2549.47207718096
4282.67976723707,5253.7538299207
5118.53734259167,5402.99382540823
4326.86671132065,6915.22949729669
4418.60765395416,4262.09652725902
3165.45521435323,2928.36919997623
3527.79116301906,2354.99375827533
4275.91803832638,6077.70039683495
3900.72520110816,5986.25794860333
4865.65950764226,4196.00129139432
3940.69934820828,5278.7027126403
4792.26568570758,2360.62005883
4109.6259428429,1575.77375421053
4270.80924901258,5925.10715919955
3740.43088879566,2263.43777340857
3014.12963511773,1797.81536414467
4626.37056037172,4473.56770731903
3642.92845486399,6513.82696085515
8007.2331308818,3074.65407153559
1753.44279455689,1507.51878514656
3725.70661743327,1062.24216204348
4948.75602335854,6408.40407228395
4490.59123012697,7276.16774611453
4127.41828852867,5118.03928252166
4069.44418276567,5222.78052842674
3797.54357383895,6096.85277976098
4294.20198726774,4527.78493915678
4411.01538606599,4885.59744195228
2635.49265910256,816.501629514462
4049.78530153245,3727.70770550394
4051.34023170151,5081.32614383789
3571.27385736835,4173.60941438319
4194.31663468279,5632.19617189251
5097.72146141026,4978.80150516348
2949.64386527647,2871.93536090782
4214.20996693554,4149.56967045526
3713.57605123618,7643.64249141682
4790.3048629486,2187.62426671621
3598.56611440098,2786.17629868988
4130.30193486127,3416.72430758432
8396.21243700503,823.946630507711
3500.50488870732,4086.37268448735
4285.79273968834,3911.72881402913
4365.47265636654,5600.99579712826
3522.37041649049,9553.8707949952
4111.27902279289,3923.03850059747
4569.04381433623,825.992562787307
4352.21899861596,4884.97246188992
4349.84422823668,6643.23293075052
3619.72945716726,3521.29471996761
2392.89768097705,3810.11373700164
4592.24446601334,6021.09572424475
4582.22759396221,4365.92821151717
3899.73204191729,5365.99652799516
5061.29400527148,3952.36351231938
4328.83173501582,8558.69026237437
3987.975698134,5188.39732218114
3179.14305974781,4383.03439787908
3746.45453661481,4966.92392399179
4079.73657134077,5711.41979476413
945.622834803456,538.082948829477
4774.49576762189,4228.3953865348
3828.67783874711,7146.1938816158
3870.08151048265,5530.12652546918
4044.30147336934,3742.99561428251
4129.77674128749,5196.12627047607
3221.00035484053,1267.29101653706
4049.99723668192,3872.28783611511
4293.34205367377,5199.47951262394
3014.30110137578,78.4278068098005
4232.77469723417,3026.06292882488
3556.40450674945,4225.61046184553
4121.73851006908,2249.4004590376
3929.14487936163,5846.90642318237
4078.83155754,6210.17502729363
3773.754924028,4245.78573162601
4075.40858832016,4887.47322784988
3529.95329097871,3491.00348399502
4703.35224575172,7022.18692757718
4428.70676915171,6091.28293038245
4669.56742214548,5680.21899714462
4897.58647907785,2086.0660637201
4663.19183822098,5971.1975359503
4531.87542791559,5569.96541017528
3785.50467636089,5221.92805223883
4204.45356472169,5363.89366882727
4310.55313755714,4535.91179424378
3654.39126720799,1860.9554760812
4034.65198413363,3332.55666110704
4332.56819225821,3800.9639950602
4082.71225275008,6439.60486990346
4556.67583878955,5189.76103036864
3083.46429263598,1700.23527764499
4097.47906704057,6294.11560050062
4309.25955841909,2026.16523444105
8941.33811338008,1362.4274225358
3279.3701086798,231.248368785796
4081.98852756577,6758.26055351424
4469.9187068471,4328.13510051995
3908.69907079249,5260.85779815326
3477.21723707873,2987.5879637339
3290.26172060029,5766.43284018602
3511.11743642809,4098.30735111805
4825.97248389163,6299.4579537536
3877.01220052195,4557.84910185907
4891.13743876614,6288.54617397734
3928.53401253767,7018.20870536694
3321.01833369957,6003.87578982008
4549.69239259926,6232.45315624199
3826.39285387814,5886.4044865554
4985.77632065154,6871.75321171342
1022.24436348039,1314.91604071091
4344.08370340647,6006.4332183838
3725.53182451822,2023.15323648149
3712.32795153749,5798.5427765972
4151.75791836384,6934.55229088926
8531.97662461936,7590.22065030796
4499.1948823213,5781.09534604698
3871.50348404995,1403.97136533152
3872.18294108359,4868.43459298662
4047.95756971684,2624.26248559126
2390.61358300571,1643.57404816485
1384.11721375774,178.622169476142
3804.89065855366,5708.8623662004
3821.56033444284,2984.17805898228
4225.36705295476,4477.48884407025
3803.45307409775,5290.3532205417
8313.51795104437,4120.35840679612
2660.0036681092,3406.94937415289
3361.87421963312,6844.75813242969
3230.40127819263,1160.95888346038
4474.45831747548,4771.87728762756
5616.17412785218,6480.92163371508
4287.28008483943,6357.9946519899
3247.00515800373,3583.58256714385
3705.85494639308,5606.28106492223
4038.09793322803,4436.22916571764
4467.0471429228,5666.74978880463
4143.99084140358,3353.01608961682
3639.75305366035,5537.0029975762
3387.22486299505,5133.78176069607
3959.87066941003,2106.24133350057
4373.49258018876,7209.50461564648
3498.21533018193,5514.89570214962
4527.94842685834,6528.94445896719
3804.35386711472,4628.71837351815
3698.39386919709,5277.11150832726
4209.96756185116,3257.70916723773
4209.3479612868,4619.62529418047
4116.06798595167,4862.9218290671
4059.28158666159,4602.85992915163
7598.49234009199,440.218677172033
4281.85303157623,5389.86586125656
3055.98316578848,2103.22912411339
4228.46443326634,5220.73433186261
4953.55272258745,6649.48442279517
3493.05664679717,3353.35691094988
4206.28906273477,3671.61468776859
3806.95271165915,1566.51015849251
2633.29411414076,3619.49989224347
3986.49911439705,5127.01903665182
4362.65504713072,4856.32909283413
3888.71976674902,486.820735206083
3230.07903851432,3151.5475505414
2435.0653851564,3515.89570411086
3547.46586065237,2195.69445919945
3480.52841532898,939.030915875191
2184.13561365906,1153.00243903991
4644.29593087933,3533.74104145316
4081.96385587398,5000.3409059867
4145.12636010166,3965.37815126353
3870.61930870988,4293.63814621158
2562.06075667506,1440.74148376049
3809.61736544996,2460.01874005446
2476.54138213722,238.977475651441
8338.97502618852,2332.82937738974
4318.39763983263,4845.13357718382
3864.91993361971,3175.07585104212
3509.45048751534,5621.39814017902
4728.66407755231,3248.21839253561
3394.57048842524,5083.71316173508
3304.04388211885,2237.63620307343
8516.10320029281,444.822064443804
3788.91518568738,5037.67944758809
2766.45017682138,940.963152948922
2346.12401611368,6740.35855356819
4201.90554791582,4998.80636427742
5123.33734887716,5733.86833437902
4490.85630924671,5007.1040528862
3757.71093651338,3565.05516428018
4830.25774178943,2812.14827969154
2249.18426305353,3694.74529290486
4036.5905129939,4874.79941023879
4136.28998508106,810.761633753934
8162.96141172034,1647.38175399474
4312.60206075974,5672.774207579
4062.55054530841,451.698695121541
2427.17757572502,1759.39706165746
5178.45123076152,6986.95124514368
4052.82203136748,2479.96672513701
4281.45558428536,3628.30881285185
8445.32120568256,3686.90259654716
4349.41887336085,4835.18802165824
4218.11258365218,5965.17354003119
3944.53582689788,6982.00679868276
3286.38422359935,5046.658778863
2884.94458039588,2711.27193078918
4648.03866072399,4446.288469306
4473.04206916758,2912.7404698646
4924.59582687554,4862.86474360809
3848.54591421401,5581.72966613945
2758.26858465932,708.294027681626
3839.09080940139,3903.09030408729
3263.04920036617,5487.38896801105
7500.05800280374,540.810893773542
4561.87576276397,5228.80452434585
4162.73151135655,5077.68874296072
3836.26923477762,1543.26601672109
4076.54571073651,5980.68852208005
3698.49966346055,6774.00260883339
3515.91893642909,236.761053419954
3934.6746549607,3194.96696209329
3823.29301797364,4173.43900371666
3286.42817914819,751.940776788334
2652.69169642376,1720.24003104511
3269.113166565,2668.93228012312
4023.58502399942,7202.62814353946
4112.08891533039,7179.66794906973
4446.29829816975,6305.99360452756
4373.03579721531,6201.5936028108
4674.60621726322,3041.52124826998
3519.01539329869,5266.31347661377
4154.98959002979,5155.77573091513
3926.36532255276,5713.1814097437
3478.53167809009,3959.69497667748
3562.93710150534,5627.8200428902
4945.27546895126,6515.02068123137
3845.49286779879,3032.08713617161
3310.56261586296,2730.70847244452
7059.76023263936,811.614109941842
4315.53781716427,2092.4310923999
2901.6471854441,318.712409808009
4478.17240135382,4863.14890233739
3678.77532278585,6299.40086829459
3836.71099607303,1763.88683300873
4979.51197777246,2040.94148836477
2350.57695043478,2397.16299827486
5342.17101056224,7358.80127373777
2359.3454225837,6503.93849078857
4474.55559784832,6173.17772988056
8526.22563041667,2063.78793477174
3911.35861841605,5736.4824255465
4571.54501570103,5774.84385400233
4391.09514444035,4610.30471871725
4440.39017306227,5292.96773456443
4834.45145886166,6619.64775621842
4414.99718867827,5621.79604697109
4063.34993614566,4828.14071602944
3426.67116482109,6216.4836047973
4349.07158905832,8861.60346781075
4358.96976505955,7938.37175630719
2683.38210329937,2310.60812247277
3261.48068329965,6681.48061114357
3904.97390593914,6405.56248499093
3666.86671361745,4026.81309939661
4128.82613456221,2130.05379273059
4386.86066016073,4026.01770866772
4081.93624867871,5472.61271408732
3860.66468425141,2379.43140899534
2625.84153354499,278.816545356712
4796.16239027205,6101.45598203358
4151.77352907251,7484.57026561122
3684.06761901185,2106.46861819849
3997.25623334189,4712.88601999542
4236.34814095739,1324.74795388753
8530.17703299822,705.168281659299
3906.02137142571,2602.60975956051
3615.83698224295,4638.60684358472
4063.68567723701,5793.03001267768
3278.13538864362,5950.28353804469
4093.28750707977,4015.84465701659
3697.14822466635,3852.39672506394
4241.30302215169,4447.53842943072
4902.84171304595,4649.17780202792
3295.0589070802,1189.31788235924
4615.0473120155,1816.3994296121
3891.33911999364,6105.49086684757
3548.55452019141,3221.39372391841
3699.86367426534,2136.47569544177
4156.11906726819,4695.43858944521
4107.13270737466,4686.85716496237
4352.42594663455,5428.51144844169
3819.413820956,4248.05900146043
4523.43204301765,6357.31258646853
3805.45628187534,5729.94677477254
4375.66438947631,7116.81220729013
3473.20558429704,4685.37928585685
5331.19040209661,3664.51071953603
4429.43813153231,5053.42192576249
4227.04327358413,4742.3247797801
2821.2726388206,4977.38071151696
1898.32015010679,6091.85124784105
4404.75403392392,6289.51239822802
4582.20883504502,7347.94657942052
3875.18974256229,2089.58950510687
4725.54465837203,5241.42125649792
3220.55696296728,3763.2842092705
3671.50339272736,3062.54899423836
4709.45754211063,6257.1749656913
3543.07104435568,5699.93969752926
4478.51337524096,5485.797763698
3791.39025814123,2994.63505793508
3819.74988185389,3226.45170701447
3836.72828477292,5492.33341447196
4619.12066362815,1600.43868962845
7300.82817382877,5787.74474488371
4146.41423969223,5441.98023392642
4276.03130943924,386.967352443522
3823.07152145979,5827.41321892327
3052.31242901908,6056.95680959587
4233.80474600021,4427.93147710886
8084.71705878835,3280.44186558193
4473.99985568122,3352.50443476197
3935.92006369426,1165.61906547818
4004.46724997743,1808.61339585817
3882.82930701212,4477.03427467442
8426.44793712737,2255.82236174879
3519.21779432208,2463.71280353539
4269.30206787925,4271.36001726322
4840.28701768159,4239.70507310314
4352.8446227397,6467.90699477093
2804.40032500159,4968.11722151276
3117.40672066909,2350.27680793996
4120.24288561273,4031.30297646169
4131.42352705054,5778.99248687909
4611.59146789062,5801.66852261952
4262.26065570902,4912.64960669503
4295.15963843905,4434.58087594558
4473.64962908337,4707.31659347215
4295.03063112741,5329.56712518543
8564.089487241,2301.91294992717
4638.51719803456,5855.48827052045
3663.9245706322,1536.10517445715
3585.90802542165,4394.45783251018
4570.27300764894,7054.29686398835
4625.07419857646,5257.73205213093
3860.54419418858,3373.24802200105
4325.4196365196,5539.16251934785
4212.15188076865,4686.23176204476
1967.73285772225,3841.03037589184
4107.80454548786,4837.06338470058
4382.59228102496,4122.06335917193
3851.36390461354,6120.04004750101
4350.88085838328,5173.50732019465
3165.25884024751,3833.92640765928
3868.78585719382,2829.4250881476
4075.08589265044,5526.48912459201
3957.56319846226,5352.52731965517
3357.75533468277,3449.34589885034
4430.13433693333,5405.21043263889
3784.07225207451,3711.96522732953
3839.13344484055,4176.16684294691
2592.07668464863,1730.1855865707
4588.56762238557,5879.92592124046
2297.73810703201,733.129479479895
3535.1431005534,2673.42194576057
4751.75355989083,2377.38542385884
4359.21502860072,4601.0978913168
4207.4851959041,5270.97376434538
3901.20392589097,4456.74525683117
4239.27069696812,5353.60686911337
4153.0126037241,3634.38989422997
4555.21960911472,7071.6305464758
2889.24885120787,5345.87792081844
4677.41423593198,5585.70788834969
8895.67877529876,1884.59752464468
4262.03664159829,4665.82941899399
4222.89728356018,3920.13982784543
4129.65535215137,4641.44843087775
5269.77992647642,1902.27202846519
3842.21804229755,5190.67059201556
4049.4918577754,5332.46579793747
4189.89333112574,4534.4343379935
4693.66745512187,5013.58261820114
4311.24553945827,6575.14858378071
5947.58365805316,1505.81383277075
4343.78731347413,4571.65913153212
4378.37370655525,1141.86337456573
4521.59289048636,5867.87750654699
7659.93578378999,852.817125690693
4298.62667503103,2579.25186972633
3398.11712504618,4675.03582353919
4272.27559062983,5377.13538104171
4336.03584264323,4668.3297620987
3664.67640823955,5688.2325270241
3572.52562436468,3774.87805456814
2994.68920840546,2586.07167922959
3966.54412240203,3845.6902407682
8085.18036299706,6871.75321171342
4106.05596274243,8347.27616777337
3582.98797211998,1521.38579456481
3721.97008492394,6186.58985276153
4411.24665484397,5485.57026757246
3808.65229680605,2790.55221626456
7498.52395689219,248.070554989118
4143.01728072464,5008.86566786577
4508.872875535,3755.95316776765
4439.47530696329,1244.67196054182
4327.55490802788,3731.11761025557
4217.13554846655,4607.63354209076
3623.85298904483,6591.00438716263
4726.80591731454,6070.19852181031
4232.2729826375,2242.46690147158
3734.71205192084,5109.40119543507
3652.12617373331,5953.97760152562
3585.90418172154,3982.42767502168
2211.60041926432,2175.80334814828
4262.81001923471,6786.16477158964
3822.71342764099,4346.20751113253
4175.83562000572,4150.30839858039
3656.83241999497,4321.94027107905
2730.76526813848,1847.77042647052
4257.7500168302,6187.84023574151
4403.29514580971,2794.75772317271
2359.12594573258,4428.727290693
3269.4405508012,1867.03634603169
3907.93665216396,6015.86754190979
3986.02781046842,5367.70148037097
4395.80373570683,7666.43185236477
3645.43464466264,767.285348170664
3007.46553150123,1165.73270782714
3653.59168460341,5966.36683755216
4234.63750861479,4502.04024285303
4015.11467802477,6302.92452110899
3739.14844002983,4806.20383126939
4073.60737595577,5759.66969328653
4017.05173226161,6140.72654928107
4597.07315206733,6064.91325401634
7117.97177712404,2180.86133124434
4615.69264973327,5057.51347318025
3863.6794508272,6500.5852486407
3554.39749851928,1235.86303993345
8020.30954243481,1024.56269339522
3674.7091851685,4799.49734697365
4640.92721829788,6908.06886646037
3454.28019376924,2701.72428205567
3931.49397868741,5589.85652122645
2519.54194442997,6257.51578702436
2083.58520308553,4064.66329585285
3414.27995656416,4436.11541765487
4038.62816902325,5159.46979439606
3954.1916528526,6073.60842656194
4373.93020614507,6359.69960436572
3805.14764434696,5241.59166716446
4339.40295403364,7146.70553647065
3156.44837226847,2807.0334225641
3160.55944426029,5449.9937638059
3936.592154617,2635.51529812821
8338.03853141884,5602.92782277436
4695.28173487458,3335.05721563938
5032.89447150769,5567.12382288226
9356.34659290815,6049.0003651754
4138.1380945619,5525.52290034133
3990.63870687546,5787.85849294648
3746.20935437376,4741.64271425873
4331.40283542884,5493.29963872264
3262.35758720876,5018.81122339136
3863.82213612805,4201.8548766469
3878.30068518288,4369.6222749981
3599.23086363547,5597.24464818831
8724.95374631845,2216.21076174061
3756.72081728939,2174.72358726245
4439.79193682148,3663.31742201506
3742.49289555671,6607.88350025425
3365.36411620079,8226.11037817252
3559.50817561335,1759.96537911607
4521.7195220188,5293.99062141887
3870.68421147266,3056.2975021937
4104.72380118587,5038.98649317183
1445.76731703952,8643.59705983203
4362.47721681456,5218.17690329889
4369.8498614471,6986.21251701854
2508.47256913233,3993.28236933893
3332.72534795852,3725.32068760675
3905.29823126026,5420.72541468775
4377.04490874562,4277.72525737065
4469.95149803659,5683.34474316695
4261.8212169424,5409.01782132734
3919.56138805072,6521.49924654631
3829.79875834849,1641.86909578903
3840.86133274592,792.689170284444
4001.50679584953,6086.85013877638
3764.45172269198,4016.81088126727
3774.96451448899,6023.48274214194
3802.6607731061,3739.6990347384
1297.19994921166,764.784793638328
9280.85249056025,4152.92291260313
4023.36222946539,3557.38287858902
4303.38561999966,5569.22668205014
3816.51241198487,4841.09826951458
3698.61303868322,4963.51401924016
3526.12044568149,2060.60531471803
3821.53085329026,3933.77944685195
3860.77197660245,5228.80452434585
4117.21121916795,3740.66525898908
3843.49166555575,5530.97900165709
4687.1339849463,5293.08105977195
3428.19077748063,6230.57779319965
4404.16258181507,8536.24172275948
3685.16308204822,3698.49601898955
3169.09447927951,277.679910439502
3162.85601910845,642.596540038288
3104.4098116832,4164.45967244176
4144.49064853084,6640.27759539472
4645.03032878986,535.127719187494
4243.44877672158,3081.24659634093
3540.58484497361,3120.40362695328
4164.31653613217,6426.87438968861
4022.32711371245,1529.91055644388
3809.14898323881,2475.13602673887
3912.1406179064,4034.37163702501
3159.11105390124,4116.77766852271
7870.19250379921,4378.48785821024
4054.15207322553,3317.72353315193
8579.27175019134,3068.28904285579
4175.1724637973,6160.67474579125
2112.36965216549,1708.81680784163
4119.90287589359,190.670504884256
3647.42375230531,5697.09811023623
4263.51975257494,6619.47734555189
5058.87541010714,4746.53049811588
4085.99846721633,6314.23420767733
4025.92772313268,3189.56794623654
3407.46398465989,5955.96671263074
3871.54995895553,8502.37017136873
2346.02214654686,2026.79042593104
4356.09852296198,5837.18836378233
4637.35390561797,4380.81821350367
4054.81514248812,6583.16169080494
9088.677604657,1989.50875836104
8353.83095125507,2827.43597704249
4332.89836730216,2536.23015353889
3784.14906354471,2428.59086916466
2566.07849849951,1627.66115932391
4027.13816245993,5802.74849493297
4795.61324436627,7269.12128619623
8608.81691760366,1260.35756468484
4627.91249252111,4540.11751257955
4277.45136945548,5019.54995151649
4557.94112703892,4593.53935368841
4190.20968162351,3767.66033827281
4727.95441230149,6639.02721241474
4713.52906042785,6237.68176143221
3985.75641648251,4248.05900146043
3498.09147590767,3636.26525727232
8930.76539583478,2209.61823693527
8087.18659222132,2596.24451945309
3673.76884973643,2901.99931218249
3759.74180059928,2259.2891405318
2830.13493886562,5479.83043038265
8738.59813298957,550.131257809137
2120.06480085544,1029.84806690301
4154.87364679017,4276.30446372414
3861.37118235649,4158.89024591848
4249.45039631053,2395.28742380489
4303.98879508833,4601.15497677581
4035.28327399682,398.447343964577
4601.6574833955,4134.3388471357
4108.87355934263,7081.74651266791
3493.56329377589,6550.19927820586
3955.40586189071,2915.41164649109
3874.44405069251,4959.36538636339
4202.54368427703,5881.40337749073
3839.22694727052,3310.73310155452
3737.8219283367,5921.3560102596
8120.80860987826,161.288486988695
3944.90104979785,6614.64664715375
3534.99174289774,2354.19815611881
4477.96224040245,4356.43722538742
4198.01866817453,5485.62735303147
4159.35683103879,3532.94522786901
8683.88840157482,3344.2638316122
3673.59421782771,6931.71070359623
3980.34932723307,6112.02651762153
4517.16349353266,5270.46210949053
4485.67462202547,4837.74545022196
4586.67044467105,5386.62636717146
3906.4195266752,2158.46966566083
3873.45989601448,4356.43722538742
8246.06865338328,1253.42411283262
4290.53253838691,6287.01163226806
4429.75726773093,3581.59345603873
4657.53545694668,4673.72877795545
4219.21351145417,6742.68848600637
3503.34297424716,6256.6066482327
4258.18453020631,1564.57792141877
3917.19694052683,3624.16017997508
4231.89427349032,6350.77693569457
1566.07274928019,2443.19671242185
4399.80218510462,5543.14074155808
4369.35383418387,6242.2849637048
3728.65461337818,5126.1094750049
3799.07574975834,3982.0297682296
4496.08880685499,3889.84859187285
4278.55601324524,4858.03404520995
3339.27174812943,1499.96024751817
3263.86224568311,6969.95880684454
3718.54157248826,4363.71160428651
1994.34700291318,1939.09912663936
3613.04097438811,5169.1878537961
4195.29383604664,2812.77347118153
2512.90047033761,2115.39107544201
3527.53651176617,3448.72070736035
8491.87677096619,1226.82683462716
3523.35916760453,2051.91014217242
4166.57315411822,5245.17198258262
4025.76763586363,4646.44953994242
3616.67810084127,1083.61083505874
4729.04174699212,5223.97382594771
4465.98429623368,4819.5592915466
6964.30473348144,3695.19986230069
4169.03695557113,2925.75489738112
8285.46881669602,2811.63683626432
3282.99042847885,1442.90111124595
4304.99130963558,5891.12185974603
4262.62643492581,4166.3350354841
4372.82456510272,5612.13465017481
4393.09612346999,5443.79893436501
3811.39250266339,6118.73300191727
4436.6979354948,5259.37991904774
4161.07514316253,5542.45909889196
4509.97776040895,4522.67008202933
2437.80062240615,3674.68377118715
3272.7185755192,5933.68858368238
6449.60688694518,4581.66134966147
3975.71365547923,5248.12731793841
4225.56664444047,6508.65544112394
3809.07712632359,6736.09617262865
7751.67213420647,2502.30172811676
4343.4374436996,5835.59715946928
4673.91723331523,5941.64502810285
3383.81430617507,3677.01370362533
4449.76402229228,5392.47995242404
3849.71158576525,4853.14668420805
3767.83244684843,5450.95998805658
4049.02836270195,5923.34512136472
3891.89688632304,4905.48855300345
4346.23846920942,4363.93910041205
2698.57667599585,4843.9398568076
4410.73558284872,6890.45102524362
3995.26952415492,3017.19734561274
4208.05334688926,7578.5126340923
4369.57974110081,3624.04643191231
3969.95762260805,1374.41885748407
3768.15928207721,2236.10187279178
3834.88462662199,5738.92610604745
3823.51489103621,7019.856995139
4582.88738852718,6940.69045772639
3885.70348263462,3497.4253867062
7411.93262057664,3996.9197702161
3398.49575171625,952.897819579623
3878.20606544181,5635.83357276968
3444.42257293754,3999.24970265428
4456.39408650433,5032.3370943351
3820.2036079141,1472.62413547375
1442.66395452726,2138.57855460966
6690.83301200031,2065.37913908478
3667.25595598453,4978.34693576764
3881.25028961367,4134.73675392777
4646.01319252694,4753.63446634844
4849.85814002504,4751.98617657639
4821.27169211802,5337.63731766867
4387.41583717848,6878.11845182085
4594.72502790498,5297.96884362911
3777.04591988624,4295.28643598364
4370.67490017062,6240.01169387039
4284.28971440641,4196.6833569157
3877.9544924143,4357.85801903393
7955.23307351839,3549.54018223132
3179.8376500385,1156.2418274112
4239.47689170487,2433.59197822933
2949.45411102332,5146.22808218161
3788.65780178898,5570.19290630082
4266.37139343783,4842.23490443178
3102.76004975672,3344.43445370636
2499.52162082394,6105.66170036935
3729.00109904442,2607.5539945938
3676.45964677105,4230.38449763992
4616.00582091382,6631.46867478635
3414.19934651172,2736.50518366571
3739.32747853776,4990.56576112765
2855.6143496293,4619.28404999216
4379.94827978702,4535.79846903626
4342.1896038705,6562.30435550309
3534.76973236029,7032.58705249859
4102.9415688921,6311.84718978014
3635.40240682527,4207.08348183712
3946.50796732454,5446.12928965844
3633.81813389742,5559.11071585803
3860.97947012514,5402.70966667893
4114.09133238296,5188.96563963975
3989.78897303958,2342.14974142534
3055.94271568307,6261.43734663084
3851.85427009215,6059.45715270058
4355.37453902266,6036.09947429402
1830.11619451182,2332.48834462906
3526.4752040995,2707.40745664172
4206.80503820583,2629.9456601773
4139.39909265473,5657.31588813389
4971.63057664235,5449.76626768036
4448.53530264152,6109.29867839127
3856.54252102123,4203.73023968925
4858.06489575677,2351.47010546093
4283.59049570589,5740.97230261158
3775.42468220076,4687.99379987958
4615.8923480784,6837.37000546783
2297.58341629969,1077.35934301408
4098.15990203559,597.813103157464
3737.19316340069,1793.66673126791
8253.77302640119,189.761194307643
7073.90278467374,1807.64717160749
3991.64922279329,5378.66992275099
1815.87010699395,1143.51155862397
4285.18232482305,4669.06849022384
4913.61737557207,5906.97766312795
3555.98941687137,7352.32228556757
1669.51651427397,201.866350890235
4083.40124261195,3915.65037363561
3921.08164878513,5043.1351260486
4787.96628131182,7039.57769552363
4098.57789711812,5662.26033459481
4416.50605223273,5830.65271300837
3482.85606229249,2190.69313870715
3943.26245679053,3791.92757832628
3847.01782297875,6667.72724407429
3824.25490182913,5339.05811131519
5148.81101314752,3986.69005596121
3803.02076279969,4314.3250708469
3929.27907695158,4969.4242670965
3838.87540976922,5262.50566507006
4581.13821375251,5324.05436126592
3487.99651069349,4916.96865023832
3828.74583822511,3800.50900280912
4771.08451236238,3882.00589551515
3467.04984806435,1678.98014126488
4456.20780388869,5643.79001719015
5277.30222270899,5659.58915796831
3807.86714057124,2373.35032761722
4432.82574261325,5769.16067941628
4549.73290351849,6323.78185641084
4173.65947117653,4595.01680993868
3658.01568995044,4779.89039465178
3332.94504255222,1164.53919887854
3479.31838088409,1499.44869837713
4278.68933889702,5771.4339492507
3344.14719114931,3509.75796012898
3843.97642632057,3884.10875468304
3988.10086873085,6290.30778895691
4665.27373905105,3925.59592916119
4924.95628688677,6534.11597869839
3499.4781270128,7008.83146729996
3144.31724117687,4191.28434105895
4403.68446839874,5034.26954283646
4174.75732191939,5791.21131223909
3439.06440063037,5150.88836991322
4625.93204492684,7084.41768929441
4042.20017085713,2538.10572800886
4195.59666791581,6271.09874342712
4241.36694535482,5968.07178992797
2777.72763964093,5765.29620526882
4022.16975718756,4048.06834149053
1725.23258084697,1281.10115192392
8814.52262005671,4831.26646205176
4237.85385813597,4915.77535271735
3698.21614906293,6811.11407716449
4308.13887939431,6472.28312377323
3555.3083996513,3001.0002980425
4002.25752959075,4793.245854929
4817.41624862936,5250.17309164729
4268.24126364249,4990.16785433557
3604.12312340498,1141.97701691469
4796.84324390248,5758.4197331618
3022.0448493882,6268.42756680063
4391.5905141147,6044.56757356933
4266.52257842282,4021.47116899888
4254.66325051209,7131.07680635901
3435.40291918815,4201.91196210591
4336.90809243945,5435.78582734078
3874.93283990262,5359.06297042913
3852.52723465685,3361.25669276659
4919.32940056018,5192.54595505791
4575.06711683769,5641.0621779599
1727.85832820862,749.212884701174
3333.55115654573,3747.59881655511
4128.78787200582,6477.68213962998
8493.59325189281,2855.79518736897
3531.29785392869,4600.98414325403
1589.19184540541,1329.86281101498
3833.69278063081,6247.57023149878
4884.23343699081,6842.71235872082
4199.2939689521,4553.13215152371
1423.90899215051,1362.4274225358
4340.6162510951,6465.0654074779
4102.92723597934,6597.25587920729
3664.97451710499,3951.3972880687
4744.68597593145,6687.73210318823
4136.8610828997,5398.04937894732
4107.82530360887,5700.4513523841
4626.67501361088,4704.36125811635
4048.70994030569,5922.9476374279
5213.47458185297,6571.62493096631
4687.79412538854,4309.15312826045
2340.09571897358,1461.93974610921
4071.39050812655,8035.78153785416
4111.93086653053,5551.6088408334
4191.85942819536,4062.44668862219
1245.65591626474,4973.06166797367
4310.59280255983,3406.0400239336
3827.85785060334,5945.11201831349
4122.6780383476,6210.0046166271
4178.93911180525,1676.70687143046
4299.17017016657,3771.86605660858
4614.66719824768,4822.17338271408
4600.36436937329,7304.52695644101
3425.4025142721,981.995652317428
4099.43508488754,705.11146048482
4537.41128592687,7040.88474110737
3682.45578205525,3463.72424598199
4638.94284996245,5656.52007454975
3529.05447259446,2904.6136147776
3781.276246449,7696.60934027459
3698.56458577753,3187.35155043351
3457.74202826267,4575.06903628375
4300.95765314257,5833.32388963486
4435.94500284855,5360.19960534634
3168.77172140132,2664.15845575637
2818.6499892492,5616.73785244741
5121.5560804179,4668.27309949494
4883.43421677165,1624.1943805409
3684.8969061114,4039.25942088216
3980.57581584342,4095.35243861751
4719.25801459903,5066.54988991416
3959.05352562259,5862.8193120233
3504.55910088574,6363.90489984624
5180.19969950215,5983.58677197683
4308.40462960006,4761.98839470573
4450.54942078836,4542.22037174744
4292.29700710979,4377.35122329303
3943.41190225037,5062.00335024533
4154.22238636288,5108.43497118439
3651.40974760322,1458.98451646723
3923.65370867471,4275.11116620317
4035.43396237045,4257.83414631948
4151.24953752189,4919.98064819788
8069.2327982792,4668.0456033694
4022.12717189629,6875.9589300492
5048.82127238757,4554.60960777398
4154.09555708022,5923.45886942749
3608.88971330038,4719.64874403967
4222.15575656729,2596.13077139032
3666.91858368123,3461.56472421034
3634.35566187879,8944.23699543399
3750.99927539399,5696.47313017387
3682.08316103102,1549.23335003644
3384.05101324567,1527.46677022912
3896.29088127362,4591.94814937536
2532.72293066336,2958.66064737644
4983.4095044191,6856.9769577897
4514.99461168618,6247.34315822849
4206.91087443727,4775.51468850473
4177.9772105965,6315.59791586483
3615.82053733857,2600.67731105916
3148.32236177059,2648.30244094682
3985.56385694643,5548.42643220731
3547.03808103602,5440.38902961338
4318.82290362655,3975.66452812218
4032.5909310002,5788.48347300884
4302.4371670781,3605.17863057083
4224.63603183566,5329.90836937375
3918.99965322638,4412.75773924831
4502.66081432033,5344.11630583887
3723.34345343176,4939.53093791598
3555.26331216182,5612.47547150787
4931.62610964796,7321.91730153222
3916.68086711606,7518.32849179445
4218.43293930676,5123.72245710771
4090.65450226893,4417.70176285397
4040.94156408099,5131.73598698719
4782.93626916707,4717.26214899773
4316.05740807848,6851.52127932919
2435.32373001341,153.673035686236
4243.17230251887,5659.07750311347
3534.78429889485,2856.19288273342
3411.13957439588,5826.7311534019
3114.88252130196,1217.67688125809
2441.8989627358,2697.29127902198
4347.71025411347,1933.87052144915
3500.91151795926,5736.1982668172
4367.83152885477,1706.6004120386
4112.09527064039,4431.17097119395
4759.36867797908,7408.86987269876
3805.77496429331,3831.99395915792
3801.83945163799,6471.14648885602
3773.73761333345,4725.2185934182
4195.23645239664,2827.54972510526
3317.73721670449,4030.28008960725
4674.09272143087,5306.43652004917
3877.36276615705,5475.34055331758
8213.39766127409,2156.36680649294
4478.27480798496,5553.20004514644
4588.34429195739,7139.82906436363
4221.5823665332,6926.99375326086
4396.02617336838,1047.18174939045
3538.4631798395,6442.33270913371
3977.60808959284,2299.01448860276
3799.35893638813,4656.50884353077
3448.88287425824,4292.1036045023
4397.12746646666,5030.405068689
3374.87863612957,1165.61906547818
4340.30621187116,5726.42312195814
4093.66431226402,4691.28995656844
4257.38445778802,7611.5892176094
3901.17219437044,3648.19992390302
4572.24223962419,5360.48376407564
4212.45182436186,6749.16747417656
2431.55426516277,580.138440766235
3510.64880996203,5604.86027127572
4358.82599189762,5534.84347580455
4357.45536770973,6042.80553573451
4025.13152462369,4444.12852467909
4193.27107593801,2530.66072701561
3815.89093027874,155.036994944042
4359.02170893437,6323.270201556
4390.4949078883,5620.94357078319
2839.0862318218,2045.31761736708
5153.12447267164,3508.16675581594
3737.57522846951,4979.76772941416
4240.16295235502,5385.09182546218
8183.2582181551,317.51895371632
2957.88942110979,5955.7392165052
3211.294497959,2887.05264759223
4180.92722462373,5960.00159744473
4528.94207866246,5823.66249283858
3877.53973984334,4323.07690599626
3538.22032106059,6209.94795402334
3943.78269144259,3559.71323388245
6954.26404159544,614.464825837348
2273.25694134528,916.525502228914
3537.68638777664,6694.55191269149
4610.64438832551,7037.30442568921
4348.57340816246,3496.68665858107
4691.13412900505,5094.3974453858
4548.50317902938,3931.96116926862
4891.07436776525,6082.13318844101
4253.58875745389,6138.11245811359
3531.81973058261,3168.76748496608
3422.29864059753,2501.10821916816
3878.01250060764,7004.62617181944
3783.88718443173,5499.94861470411
4074.05763171541,5220.166014404
4633.3047253968,6721.49032937146
4291.07887910824,5829.34566742463
3975.64548076091,6391.63870725511
3629.1799501329,5789.22220113398
2945.28750243301,4689.07334933778
4750.44632563001,6399.76598519736
3841.43765708443,6689.55080362681
3913.20804112559,4256.81125946504
7929.89303130686,678.343665899007
4164.10890166477,6718.59165661942
4880.86122452948,6992.12318773013
3675.13879075874,4918.44652934385
3642.15199220342,6141.92026965729
4236.43068627031,6363.16617172111
2797.4433124755,433.114708939472
4749.55570911087,5620.09109459528
3888.1935052028,5179.19049478069
4313.05622032335,5415.21265076823
3810.88935792341,590.652313750424
3528.3557820728,5753.92985609672
4107.3969735595,746.37129740815
4917.38691890007,6537.41213538725
3597.95558368049,4780.2316388401
4706.78020357453,3696.79106661373
4229.31632965313,6678.92318257985
8309.14116893265,3736.00497125747
4179.25983158231,4337.22817985763
3890.34067916355,4664.8061092843
3650.65577295923,4095.2953531585
2941.70326453569,2930.75621787342
3835.95020402428,5076.09753864768
3091.87355126463,3488.4460554313
4239.08229861671,6039.85020037871
4526.73407733488,4922.42475155408
4488.55969095693,3507.48469029456
3686.10161406977,2460.35977281515
4547.78082356598,4093.13583138685
3914.33794403365,4663.49906370056
4248.92102666499,5641.45966189672
4153.17381386652,3850.06636977051
4292.47729279166,4067.33404962409
2911.27887352826,3300.95816812309
2827.8877422237,794.621460215082
3807.17487757308,5503.47226751851
3470.00444012311,3222.47348480423
3848.05341929822,7646.36990779182
4617.66679160748,5942.15668295769
4286.6986634435,4475.89763975721
4631.0605254859,3602.90536073641
3908.70096598232,8930.65403903124
4160.61351980609,4863.83096785877
4218.9525565761,6106.17293236895
4525.62540837008,5451.69871618171
3765.4281646747,4653.26934944568
4408.13405548547,6647.4386490863
4054.46527911918,5329.1125557896
3406.6315571908,6557.81490129326
4088.9882629612,5806.10131422559
4318.06268343253,6212.90286652388
4199.76750229197,5097.01153655328
3455.3525231469,3792.38214772212
3420.7041511189,3891.89478843697
3797.20842386721,573.602789992279
3864.84876292811,2063.39002797967
4317.24475076936,5258.81160158913
4025.57294887857,4282.0447237692
2998.76742831313,2871.19642135506
3301.04455196917,1126.40516083444
3598.3929967053,4462.59884208375
5056.42697067051,5155.54823478958
4073.45305129976,5349.00366684077
3618.53727720071,1818.27479265445
4650.81430289997,6637.77725229001
1373.24511488237,1623.05774562369
3602.74267230534,3482.02415272011
4634.58851966352,6595.77842295702
3811.64394598245,6187.27191828291
4491.39744928864,6813.27359893614
3669.7401408128,5797.51988974276
2829.28514725659,1577.19454785704
4322.92973406386,5941.81543876938
4269.52452756345,5384.01185314873
3344.17133270468,1025.64245428104
3475.39799557996,4320.63322549531
5316.17001753574,7054.24020138459
4750.29563990549,4959.6495450927
4153.37254491912,7051.8531834874
4091.23512125514,2821.86655051921
4037.00498624778,6840.38242628264
3671.43681881237,4110.58326193707
3445.15783263041,2769.97925111964
4498.82403122717,6975.81239209712
2403.96879720368,2218.65444224156
3854.14820980839,6036.55404368985
4582.41306364084,6782.41404550495
4575.70952710243,6879.14133867529
4088.61513240558,6132.94093838238
4127.08098682665,5444.36725182361
4056.0915719901,5388.38798215104
3732.54162980472,3001.73902616764
4057.20628000776,2826.81099698012
3258.22911130382,5120.42630041885
4112.76585269744,5999.84090500608
3307.85001596891,6130.89474181826
4618.34409754631,5785.24397892374
4572.73485753527,6587.3103236817
4768.45202764141,5520.35138061013
4372.74419551983,3498.50535901966
3943.31990762984,4285.96586052042
4789.2529985532,6310.48305873739
3532.42681849974,6413.63267747416
5013.14744155673,5846.45185378654
3636.58183546216,3147.79661302908
5109.88570542811,2234.05588765527
4333.26775614536,1791.50699806864
4367.3903388003,5932.38153809864
2994.56469521838,1353.27746916673
3898.97836464996,591.959412191071
3912.06702934716,3680.93526323181
3600.73174562543,1190.2840008961
1271.98401772112,2831.75523201341
4125.00233589363,6775.93505733475
3695.22315328258,4691.28995656844
3347.57888814958,1075.48387425792
4240.09582336125,4782.90281546659
3705.37888134517,4261.92611659248
3825.79582507478,5033.70122537786
4118.51886868652,5469.20280933569
7961.89328520849,4417.92925897951
2258.83312394381,2996.96520180088
3646.12481711412,2591.75485381563
4259.0289420578,3879.8463737435
3708.27475371815,4564.38475263303
3557.81432064646,1588.67453937809
3707.80030044743,6561.45187931518
4242.13289816204,6455.11985195232
4760.65192962496,5612.07798757105
3837.70616422256,6688.1300099803
3804.20993211454,5718.86458432975
4376.39749985797,5709.48734626277
3781.93973411286,4390.76376902925
4876.05961389885,7264.17641688006
4917.86237512971,5310.86973451049
4335.46862466598,6601.12077621
4079.44616399072,4461.57595522931
3929.30225747484,4595.13055800145
3685.83394808148,5457.89312276736
3089.48663482509,4470.83944523352
3166.86354984354,3718.2738048332
4357.61531744172,5656.34966388322
8459.69010014528,2415.23540888745
4276.12473809061,6637.66350422724
4420.42531316431,5545.1298526632
4590.38188413142,8319.03028265441
3871.43957013596,5571.38620382179
3043.33358473178,3475.37475388339
3901.23807016677,5556.95119408638
4071.02929833062,5454.76737674503
4369.18720149458,1403.00524679466
3799.62678843044,3921.04938949235
4704.34339034099,6931.48363032594
3665.75770779449,2454.10828077049
4878.44703533613,5922.03807578098
4672.92826512637,5041.99849113138
4776.06140200538,6802.13432303433
3986.17513149468,4800.12274989127
3901.89855187532,473.408400897483
3079.95342150615,2673.08112442751
8558.25913074892,2871.82161284505
3326.9449089734,1745.81431668233
613.196089411832,2404.38050314257
4270.73506525128,5938.17846074746
7946.87570418621,1376.40796858919
3536.40628546383,5411.97315668314
4630.90386087333,5662.03283846927
5156.30989308587,6201.65026541456
4613.09831480517,4932.42696968342
4313.46654763646,4024.93773635427
3728.0785278864,3799.77027468398
4060.57897681724,5713.57931653577
4037.95654945681,6040.81642462939
4341.75508169042,4248.68440437804
3920.94214959727,3212.52792927865
3681.02181302197,6127.54192252564
2230.65709477733,2011.16169581941
3992.32917318195,5808.60208018555
4043.25286856311,4671.2850974545
4373.53404698578,4619.45446065869
2902.353572505,3506.06389664805
3427.92521045872,3053.85382169275
4277.40706452065,3232.98735778842
4478.29286657156,1931.93828437542
2022.54250993537,2549.52873978472
2814.73686423959,3084.82712318672
4592.28917214809,4144.11399199475
4931.68009658846,5104.57049703693
4510.08201397102,5287.22747451937
3755.90854141879,5368.83811528818
3856.64704155358,6112.36776180984
4006.61886308627,4395.82154069768
4202.58169743953,2213.93749190619
3347.74467359123,4952.03392200529
8322.05553996655,2027.92706084825
4462.22185289352,3317.04146763055
3093.53316533524,1954.27307592754
3914.01723509365,5514.32738469102
4590.23368442014,1839.24566459144
9296.51200190461,3813.52364175327
4289.49278452312,5701.13299505023
3549.26088610504,5892.99722278837
4336.66044888827,5129.17855842347
4188.3251856893,5833.66471096793
4283.67283278159,5738.92610604745
4229.27916004948,4855.36329143871
3220.60789349191,5607.4743624432
4182.72764143735,4535.40056224418
2349.71907241627,4648.15449231823
4442.12334522651,5164.64131412726
3761.69289894959,1635.67437206195
3934.26638307565,5505.74553735293
7156.63805648035,1108.67367726873
4143.89238975631,6127.48483706663
3606.4197933508,3230.65721392262
4534.73959216878,5938.23512335122
4165.78622055858,2724.51385443125
3522.6091528434,3409.96137211245
3535.30429899331,4520.16973892462
8667.83516754182,3319.99680298635
3169.88732146463,4580.80887347356
3141.98122390373,470.566813604459
4199.32795497739,5294.04728402263
3679.2774186836,3896.3842426468
4421.30884041042,3411.49591382173
2913.67714419594,1226.88370865854
8439.85961582088,1504.44991315562
3573.92017568931,3298.45761359075
3750.719656269,6377.99908824859
3406.00797011616,4681.68522237592
4272.57479607779,4515.96402058885
3937.75839229626,4109.38954156084
3395.30479711573,6832.0280750701
3618.10255266227,4613.43046473958
4570.28976362472,5481.81954148777
3990.41550483051,4053.80817868034
3848.9242616303,6749.56495811338
2242.88345677324,1965.29860376657
3559.12495985815,5063.4808064956
8063.58688258288,4516.41858998468
3402.94337891817,2343.57053507185
4099.5729482107,5259.60741517328
3758.08846530449,2310.09667904555
3489.77068700681,5610.37303519524
3718.94863784383,6237.79550949498
1751.03312414756,2368.23547048978
3844.17744554728,4381.32944550326
4100.42118027051,5599.97248741857
4002.17671563211,5002.15960642529
4150.11033339611,4236.06767222596
4067.83489113235,3020.4935023016
3377.93265071424,5775.98048891954
4193.93674909843,3930.65370082962
4344.92549434305,2654.724343658
4065.21489099897,6639.36845660306
3309.88448238611,3992.03198635895
3731.90401218526,3855.91995502309
2953.84971474284,353.948092241509
4274.75264624249,6851.80543805849
3651.63846033157,944.145773002634
4357.92255938255,5756.31687399391
3526.55588763481,6643.28959335428
3206.5466819833,1612.99854774914
4204.61748450312,3836.88132015983
3808.35525995195,2852.1577864918
3801.61003582218,6219.66601342338
3649.22072927444,3495.89105642455
3112.69354464338,1982.74582288916
3929.33565678317,6369.0768424327
4830.60161068187,6144.25020209547
3173.75510630034,6289.68280889455
7773.43477408058,3195.59215358328
5207.21558437095,1738.82399079873
4311.48947738774,5187.94232993006
4346.87680336418,5596.27842393764
3595.18507645088,5062.74207837046
4015.47536159614,5576.33065028271
4552.44110654431,3515.66841941295
4354.88887606859,6731.83379168912
3675.85881118278,3615.91957682531
3866.26002270973,6463.92877256069
8005.32726253207,1728.76479292419
3613.01505604848,5393.73033540402
4262.54315185146,5354.40268269752
3448.88176788433,6986.09876895577
4155.7467300227,7141.70400455072
3507.51279722311,5163.90258600212
2876.9073294499,3948.38529010914
3465.47627032989,6605.15566102399
4449.65721736531,4889.29150543322
3898.16155570341,3966.11687938867
4210.66673107219,758.646943942633
4179.49575659053,4820.80925167133
3818.52898571381,5433.39880944359
4374.34771822924,7131.41762769208
4526.14165964255,2798.39512404988
4195.85116265625,4978.06277703834
4760.15973057825,4117.74389277339
4496.57863678764,3210.25465944423
4131.54443364605,5705.22496532323
3539.8929654746,6211.36874766985
3619.61131051902,5168.27871500443
3816.76035128531,3770.04735617
3659.1527125647,1820.7184731554
5207.24082618744,5387.99007535896
2374.64340367989,1320.485572948
4724.29384172184,4432.87592356977
4420.79800748981,5544.67528326737
4010.33571363213,4087.28224613427
4609.25800533713,5659.58915796831
4404.19133193874,4266.92722565716
4505.69532567452,5160.03811185466
4264.4031792944,3690.36916390255
3507.38240186121,3784.36904069789
3888.26215839187,6021.20947230752
4053.86838924044,5612.47547150787
4686.1410289993,4055.22897232685
3755.94131895824,8142.85187048691
2188.85308295753,4883.60833084717
4700.50902158385,6935.51851513994
4454.38516637487,3414.90581857336
3345.96381539516,5349.40157363284
8117.72533538659,703.520150457964
4150.61897362706,378.442590564449
4727.18954910011,6022.91442468334
4433.87094103736,6119.4717300424
3473.75454519328,1919.66258498403
3086.52248961818,3083.06529677952
4486.8280159914,5656.29300127946
2244.38430166088,3479.86441952084
3608.84381134596,2264.23358699272
2249.27242503004,1529.17172260493
3664.89444831193,4183.27081117947
4231.8941343045,5226.30375838588
3390.95643993743,6771.55892833244
4045.65499563362,2157.50344141015
7440.95964224996,4672.76255370477
4097.05019193896,6295.9343009392
3243.38415566642,1171.75691517387
4290.88678475236,6443.07143725884
4063.58542705091,5101.72890974391
4158.8021511336,4074.49510331566
1563.14913373231,2666.03381879871
3886.86795503908,5609.57722161109
3390.85584072092,517.112024035577
4045.29561794359,2792.37091670314
4063.41536095547,4932.59738034995
4142.26355798509,3153.08188082306
4222.19547539185,5633.61696553902
3780.9793848004,1380.04526375255
3163.65758043724,856.795347900926
4175.69292131929,785.301043322582
3928.14523977496,2315.66631699645
7936.78724734424,1875.90214067145
2939.45798617738,1498.31206345992
4100.24026402228,3948.95360756775
4040.46757738231,3651.95107284296
3609.38869108124,5784.16442946555
4344.10719764868,3523.11342040619
4100.79617406873,889.58729697657
7383.98882580428,1483.8199682655
4031.3923761607,6405.73331851271
2221.65748620113,2980.48399550134
4579.98221540495,6256.6066482327
3537.64022288354,4851.15757310293
3399.17944486018,4358.59674715907
4492.19418756598,3939.12180010494
4551.22619885123,7160.11765935162
3929.38010484068,5078.42789394111
2981.93535785837,1610.32747683646
4451.74454154386,6191.3068030969
3182.05224121397,5743.245572446
4072.69604231334,3553.97297383739
4376.93112136584,4737.20992265266
3715.9673477195,4523.52255821724
4014.86105591609,4682.53769856382
5297.88172964155,4788.3584939271
4100.19486335593,6660.33911711242
4138.49528820562,4657.02049838562
3682.74648974418,4183.27081117947
4311.54995496761,5022.73278299783
4926.47929745308,5003.92122140486
3799.24759731405,5928.74413722147
3103.24981172307,5740.46064775673
2014.28157386797,5693.63154288084
8213.3049705402,1502.11976928981
4115.49619369637,5394.980718384
3049.77176939213,34.4400348530744
3782.7648094374,103.604264940304
4000.87748761093,5823.88956610887
3860.84926876645,5087.12306648671
4148.58634504149,5956.25087136004
4156.36072283395,4891.05354326804
7471.40198787709,1337.59186502371
3878.16352267444,5934.42731180751
4123.92939225383,4399.51560417862
3885.11047119462,433.569357620665
4407.22820984583,7051.05736990325
4456.6481791612,6274.28115205321
4276.22053925797,2094.24979283848
4627.4352372707,3799.03154655884
4781.18720115703,6328.21464801691
2768.65751028465,2117.60768267267
3628.52526129074,6174.31436479777
3546.57891223787,3090.51029777277
3519.33597296241,6791.10921805055
4852.33999263116,5392.59370048681
4253.37994141875,3012.02561445391
3195.20067399486,3156.71928170023
4597.31013648149,7080.09864575111
4503.28096768108,5677.20699918506
3721.73812518913,4984.31426908299
3970.63187374868,5506.37094027055
3837.7830951368,4517.83938363119
4119.0951111137,3430.25038995569
3601.52703780849,2603.51889835218
3664.25287436401,5333.7157580622
3344.50774262844,4566.65802246745
3401.70248745431,1157.83313743805
4375.44376362509,5167.59664948305
4433.18819847701,5070.69852279093
4451.90494860243,6661.87365882171
4066.7224543879,5062.1170983081
4249.14298046336,6231.60068005408
3129.62553761917,2979.63151931344
3554.51405837187,3933.55237358166
3485.61586242361,4706.63452795077
3644.23397814605,4805.57842835177
4141.82930946358,3304.65223160402
4390.87838430534,2254.57219019643
3798.16816032906,5652.42852713199
3764.71903175547,4134.11135101016
4164.6075391374,6229.55490634521
1564.34228789945,622.421270257816
4056.28097189304,5287.51163324868
4628.0492812933,7090.83959200559
3589.51252031836,4798.98611497406
9427.69689683345,2940.1334559404
4211.27944061924,5772.51392156415
4163.87883450983,5083.03109621371
4379.03307548934,6732.68626787702
4286.53974729548,3821.93465556957
4302.90745910455,6172.60941242195
3497.94684313668,5586.21954320453
4163.80158009324,2810.89810813919
4014.54868813574,6227.28163651079
3742.17025810038,6182.6116305513
3895.79542907822,4101.31977193286
2703.33406436811,1451.25535674468
4509.92538491725,5986.76960345817
4112.00363144678,2055.49045759058
2858.00271445828,6117.02804954145
9144.67802756345,3771.24065369097
3935.68104381505,4315.74586449341
4291.53056304152,6537.12797665795
3970.39551904044,5120.88086981469
3834.86323835764,2240.87569715853
2879.3124535757,1167.32401785399
8858.64976601683,8676.50196411685
4021.66747407237,5834.91509394791
3325.84643833266,3253.21950160028
4849.19732027723,5916.07074246563
3424.07178238621,4883.09709884757
4610.15652207682,4537.10551462
4415.45970313305,8489.18469890279
4357.58643732517,5649.07528498413
3054.36992139611,5684.76553681346
4701.74850030467,6419.88416951882
4027.07048803912,5777.11712383675
2483.93974897016,4073.41513100221
3076.48560540359,2594.31228237936
2551.46372964669,4185.3170077436
3556.61908811406,2522.64740856376
4429.52548453252,4410.02947716281
4017.0942651866,3105.62737302955
4665.88236890958,5150.03589372532
3768.71327360998,6959.50159646411
4112.79057856657,2394.77598037767
4245.04531529979,6572.64781782075
6748.37690688355,2067.19783952337
4840.50967521892,2112.60636218037
4000.02604272484,5161.91347489701
4332.83682142787,6760.07883109757
3185.32835858857,4669.29598634938
4023.78074641756,4248.22983498221
4076.65410360923,5463.86045608271
4217.08776062196,5525.29582707104
2406.21368101902,1798.83825099911
4224.27758918986,5405.94916076403
3818.14386276879,2678.87783564871
3886.43164568908,6247.28607276948
4366.8305282776,6239.55712447455
4015.54651279851,5472.10105923248
3318.59318960627,1826.74268050214
4381.31155135161,5082.40611615134
4594.06910961242,3925.25468497288
3206.47572737997,4231.69154322366
3873.61954966179,6156.46902745547
3774.13348095286,4784.15277559132
3876.56436662433,4253.17385858787
4435.27602328942,6018.14081174421
8373.69783331257,1183.46419139284
4262.84537678119,6002.56874423634
4246.32047750864,3879.90303634726
3874.73983290023,4679.92360739634
3679.42364758929,6097.19360109404
4275.47682966117,6851.91918612127
4196.28186225401,4290.7398963148
4388.8604601492,6467.50908797885
4581.9429580659,4487.60481026237
4532.45155304847,7245.47860334986
4464.97835884588,5789.62010792605
4228.86500652288,5407.14245828499
8519.06863299099,25.4037899041028
4869.43517727648,5740.2902370902
4052.14246639912,6051.44404567635
4083.05260400498,6493.31086974161
3582.77434753798,5364.46198628587
4582.18192406175,5195.67170108023
1737.51621401354,293.876931581287
3031.76240600449,5086.55474902811
4508.13945705385,5495.28874982776
3681.49409090418,3925.53884370218
4836.98848972987,6021.55071649584
3684.70275617253,6487.40019903002
4248.68913819805,5848.72512362095
4357.21839875989,3678.77574146016
3947.86843793368,7814.53521293509
4170.01872828209,5453.46033116129
3819.85978625923,6934.32521761897
4199.5816174531,5504.26808110266
4408.03446134043,5398.04937894732
4790.10757215776,4119.7330038785
3825.74438449194,4761.5338253099
4232.60631760184,6860.38686254133
3862.13212498099,5872.19655009028
3546.36453768456,2217.74509202226
568.695576907374,3290.55783177404
4461.37702234057,5817.41100079393
2966.61412213744,779.39053118171
4150.86167709728,6025.75601197636
4440.07852119732,4727.43477779361
3621.36405235449,7332.43117451641
4121.99184486365,4886.16575941089
4341.37699207905,6477.79588769275
4263.2001847119,2101.01272831036
4383.36285571172,5123.94995323325
4590.26986676166,3767.43326500251
4011.6974221177,5607.24728917291
3637.17629313477,3348.58308658312
3816.66062611402,3695.42735842623
3077.10097070609,3262.71027630241
4833.40668773773,5723.29737593582
3369.54869435034,6261.72150536014
4504.2506571443,2608.69062951101
4130.31366634189,1404.99435789977
4409.67191307334,5369.69059147609
3930.95283047589,6116.34598402007
4137.1497073893,5576.21690221993
2583.7532586403,3408.82473719524
4195.95356128448,4678.78697247913
4424.64937377232,4404.97170549437
4345.08263126334,6359.75626696948
3607.85375322322,4977.0398901839
5089.08220828846,6645.10829379286
3972.28186181658,5849.12303041303
3627.03574678847,5340.42224235794
4660.35636682682,4668.15935143217
3063.69408575955,4758.74932347589
4364.17346588774,6518.54391119052
3940.27005745046,4918.90109873968
4354.65272836582,5195.84211174677
4260.96497823527,3491.34451675571
4160.53733134463,6540.87912559789
4467.01891329851,5581.04760061808
4368.23895534642,2190.97729743645
4109.87160961572,6003.477883028
3572.87558017537,2813.17137797361
4005.07719672612,6237.34051724389
4123.31980812084,2253.09452251854
3689.09835911678,4079.72370850587
3496.04469182865,3516.74818029877
3635.49157505714,6857.14779131148
8235.97047999867,2903.24969516247
4223.15326829069,5240.45503224725
2964.14587023728,887.08663673042
3325.29020987456,1689.7214046608
4149.55983785934,5638.6180746037
3991.43418370033,6186.76026342806
4588.24425293903,3540.84500968572
4234.01796870536,6339.52433458525
4408.43483281418,4982.49556864441
3243.77869862738,1021.77787441977
3627.87931820025,1384.30764469208
3428.08873054248,5293.64937723056
4097.57899676243,5628.90001520365
4604.14437897596,5586.27620580829
4447.72273841697,4704.47500617912
4629.70684828741,3497.48226073759
2518.99032044591,1529.45588133423
4050.6610772089,5317.29163722167
3878.577737542,4746.24633938658
4780.44440423932,7010.87766386409
6209.01290184333,1643.63081648242
4444.24623965074,6926.53918386503
1853.64345530132,1902.72680928865
3467.68520308659,4404.74420936883
9145.64788241885,2139.77206355826
3709.44998134333,5914.02496875675
2518.48419742616,222.723606906724
4076.33530408462,1491.83328671735
4328.23419191785,6479.33042940203
3557.14070317451,4283.46551741571
3523.04774651642,5975.91448628567
3730.69522117825,2330.10153815949
4726.98547263955,4654.12182563358
4016.51430831136,4401.0501458879
4199.54899748873,6138.62411296843
4205.09466429515,4054.26274807618
3429.14189071069,4370.30434051948
4387.38596436893,5383.21646241983
3974.96485193361,5389.69502773478
4014.17694305244,6772.97972197895
7026.11079020081,7817.03597889505
4051.60121770268,2127.55323819825
3413.25690755993,5818.6042983149
3154.67416969997,4164.34592437898
3999.57573963274,2514.9751228726
4509.03147451149,5714.14763399438
3906.64143349622,1990.30457194518
3360.66629309011,2498.20975784375
2369.73096356721,3987.88335348218
4786.07049690617,5402.93716280447
3839.5106315352,5560.47442404553
4531.56009376474,5528.53532115614
8801.46708850202,1338.55808927439
3651.97979202174,337.410064767489
4290.31060714336,6156.81027164379
4328.52478451859,6442.21896107094
3906.52458643229,4454.9836418516
3761.44788593414,6895.90670370413
4185.24150793072,5755.97562980559
3897.61355473997,5634.75360045623
3796.13863397569,381.397820206432
7528.80337404349,8147.96672761435
3928.18339321225,2455.92698120908
2346.38481705955,1126.2346444541
5169.92874155284,2380.68179197532
3911.02557683666,7300.71956775256
3713.62991260166,2429.84125214464
4368.45425096986,4201.05948591801
3755.21666106543,5620.88690817943
3073.04811291738,4173.83691050873
5021.74658279475,5510.97414254315
4733.3320584655,7262.64229802603
1423.31190892393,414.019252901731
4004.04748106754,2091.46507957685
4320.75018360802,5041.03226688071
3934.24880926082,6263.3697951322
4625.3330085239,6446.65217553226
3459.11896734204,802.464209429685
4579.26538193787,7729.45842766615
8841.0635951666,1954.15953929239
5624.78231506928,2452.06229563399
4596.13934428929,7160.97013553953
4355.49498607669,4989.31537814767
3597.25249114743,4826.71992238292
4078.09232618456,5127.13236185934
4678.9745849436,6066.73195445492
4195.54868160725,6154.1390950173
3848.21623736085,1295.30908838904
3956.41084912117,6438.86614177832
3437.82000802006,4160.48145023152
4419.95252475571,4353.42522742786
3906.73327352275,3101.4218661214
4003.50273744716,5199.08160583186
4362.82690741219,5399.8680793859
4328.20662429578,4438.38868748929
3735.96845726457,5668.17058245115
2615.61090873647,2827.54972510526
3864.15096980644,5295.86598446122
4179.75230272335,4220.60935278086
5338.66416827008,8072.32384301615
4177.96007980992,3422.29394553522
3652.91950668603,2664.3288664229
4645.68174192312,5096.04573515786
3897.098132009,5277.28191899379
4197.09509881384,4086.20227382082
3793.58376109817,4107.40043045573
4631.28233827777,5010.85477897089
3983.81056844725,3817.04729456767
4164.77728373496,5238.35217307936
4734.74545395955,6756.04394628358
4462.24856057466,2260.02786865694
4438.82547403821,5879.30051832284
4125.64388556202,5601.73452525339
4367.74585000665,2155.28704560712
7256.47667160168,519.726273773778
4363.8285473582,5012.33223522116
3560.53516450365,4912.47919602849
3356.39992883939,913.740788967275
3986.35405408508,2113.28842770175
4049.65037086616,5270.63252015706
3881.81310057879,5970.4021452214
3698.4447863893,4848.77055520574
4518.34552017508,5351.27693667519
4943.15751942061,2314.92737744369
3494.70271845804,6178.40633507077
3567.20261810112,1156.07131103085
4536.01394200958,4877.58433492806
3032.33301832974,2871.4239174806
4163.48553290829,4198.44497189527
4449.85357985127,5174.13230025701
8198.71531212749,1922.1064769126
3615.33518216063,3993.680276131
3397.77933138291,1043.31716952918
8898.16705387065,1632.37810965928
3357.06533984759,894.474763692283
3014.05334979861,5206.64014346026
3561.99657032134,6708.36194236453
5047.35929694829,3729.46932048351
2728.54455780092,1580.26341984798
4413.86587593901,5012.38932068017
3243.18956160374,6458.70016737048
4157.74807206345,4064.37913712354
4805.30288978591,4500.90360793582
4732.25362050033,7973.49326782266
4535.9435828233,4831.77811690661
4680.28215831692,3006.00140710718
3790.59574491468,6294.28601116715
4370.15432811158,5180.38379230166
4788.91583235358,6528.7736254454
2728.39257338343,1030.64366905953
3690.69291402395,4908.27347769272
3983.58008124982,6020.30033351586
4290.30757710573,5807.2379491428
3138.63900147176,415.496867722722
6257.97211113026,2970.87947273645
4333.55549233713,4367.51941583021
3886.59293120839,5984.38258556098
3721.66965589573,4511.18998479447
3461.21073968231,5141.22697311694
4735.48235156371,6839.81410882403
3935.2026600688,5027.1655746039
4600.27211385029,5116.33433014585
4355.75965088307,2878.357263619
4309.78602172695,4662.8740836382
3725.15349235962,2588.23120100123
4773.99076416711,4926.51629897183
3692.88394902075,5630.43455691294
4271.78850747626,4633.03741706145
4125.45924451355,4051.64865690869
3674.8778619042,2273.09917020485
3270.4279858452,3325.62310354101
1498.2305416485,5907.4893179828
3675.09681436233,3095.79556556674
4794.75070395329,4277.78234282966
2783.58266056068,3168.54020026816
4494.99350764781,4374.85088018832
3271.33103825958,1911.81988862633
4966.05071059365,6062.12832932707
4506.36715424177,2142.72718748643
8766.93838612813,3315.56379995266
3867.25566752163,6218.92728529825
2887.04707579958,629.582059664856
4405.3970183665,4544.77780031116
4529.77114277539,4335.75072360735
2916.9630113907,3000.65926528182
2857.73647249067,3605.00779704905
1912.62457951258,1539.79923793808
3671.6205426802,3586.25332091509
4874.1092337928,3371.656817688
3760.66448170546,4867.01379934011
3849.50671321329,1524.68205696748
4300.97629649421,4362.23414803624
4074.66876808464,5035.5765884202
3933.07050009692,1383.22777809244
4525.71695842725,5064.10620941321
3844.75143144259,4446.45887997253
3349.79037235909,5540.29915426506
4734.49303265881,3627.91132891503
4314.47409829597,5612.13465017481
3799.71503401606,2290.83075948437
2440.5092596687,2617.84058288007
3277.97033820635,4686.00468877447
3358.95468491494,4542.73160374703
3224.75564553913,5405.43750590918
4062.47250907458,6062.63998418192
4017.81395535333,1668.23898358277
5012.95163388705,6310.59680680016
4037.13930918406,4267.89344990784
3990.70916580471,4311.02891415804
3997.41228898432,6204.88975949966
4214.8509736499,5123.94995323325
2161.06882225561,2037.24742488384
3944.30214012262,4645.36999048422
2950.62864568418,5357.69883938637
4307.77165237726,4947.20322360715
3633.38867523243,4089.78258923898
4176.64728674481,6115.60725589494
3543.52956890468,4627.46799053817
3599.43660228087,6294.17226310438
3903.80112597219,5911.12629600472
4051.47397517133,5307.40274429984
3979.90424072023,5478.58004740267
4069.16289273585,5708.18030067903
2953.23672033002,145.943915606364
7078.8353627307,1779.62920546932
4442.17932513796,5014.03718759698
9177.24498054805,1236.37458907448
7214.42557860856,5178.90633605139
5045.51971661364,7066.28861607806
4521.49317379713,4579.10392109775
2675.74702699229,1773.77562021674
4285.22197977495,3437.01332542756
4381.62330071337,6209.26588850196
3494.74603906095,3968.39014922309
4282.66093046523,5707.32782449112
3466.72459504718,6006.94487323864
5731.10007841243,8469.57774658093
4466.90011561268,6896.07753722591
4174.58847152565,4233.2827475367
3587.47526535968,6423.80572912529
3886.0119587407,5885.32493709721
4222.49123730798,4082.2811370696
4115.32462325474,5423.68075004355
3741.90638149967,2893.41767627203
3585.35340822363,6595.89217101979
4213.83768812615,6387.54715983735
4040.14725925941,4663.84030788888
4469.67385979656,6535.76426847045
3759.8603697433,4826.09494232056
7503.82816346935,816.956304624108
4001.26610933549,4634.9698655628
3814.15740105876,3779.48125684074
4186.85924045351,5269.21172651055
4263.06835209474,4628.54753999637
2996.31132924453,3063.96978788487
3787.79707820953,5063.70830262114
3553.04473676509,1046.84071662977
4038.09345881485,4483.96783224045
3928.07985148768,6542.12908572262
4371.19354590761,6482.17201669506
2797.56839785045,3591.76608483461
3858.50702630286,4295.45684665017
4262.8377415365,5751.6565862623
3961.21707148292,5303.48160754862
4073.02550330167,6144.81851955408
3526.69758554883,6310.08515194531
4234.85453709233,4874.23109278019
4596.49332816358,6086.73639071361
4738.63161631986,7154.37782216181
3855.6990978809,5982.39347445586
4453.48767259547,3671.04637030998
3846.60045621835,4810.46621220893
4605.06806245992,6562.41810356586
3609.20050748568,4758.2943312248
4980.03676677419,5478.52338479891
3771.06419206759,1215.74464418436
4352.81564060529,8161.89050535017
4344.94116474753,6077.81414489772
3716.68995136533,7172.39314731538
4603.68227220871,3786.01690761469
4496.85077325654,6750.07661296823
3569.71074888468,4044.14678188406
4965.3880501745,4159.62897404361
4518.01548954636,7097.03442144648
4132.00365357359,5818.83179444044
3447.37625385354,5695.50690592319
4066.15781230632,4438.84325688512
3265.3611844245,4607.00856202839
3546.62323971285,1073.21060442351
4681.44430454526,4801.14563674571
2313.80531397033,1885.16584210329
4914.59662907348,3751.69078682811
4257.45525501133,4945.49827123133
4544.16706757042,5197.03540926774
4353.95935473953,4741.81312492526
1438.58043118999,5322.57690501565
4450.10022721793,5530.12652546918
3491.02857230212,5823.83290350511
4299.34299782417,3022.48261340672
4513.69406172324,5828.72026450701
4202.26744362864,6496.32286770117
4160.63638672494,5833.26680417585
3822.46725868798,1847.14523498052
4032.59626424405,7126.13193704285
4071.08241595209,3914.62748678117
1494.44480229726,2072.59685538011
4044.9873564259,7210.24292091637
3874.37886884507,2892.39478941759
4107.26517442782,5714.31804466091
2756.78442991853,1655.73599949346
3703.36018465725,6618.34071063468
3579.75532437855,5079.10953660723
3963.46014674854,1780.36793359446
4194.47428908087,6239.89794580761
4384.55075033478,5749.04249509482
4492.73201705477,5156.40071097749
4151.94468296828,6509.11001051978
4070.82942553606,6148.79674176431
3338.51784349216,3731.45843158863
7761.93554967214,2887.50721698807
1993.32777074825,3233.83983397633
3807.26503183771,3808.97710208443
5065.32133717848,5424.93071016828
4030.55304625041,7138.18077459157
4214.09314952279,5930.90408184836
4648.44662949649,4824.10583121544
3830.76683807701,3206.73121805746
4802.27502507445,5724.71816958233
4217.03737725976,5417.65633126918
4880.25651068015,4081.08741669337
4257.09243502382,6260.81236656847
4005.17075992439,5444.36725182361
4219.36125258979,4832.5735076355
3749.96219007014,4566.60093700844
4535.67502822595,5224.42839534354
3486.14241616123,1747.6329114071
4805.11877858632,7036.73610823061
4385.67872319653,6084.46312087919
4221.38867427912,3047.71586628325
4298.55639735368,4720.84246441589
4878.41041904588,5650.38233056787
4368.3620992642,2815.38777377664
3418.41722034341,3872.06033998957
4732.473627869,7448.14128565675
3644.08639328526,6319.57613807506
4207.50234303179,5337.2394108766
7300.15740874527,562.804758278787
4115.89697233304,5113.095258916
4304.45512023237,4473.85186604833
4336.71281768734,4118.93761314961
4115.07256122393,3054.70629788066
3904.99536561828,6625.44467886724
2440.72055574546,841.337134169637
4648.80546289904,7370.79260297223
4078.51277545377,976.596636460683
4091.41926119569,3361.37022940173
2545.10065028288,2050.94391792174
4154.71109247305,3851.71465954256
2204.53528298812,128.326074389614
3957.41447697734,2480.19400983493
4113.94015673133,5039.83896935974
4194.09718373155,4705.55455563732
3922.53550567968,6839.41620203196
3969.32680728112,5917.03696671631
4334.37449831446,5241.76207783099
3736.95210109322,1238.02266741891
4599.31593252436,5453.00576176546
3384.90941855426,2855.51102863967
3627.05348452212,895.781914989837
3966.41841155918,5556.09871789847
5002.51216702469,5084.62230052675
3032.70662032774,932.722549799152
4229.46083539491,3577.21732703643
4571.91654250844,7244.51280195444
9105.19530322793,1700.34891999394
4563.60834058028,5642.76713033571
1373.7079860676,2999.80678909391
3399.84530177666,1528.26237238564
3668.77394149036,1343.04775491185
4465.28605126383,6503.71099466303
3952.71483930256,5416.63344441475
4143.43818427065,4545.85734976936
4352.04438632075,4321.8836084753
2307.72489085669,2124.82518754037
2808.21974972146,6123.62036291917
4259.35682856193,2919.90131212854
4144.36048224105,5430.15931535849
6122.59450236685,3207.64035684912
4402.79889303026,4535.23015157765
3873.30484977126,3431.6711836022
4274.46155732514,3491.40139078709
4171.8673842143,3808.8066914179
3491.44528749201,2437.17250507512
3431.91564107268,3398.36773824243
4064.94465492981,5934.65480793306
1896.7885174158,1520.41967602794
4640.40597292254,1010.69568397697
4082.16516686596,4746.9279820527
4331.0850159008,7975.65321244956
3817.71212694934,6089.46465279912
2551.00546744477,907.034621812976
3942.62190087354,4671.62591878756
3532.63677776376,3647.91576517372
8132.59978607515,1720.80834850372
4697.28070916878,4557.90576446283
3254.26594263111,2093.17003195266
4439.25623220909,3756.97605462209
4226.80384702748,5105.30922516207
8315.09727658455,871.060105540527
3606.83254861213,4411.56401887209
4124.75967181872,3508.73507327454
4682.19801361173,2976.61930992626
4214.10217945711,2999.29534566669
4911.10002561842,5862.535153294
3348.19459311296,2285.03383683555
3961.47745820515,4943.33874945969
4380.2938280555,3486.57069238895
4259.19566888927,6579.41096472025
4501.4355346566,7111.41319143339
3458.57449720548,4788.87014878194
9158.59220301576,2856.93182228618
2820.99622155228,7475.19302754424
4003.32222169957,4873.43570205129
4403.60208345483,1077.35934301408
3740.23998755443,365.882758872211
4129.54419965966,6052.8081767191
3511.77492738658,5293.5927146268
3941.43717420453,5252.56010954448
4058.07088306897,4211.40252538041
4388.72712625643,4844.79233299551
4921.49119538155,6781.39073579525
4329.87861618,6988.76994558226
3945.78692454244,5632.02576122598
4385.936145454,5581.16134868085
4044.09600780374,7065.43613989015
4468.10959038752,5854.52204626977
4413.24104639516,5224.71255407284
3738.52220335753,5558.6561464622
3459.89394984005,3905.64773265101
4028.77862398077,6837.02918413477
4635.86635839232,6778.43582329471
6824.10524958315,7741.96141175546
3780.15118794627,5354.68684142682
3843.21356032553,5292.00151031375
3611.44221871684,5623.84182067997
3292.47587486786,2835.50616952572
3874.41694841473,4902.02198564806
8412.79599630834,6979.73352884834
1835.51747680854,2597.32428033891
4430.51595429537,6345.4916679006
3622.87624432076,5311.55137717661
4189.0920591027,6094.29535119726
4878.4318476977,6000.35213700568
3790.34233933429,4749.71290674197
4596.77123180868,6671.08048622216
4242.24370067905,6427.44270714721
4319.3629016954,8016.17458553229
4366.71082985905,6994.73727889761
4025.27606020531,1728.19647546558
3636.9646930316,4685.26553779408
4266.50902202338,4703.90668872052
3495.11127082578,3900.76037164911
3867.48653837021,7088.56632217117
4164.33098235069,6862.71721783476
4460.23472122521,5557.23535281568
4136.03884153144,4582.79798457868
4609.65417985102,5375.31668060312
3487.94086291903,2545.60739160587
3954.45936670167,4752.66824209776
3594.82765665784,4963.68442990669
3207.3843376917,1483.42216718724
5273.38253117889,6446.36801680296
4505.82597665588,3847.73643733233
619.326322408085,5153.2183023514
3817.78453287077,2246.21783898389
3336.47220224035,3432.92135515456
4375.61430013126,5479.77334492364
3867.91987838104,5419.47503170777
4430.5554113583,5725.17316183341
4552.54319676981,6002.79624036188
3577.47194081333,6023.88064893402
3959.00261688335,1843.56491956236
4044.81771018635,4644.7445875666
4177.19672160365,7412.22311484663
4181.64984078431,4645.42665308798
3356.7052666998,2952.63644002971
3656.62742895331,5646.40410835763
3733.89228204958,4876.44770001085
3315.18039977787,6950.80642391851
3969.93644946465,4380.87487610743
4910.05788399974,5287.90954004075
4233.36732399227,5659.36166184277
4121.92976372538,1438.29780325954
3806.16952999483,2692.63120271799
4066.85979351479,6489.16223686485
2288.2226348192,999.72724159695
5395.07574125836,5976.82404793259
3927.15011942363,4112.97027983426
4329.03865306939,5378.95408148029
3996.72073061238,4497.77786191349
2289.8756844137,1696.48434013267
3970.05369046089,4239.47757697759
8921.05297953322,2117.94850400573
4279.64175573165,6101.51264463734
4162.16941443693,3319.65577022566
4233.74341164491,5588.09490624688
4966.48762603037,5740.97230261158
4782.00671532683,7276.22525442879
7970.02657690459,1821.40053867678
4170.91345941517,5068.02734616444
4976.98033920822,5320.01947645192
3299.9835309002,5334.22741291704
3537.37556804806,6057.52512705447
5057.8900491074,6793.89371988456
3575.33750270924,4950.95394969184
4535.35745652051,6476.7159153793
3634.70555392187,4969.02678315968
4227.80342465745,6116.51639468661
3752.03613240299,4679.35528993774
4545.02967892515,4615.93123069954
3729.85007118385,4447.6521774935
4329.84885920178,6058.15010711684
4536.88319015309,6776.38962673058
3884.30920830292,3842.33742147558
3595.96899144654,4008.17237132542
4364.29027509768,4484.76322296934
5699.86104104232,3759.2493244565
4869.03670310889,4627.46799053817
4039.18275001971,2646.65436260239
4788.26276978922,6949.21521960547
3290.98448512856,2173.41633025109
4276.81830642711,5091.78335421832
4356.81161767528,5165.15296898211
3785.34758413128,2606.19007497867
3998.48472649793,1582.02524625518
3558.90517329209,5774.38928460649
2967.3932930112,967.958232232652
1799.85916229263,2461.89431452443
3964.187818432,5011.76391776256
3501.60908471581,4447.08386003489
2439.68958453629,4369.56561239434
4630.36401158964,6015.86754190979
4425.39305974723,7629.54788015922
3332.80210233556,4990.62284658666
2808.26393923975,445.958699361014
4181.13082756876,5593.32351143709
3623.68603681202,4462.71259014652
4752.14025448503,3873.87904042815
4285.59708432226,3864.3880542984
4039.38825569341,5491.70801155434
3626.9738356943,3667.69355101737
3957.19743552141,3010.54794677602
4865.62916636107,4375.817104439
4263.55283272849,3203.32131330583
4102.62448639324,2096.35244057875
3753.93482033796,4504.65433402051
4363.5145289463,7218.37019885862
9935.32400916751,2160.51565079733
4699.83056857086,4206.06059498268
5029.57483111354,6066.67486899591
4521.15811642294,6385.614711336
4159.01168057997,936.757646040771
4339.04155983645,3417.690531835
3757.27923409268,4728.79890883636
4340.34848487638,6672.04671047284
4022.26647792394,2362.83645463303
3030.74709675572,4706.06621049217
4178.13406309229,4276.07739045385
4485.41168805173,4422.53246125211
4783.12276571027,5881.57378815726
3615.08565037992,2351.0155360651
4412.27781934101,4259.93700548737
3705.0859055321,2616.41978923356
4775.75812062348,3581.42262251695
4043.9394486967,5628.55919387059
4557.03554902035,5767.34197897769
3565.32861206476,3648.02951323649
4171.97692248234,4159.11731918877
3429.13349139233,1832.59647718234
6307.39762198282,5710.62398117998
8499.35984180572,3458.66626288593
8291.77869287398,363.723157815203
2783.99925047985,3534.36602151552
3401.79605013603,4980.33604687276
4207.44320423587,4258.28871571531
3911.35540244362,4914.18414840431
4520.36790331194,4947.71487846199
2687.56826690822,1573.10268329785
3495.18477691629,5860.37563152235
3983.03221073619,5412.42772607897
3850.20682745196,6014.16258953397
4477.77070074601,4640.25513335678
4132.16603082843,1698.01877612814
4214.5275297885,4689.6987522554
3210.93312472942,5144.69354047233
3612.58420734036,5660.72579288552
3656.04260173964,1214.43749288681
3982.82501672948,4839.10915840946
4442.362002604,6107.87788474476
3554.29362853606,4608.42935567491
3737.43013798949,3581.19554924666
4242.78095607535,6532.69518505188
4172.63543699411,4810.75037093823
5128.37717730107,6862.77388043852
3856.90043836144,3270.43943602496
3573.61090787917,1953.13644101033
4662.42609533054,4799.44068436989
4114.21242178278,4682.36728789729
4172.47227663136,1539.96975431842
3884.00530705828,6413.34851874486
3666.93049493823,4316.93916201438
3211.37229951453,2126.30285521827
3402.5477598157,2708.08931073547
4262.66595115532,5309.22144473843
3865.89833420101,2944.73686964063
3758.1751742638,292.285647982884
4596.46566629643,4728.28725398151
4060.80067534224,6268.31381873786
4068.96244525037,329.510441521501
2496.77028878186,1531.50186647073
3845.18907156076,5606.56522365153
3908.17670130219,5771.26353858416
3817.89971464316,3745.43929478346
4244.87878561113,5603.49614023297
4469.78400581096,7022.13026497342
3456.91985242411,4065.23161331145
4058.27588271971,5885.43868515998
3905.0429966054,5223.91716334395
3290.69028472198,1057.69562237464
4485.33836188315,7074.92670316465
3610.82094394566,1415.73551558188
3888.26942248851,1768.60388905791
3383.82870839809,1703.75882474557
3093.48230085065,1934.95028233497
4153.50201847118,5530.18318807294
4355.96557543873,3889.56443314354
3227.05269074303,6276.27026315832
3988.30372473631,9092.56785212986
4034.13144978082,4840.47328945221
4260.68763346415,5605.54233679709
1327.23424967102,44.4992558525141
3950.17533457855,3740.267352197
4011.63751556203,5670.89884453665
3268.37979574278,436.013143835429
3799.34848720997,5759.38553455722
3249.63652563019,3789.3134871588
4811.32385234158,3205.42396104609
2708.45629158553,3044.53324622953
3999.85871318958,5713.97722332785
3939.25944345125,2726.84378686943
5235.91911782031,5298.25300235841
3941.60797504681,6332.64743962298
3188.40425530477,978.472105216841
4414.53895067915,5280.52141307889
3864.64083615718,6365.38277895176
4193.67872908653,6474.27223487835
2869.04544891118,695.052209753371
4233.21944309077,659.475547416089
3568.10336054844,4476.18179848651
3322.79639289496,7141.41984582142
3705.39516556614,5901.06741527161
3811.08331670066,5186.52153628355
3667.15104304521,3377.33999227405
4213.06956669649,5509.6100115004
4333.55371661304,5657.03172940459
4691.68030345501,5147.93303455743
5007.0395942257,5835.99506626136
3995.44396961481,6199.09283685084
3532.98124744921,1199.60447064551
4638.24857858876,6139.98782115593
4690.62439519191,3351.19738917823
4126.95190635046,5452.09662297379
4656.21557628988,6917.90067392319
3895.86889433184,1471.26021585862
4319.39070402573,5678.74154089435
4942.88746058252,6407.26743736674
3723.84693621853,4483.85408417767
4385.72648044317,5042.73721925652
4506.34846502202,5378.61283729198
4136.41085058463,5220.05226634123
4492.07207912786,5927.38042903396
2208.35718721235,3554.54129129599
2421.97109669209,5776.83296510744
7733.45426421016,1979.90423559614
5032.63789194404,6522.92004019282
3987.71829064428,6471.2602369188
3911.55350842294,860.716748936681
2245.54496083848,254.435715811183
4512.94810860174,3806.02176672863
4136.57059637729,2172.16615869873
1501.5718932406,3068.80048628301
3651.6174967168,1953.02290437518
4802.88032882115,6267.85924934202
4008.76396269727,5692.43782250462
3269.55108772154,5662.54449332411
3634.30321753053,4699.92846651028
4756.49137448847,6703.98623621748
4687.22555111831,4320.80363616185
4855.54426440351,5355.25515888542
2132.08096196805,1760.87472933536
3153.65388746173,3397.51526205452
4076.74236068115,5641.0621779599
4085.4057915889,4844.16735293314
4306.76680161191,3883.48335176542
3336.84161253493,6616.12410340402
4907.32429858459,5304.90240119514
4227.11882542816,5925.10715919955
3812.39710285563,3448.26592653689
4358.4966957849,4699.4734742592
3905.68655419569,3321.41759663286
4419.3554580294,5929.88077213867
3515.77623059646,4191.11393039242
4126.05281922324,4622.69395474379
4711.38672185909,5782.62988775626
4120.48211818974,4644.29001817077
2698.12970107899,3845.86107428998
4004.68431801853,5339.62642877379
3904.56020785184,6918.86689817387
2510.15273501096,988.645051154156
4528.82348796212,5175.21227257046
4247.88011450258,2297.99160174832
3355.57389009618,6528.88737350818
2820.49905256934,4404.74420936883
4174.83123495051,5243.63744087333
4037.72472357812,5406.0629088268
3976.41573010675,3312.38139132657
4085.18451669751,1393.79852510802
2925.56313848374,870.889642017089
3494.68476831309,4822.11672011033
4481.21789061121,6303.54950117136
3971.48427737254,6435.45623702669
3768.14575523384,5173.84814152771
4381.49931307156,6658.63416473661
3659.1034496188,4891.3943646011
3474.37747201359,226.07666405542
2919.05952453842,7233.54393671916
4187.92992803735,4614.33960353124
3953.35940074264,2513.61120325747
4731.46242754676,5964.09356771774
4809.97049620042,6271.21249148989
4680.72651273516,5739.03985411022
4342.75153835464,6970.07213205206
4684.3870764848,6331.28373143547
2513.84656904956,2432.17118458282
4228.26029161103,6807.76083501662
4011.77279428823,6123.84785904471
4311.44702647329,3942.41795679379
3740.33681629733,2772.76396438128
3017.07130822166,6958.02414021384
3520.96657492914,6705.86159925982
3965.99869397011,3568.63547969834
4863.59157177966,7351.24315896463
4301.64405658733,5829.91398488323
3429.70023395798,5344.45712717193
7137.19221217117,108.662287679042
3362.68515616364,6590.72022843333
3780.6760789809,5553.08629708367
4074.12877584019,5582.2413209943
2873.9960398814,2444.61750606837
4485.9752584643,6742.91598213191
4308.75027276702,5507.90505912458
4205.73227333999,5478.12547800684
4622.29149919375,4791.14341861636
3646.0358797824,4034.0874782957
4087.63008785968,6271.26915409365
3996.06897979645,2844.94028162409
2572.48911486683,5364.40490082686
3889.64322680346,6584.80998057699
4145.01742594535,2424.66952098581
3963.24279141315,5661.06661421859
3101.29323767992,3322.55423155007
2414.4813795622,2206.20833218364
4103.19967648553,4335.29573135627
3056.10202644152,6152.03623584941
4383.81335140946,5400.37973424075
3977.26288701591,3486.57069238895
4386.30751767533,4087.05475000873
4465.02330633005,3194.22823396815
4691.14940785302,6876.29975138226
4850.10139495902,4172.30236879945
4376.88626704049,5651.97353488091
4345.25666179986,4852.86252547875
4676.97806213795,5474.48807712967
3262.54521306008,2357.66493490183
4465.16996910816,3422.29394553522
4298.49459536338,5425.15820629382
8645.96973818529,3638.99351935782
3953.85534093268,5184.53242517843
4177.3995954066,4806.14674581038
3959.36844102693,6027.12014301911
4155.86104998234,6367.14439393134
5040.78817059179,4959.47871157091
4531.94388187918,5885.32493709721
3526.98930158234,7242.46702824556
3769.4413604287,3960.09288346956
5031.21769182506,8492.87876238373
3697.53964121036,6568.04461554815
4134.47128155329,8503.67679409722
4463.03139835197,4915.54785659181
3723.59499906957,5077.17751096113
4119.48880658399,4315.06379897204
4080.07239586214,2899.44188361877
3370.3007370317,1490.01469199258
4421.778747496,5333.4315993329
3402.84949295603,3659.05504107552
4556.48067908359,6107.87788474476
3303.16266139862,7063.56035399256
3961.97159690401,2781.17497819758
4909.58858318872,6227.22455105178
4521.2640642083,4916.11617405041
2830.33330018289,2599.31339144403
3594.83776325903,3204.68523292095
3194.55696820667,2262.64217125205
3165.54238936599,1171.81368349144
4029.43170561428,4744.82554574007
4649.35053824369,4895.82715620717
4276.63380313717,4820.24093421273
4288.65337385372,5195.04629816262
3932.05167647951,6081.96277777448
3372.63608774848,1649.42763341743
3930.34045999892,6627.20629384681
3674.23586583974,5841.1099233888
2472.95537767515,5271.99665119981
4145.71908488236,4757.83976182897
3968.7568592767,5743.07516177947
3733.61732661383,5416.69010701851
4798.62660948622,5610.25928713247
3621.59726498254,1841.00749099864
3897.35079512307,1472.39685077583
4418.55577403686,6662.78322046863
4772.65308165687,5583.15045978596
3961.01353507242,4129.7356448631
2246.2774539679,1466.88408685631
2332.96359340064,1371.23634314417
5300.28938231242,1813.04618746423
3812.59500697679,5590.02693189298
4362.46627686892,5093.48830659413
3793.79236680109,6790.82505932125
4341.2147746579,7080.09864575111
5453.28210240459,5323.25897053702
3280.89424822683,4113.93608122968
4429.42386886222,5693.29029869253
4028.56393562927,5352.1294128631
3777.48717242952,4194.12592835198
4420.97598317321,1933.81364741776
4036.12936104844,5557.46242608598
2419.02190474925,2019.85707979264
3786.64803032236,5246.19486943705
3971.14098628627,6250.58265231359
4220.46665027488,2713.09063122777
3607.08994138152,5865.83173283811
8340.77471025766,642.823824736205
8424.7057833293,3093.9202025244
8571.86099487308,2733.77734443546
4581.91182368929,5553.08629708367
4354.87062839946,2057.4795686957
4655.3918346589,5549.39223360274
8386.79829587258,1838.10902967423
4036.36265477209,4482.6607866567
4172.871828285,4392.29831073854
4686.23639223067,6378.56740570719
3551.36614932426,4667.19312718149
3128.37188570323,5551.09718597855
4518.93972006549,6112.7085831429
3447.54072515193,3076.41589794279
3181.17602013819,4953.79553698486
3486.1328910454,3887.63240749744
3952.03877374283,6308.9485170281
2134.04464321117,5900.44201235399
4331.33647417391,5068.99357041512
4070.96448038213,5536.66217624314
3688.63526224366,6753.48651771986
2010.3111239755,5129.97394915236
2285.75936644459,931.813305293672
4125.34840434628,3467.30456140015
8149.79318281683,1434.43322339827
4935.54368031284,5142.53401870068
4138.82113869306,7402.10757150976
3336.10883208885,2395.40117186766
3778.10020882003,6383.73934829365
4791.64870676936,2417.50867872187
4661.1020009899,3794.25751076446
8041.05907103166,7693.1427729192
4076.09385485812,7712.06723686444
4695.93110017799,3825.68580450951
3780.33303903369,5843.89442522281
4576.51715132928,4372.63427295766
4470.53163626896,4352.00443378135
3891.56898672633,6286.49997741321
4009.87481756342,3739.35821340534
4539.99294396936,5429.47724983711
3891.84133553635,345.082350458655
3738.70136391364,3642.28967604668
2020.47285816477,2755.20299719591
3649.68286382205,4719.08042658107
3371.19569361234,2689.27817199775
4418.19259842751,6876.58391011157
3628.39730372644,5777.91293742089
3472.36451002309,3746.23468551235
4491.8313319038,5360.2562679501
3279.12461685682,878.220947804473
4080.90676319913,6597.5971233956
3033.29251854708,3234.46502546632
3720.51183230467,5343.60465098402
3500.12437857625,7408.07490482511
4091.51297381398,7129.3718539832
4229.79902765485,6357.08509034298
9196.62121904972,1148.11486661039
5120.21393403958,6347.1395348174
3402.21654617823,467.270604058695
3985.62489387432,1889.25760094867
3365.81869624588,7337.09188510327
3513.77968246991,6413.68976293318
3250.80047705135,6200.11572370528
4380.40853053202,3566.02138853086
4210.00799281915,2145.22774201876
2260.37423895632,115.709434737123
4702.41941085729,8133.13381108686
3070.99511938513,4326.94180299898
3876.80393410956,4640.141385294
3701.43292241275,4542.2770343512
4492.52808276981,5900.15785362469
4481.98482124083,6374.2483621639
4050.27602696517,5057.91137997232
2893.15967523439,1390.956937815
4081.37025150234,5380.82944452264
4053.31606278126,2463.88342562955
3945.58605064147,5981.54099826796
4157.02501351024,5841.3940821181
3455.2509975194,4862.3535116085
4184.81274387979,6001.14795058982
4195.5860129594,7544.75525361958
4258.76006998883,3297.15035657939
8723.34833487252,660.043864874694
4306.94183347715,7291.28566708182
4173.99641592162,4944.36163631412
4795.75040846867,5262.78982379936
4076.97631616529,6680.17356555983
4420.93009641956,4270.73503720086
3094.56758109954,8065.84485484595
4206.52728565259,5386.45595650493
4417.87254100143,5161.85681229325
8695.38249648243,2943.42961262926
4712.01495581713,4638.77725425125
4009.4059069003,3859.04570104541
4478.07273241012,1097.7051291749
5024.16629105229,5809.85246316553
2206.04275278993,2741.10859736594
3736.12026462557,2019.34542493779
4024.29881438747,2746.10991785823
3248.65649560126,5167.25582814999
3010.91984565461,1070.65317585978
3197.26153316461,1935.80275852288
3289.24092055378,1843.33763486445
4216.67021688021,4961.92281492711
4067.12158560775,3094.31789788884
8780.22171188103,3784.65319942719
4817.77948898757,6365.89401095136
4526.04485501825,5699.71220140371
4264.09821162222,3794.31459622347
4000.77634835244,2073.39245753664
3859.48146516886,6352.14064388207
4192.92460332431,4924.30011459642
2654.69329291018,1401.18665206988
3712.55171322418,5510.68998381385
4947.73736239388,4061.87837116358
3373.39991393866,3814.66027667048
4720.00185616611,7123.40452066785
3851.01946511911,52.3420347991266
7362.0659437179,2050.77350725521
4804.24432472192,5405.83541270125
3188.93727917115,2248.66151948484
4051.71438344131,6753.4298551161
3973.81960805459,1980.58630111752
4214.14882834283,6343.84337812854
4252.94815955715,4527.04621103164
4120.46842625272,2873.58343925225
3842.92309562038,6598.56334764628
3920.7744078901,2252.52620505993
4713.90538645076,3720.94455860444
2416.05748898017,338.830858414001
3357.58217910895,4586.03747866377
3945.46773519123,5789.10887592646
3756.18176608939,4179.34967442825
7932.1516271433,5861.91017323164
4906.19296474568,5416.34928568544
4460.78222742782,6384.25058029324
4267.53300415053,6054.74020236521
4014.02968443676,5801.66852261952
3528.84900754018,6792.01835684222
3095.10861927777,3534.65018024482
3417.01064815394,1747.6329114071
4704.95763783065,1130.09922431537
3682.12114639678,5138.10122709461
4631.16278034184,5924.82300047024
2574.90926649999,2615.05586961843
4237.00825025912,7139.54490563433
3517.52008060564,3926.56215341187
3936.97642295218,5818.37722504461
4536.17537817024,5277.16817093102
4589.69662402054,4607.34938336146
3889.81346910099,5759.2722093497
4157.55401040221,4462.76967560554
3088.48856207779,2900.01020107737
2795.40420585431,3180.81589965955
4293.07025787045,6193.4667477238
4803.9549569977,6044.45382550656
4144.02086798168,4366.66693964231
7789.38881257957,1235.01056374554
3686.22741026004,5058.82094161924
2212.11589063315,3363.87078393407
3642.01093218133,4660.94163513684
3667.98310402628,3051.06889700349
4140.76197375802,6562.0772822328
3384.94293494686,4687.93671442057
4127.57650885308,6143.96604336617
3537.86619458246,6580.49051417844
5453.40582496043,6864.42217021057
8625.26087703573,3505.55245322083
4419.76396653852,4883.55166824341
3254.91107833733,1726.26423839185
2955.41283715364,5928.74413722147
3805.65997220453,6648.91610533657
4367.50565020906,4889.85982289182
3482.73157529756,384.182586324977
4857.21740718792,2085.04296543804
3889.20416514027,2224.28074279622
5028.98094640072,4150.82005343524
4135.11148888331,2323.56588738554
8066.01688455124,5565.13471177714
9131.63382830882,1129.13310577851
4847.16358996225,5407.88118641013
4285.95550146767,5734.72081056692
4046.98118115094,1765.7054277335
3071.32223430365,5437.14953552828
4462.61409071281,5719.43290178835
3584.64588996454,3434.96734029106
3796.58388279024,1520.19228561621
4510.03488931749,5210.56170306673
3692.94103160422,1606.74705570449
3368.20974992216,3205.0829282854
3866.20475802457,3779.25418357045
4061.11237673293,6832.65305513246
3630.13381177813,7338.341845228
1640.771784038,929.312645047523
4855.83393412118,4293.18357681575
4387.26278714691,5189.64728230587
2553.98647073124,2011.04815918426
3149.70692798008,2342.8886809781
4203.62211027242,4879.57344603317
1334.7332890572,1306.95959629044
3963.62745229662,6589.52693091236
4105.50753625309,5357.13052192777
4675.53700743834,6287.06829487182
3406.1342083442,2332.09064926461
3925.02781940725,6068.26607330895
4019.09177771315,5091.21503675972
3710.53840441665,3437.01332542756
3601.49058003226,5154.97991733098
3594.6250612832,5286.09083960216
4425.93107677587,6369.01975697368
3542.02991187946,1603.62130968216
8148.70039942369,3081.18972230955
3793.16299196158,5274.49741715978
3945.76858903587,5512.39493618966
4199.52245743581,3150.52445225934
4510.77074112782,6941.8270926436
3318.16418850956,2274.86099661205
5663.34672989778,5440.50277767615
4039.21327327745,5428.73852171198
4011.51561331695,6461.08718526767
3684.59007863179,4568.98795490563
4397.37991228738,4694.24529192424
3775.80263995828,2093.68147537988
6441.11683477995,4445.49265572185
3872.26271275103,6828.90232904777
4365.77859512427,4114.04982929246
3896.08595336566,5374.97585927006
1428.37926126047,1097.13681171629
4100.14074875196,6836.6312773427
4625.8110884201,4938.73512433184
8049.60177824868,421.350532260662
4463.78529828167,5773.25264968928
4360.98803306017,1637.43619846915
3873.35252861355,4368.37189201812
4410.07188634489,4925.2663388471
3650.04828729662,3761.40884622815
4506.13550437056,5723.24071333206
4175.39036553334,4912.70626929878
3834.9345145696,3168.59707429955
4727.9594276097,5878.10722080187
3833.58209436385,3638.76602323228
3563.98480572962,4372.91843168696
4585.45103836955,6866.24087064916
4116.14036757313,6536.44591113657
5146.83589450272,4903.15862056527
4316.45084073908,5504.66598789474
3877.08574335615,6012.62804782469
3792.97701322741,6113.78855545635
3828.26378014224,4230.66865636922
2736.81369111844,7647.05239616845
1355.49009016765,1327.30538245125
4645.09363712766,5934.99562926612
4031.45601482974,5813.77359991676
3640.129556793,6535.76426847045
4168.96418031899,4994.99855273372
4153.36266977838,5474.26100385938
4724.28827763947,6348.61741392292
5393.81319504658,6453.47198503551
4163.90303346375,2994.74880599785
4043.52741035053,4459.81434024974
4708.60581136529,5551.77925149993
4712.25820690087,5910.21715721305
3541.4778265257,4667.7614446401
4184.43307618221,5799.62274891065
4544.94989440642,4421.62332246044
3867.82009194981,2241.72817334644
3926.74923288724,7089.87379061016
4057.73834408649,707.043697558551
4553.77769183616,6137.14623386291
5234.30961791995,4777.39005154707
3441.58360012068,6828.5044222557
4204.69655047959,4129.39440067479
3644.10093923821,5192.88677639097
3843.07848855174,4327.68053112412
4324.12782205924,5784.10734400653
3717.8835145816,5453.57407922406
4130.8397975426,5072.46056062576
3465.87362396252,5113.72023897837
3723.59214127491,1924.15225062148
4030.34802505149,5094.28369732303
4291.57133841525,3826.82243942672
3893.73822330232,7523.27251540011
3835.49287064566,5551.8929995627
4812.75148077715,3923.208911264
4372.87068215484,6507.97337560257
4000.36378294024,4417.53135218744
3877.16444184635,6233.64645376296
4149.90441901828,3764.76208837602
4125.72553066887,6744.90509323703
4849.73953192402,5180.0429709686
3386.6574763686,6635.21982372629
4745.23869558954,6614.07832969514
4483.71861835163,5986.03087533303
3743.83317186176,5503.75642624782
4313.94014026647,4106.60503972683
4475.55635005877,7005.59197321486
4295.6236499561,5521.71551165288
2892.95427295599,3043.68077004163
4377.59851623401,5297.62759944079
8832.32440313714,3783.23240578068
4089.93468224431,6490.35553438582
9132.70677985769,3471.45340570454
4584.07371786246,7155.05946482794
4411.38383501481,5874.07233598788
4243.13452590885,2277.81633196785
3887.3030771219,6289.96696762385
4355.88162163294,1730.81077806069
4333.37368738507,6020.81156551545
3770.97023231698,5749.72413776094
3407.32026426766,4964.99147549043
4749.0990698156,6779.00414075332
4279.21466309332,6969.04924519762
4186.72810430752,6874.48147379893
3290.56895914294,1368.05372309046
3766.20663649061,7476.32966246145
4580.11123119775,3791.07510213838
3778.99708461389,6542.98156191052
3841.21942927355,5020.57283837093
4166.34309896186,2481.38751878352
3912.17397017636,2273.15604423624
3438.70232127521,5343.71839904679
4000.42248242902,5015.57172930626
3874.68675214062,5885.89325455581
4607.90028018194,5360.76792280494
7861.21627036038,4570.18167528185
4137.16261152869,6350.15153277695
4337.60311506744,5987.90623837538
4136.24909678242,5478.23922606961
3421.52663052206,4922.42475155408
4347.43074166235,4718.11462518564
3577.8565136962,4879.34594990763
4606.70485686508,5019.8341102458
3891.58491223456,4816.71770425358
5292.4037438303,2610.96389934543
5514.92338024804,5021.53906262161
4384.51403411305,1790.82514397489
3471.75519943464,3603.24618206948
3502.56896870954,6141.29486673967
2016.37524438117,1684.32238880405
4748.58465871385,5209.14090942022
3615.89498080384,5927.72125036703
3671.42095579618,4513.12243329582
4218.6937223498,4608.88392507074
974.165182595243,2622.89856597613
4095.5127438301,2456.38155060491
3519.07597085867,183.168709144981
4827.61516083705,6410.56401691085
4633.17690742112,5427.26106546171
3722.41749548795,4337.3419279204
4153.1250597448,4495.33418141254
1093.57104708,2505.99579159769
4622.21483975127,2580.04747188285
3122.30539877065,2579.64956509078
1776.05600791219,339.399175872606
8423.72697728842,1705.63429350173
4196.18220184923,4528.12618334509
4058.63371803472,4860.59147377367
1136.35762926878,1195.45573205493
3932.42810862266,6050.02325202984
5143.79915165135,6678.75277191332
3899.50412809945,4077.56376387897
3724.92584425136,2137.61233035898
4649.57961473737,6988.37203879019
4369.02135050263,6890.33727718085
3578.95533879201,5452.55119236962
3433.66066584538,2875.40213969083
3962.16362294622,1937.11001553425
4373.29947373953,5904.07941323117
4359.2656024685,5400.94805169935
4057.62387514301,3539.82191140365
4050.68820267338,5897.88458379027
3994.49741653028,661.351016172248
4363.74100757065,4937.14392001879
3669.90770418207,1495.24319146898
3657.93469184136,3669.79598733
3766.12855707708,5176.57598075796
4570.81494042074,4531.42234003395
3838.04004818578,3980.32481585379
3810.82971642937,5092.29458621791
2955.07535461713,2486.33196524444
2988.7465622803,1065.82247746164
3185.78553476494,340.478963186884
5559.80506320053,5435.55833121524
4496.32218806397,7012.92343757297
4257.21306179747,3759.47682058205
4174.62802475023,3259.01621282148
4280.59465836229,3913.71792513425
4395.61757290982,4887.41614239087
3958.90481977744,5673.56959830789
4197.24182524862,5078.08664975279
3644.73897330893,4825.01497000711
2774.76347645768,3762.03424914577
4538.6997208736,5321.55401816121
3685.01917431795,6322.58813603462
3980.69080633087,5537.51465243105
3884.26562536792,5672.83087018276
4048.03515010315,2791.97300991107
5198.85343041808,6524.22708577657
4817.22783159722,7949.39728414622
2772.41137456571,3129.1558849579
8836.00090825431,3947.24865519194
4716.79018037431,5643.67626912738
3602.32889003705,6193.63715839033
4759.3553664083,5872.5377942786
4260.8043079924,5908.22804610793
3702.57515497943,4482.94494538601
4836.20159428039,6878.45969600916
4179.85643695896,6216.02861254621
4025.17951669121,5446.41344838774
4108.74964746354,5916.86655604978
4602.82541865441,4835.8130017206
4476.42984162044,2940.53115130485
3832.53373634696,6057.52512705447
4438.48476807443,4393.83242959257
4674.16188976882,1782.92536215818
4350.71176357709,2222.91682318109
4362.76428280835,4570.01084176007
4024.06143283461,5032.45084239788
4477.82139181528,6539.5716571589
2601.45903463806,5048.87538609365
3589.48481986164,6744.50718644495
3454.10406196875,5725.62773122925
3254.60182602064,6235.46515420155
3857.01547166298,4439.86614373956
4267.80149538715,7009.00187796649
1947.95041226059,1141.12454072678
4368.26641959604,4678.50281374983
4180.73222130809,3536.18472195411
4054.41067612605,5634.07153493486
4265.68218321425,5468.00951181472
3837.46856460428,4546.19859395768
4960.08212745678,6881.01712457288
3967.88447969518,5075.07465179324
3904.33980356412,3875.98189959604
4232.81108285556,5676.2978603934
4206.77261183033,3088.0095318128
3866.05586522826,5589.74277316368
4832.11147102834,4988.06541802294
4782.93993209938,4829.78900580149
4005.98122186692,3210.87985093422
4305.2082540441,681.355769572375
4138.90762891316,5755.1802390767
3147.60910233795,1035.19020872837
8389.69393872993,3427.8633720585
3422.62209112641,4377.80621554411
4536.82453422789,4302.04916002789
4508.81359780478,6644.99454573009
3204.59202567583,4885.59744195228
4880.59446503773,6745.01841844455
8812.54488348943,1671.76253068336
2039.68381727325,850.714372236617
3358.45897776093,5053.64899903278
4237.77424504736,4991.58864798209
4224.88264691434,7430.63676964752
5152.16976096942,7115.73223497668
4138.76018296783,4392.75288013437
4585.11876265721,2820.729915602
4265.82391460027,6975.86905470088
3279.47589574313,4025.05148441704
3336.1347359354,4465.55417743955
4703.0064702746,7264.06309167255
4069.13183003694,5868.33207594282
4021.64953573675,1737.06227010534
4261.04703503046,5787.74474488371
4337.7336877369,4447.48176682696
4464.76853499437,5175.26893517422
4016.84078603527,3683.77685052483
4368.13215276429,2948.828628486
3155.79008479593,3843.64446705932
1518.87378755025,1610.10008642473
3389.2560170345,4990.73617179418
4087.59962347559,2139.99934825617
3408.75182119256,2389.2065538544
3671.65046510807,4911.34256111128
4525.61968071669,6502.34728647553
3067.60150784124,2414.04189993885
4600.99113128136,4286.87542216734
3938.79496111682,2740.3698692408
4250.89324621788,1667.67066612417
3763.34533585525,4866.78630321456
3843.82979903644,5018.98163405789
3460.85205177878,4311.0855767618
2649.53287195169,869.184689641274
3178.11553350673,2227.06545605786
3758.38924329393,6053.71731551077
3818.77006132477,6927.39166005294
4528.47470733821,5548.59684287384
3502.60304767205,5150.03589372532
4047.75738376968,5503.30185685198
4281.36064746936,5619.46611453291
4388.37672621419,3556.18958106805
4358.33301002882,4217.42694415478
4472.89665871824,4623.77392705724
5020.28617277229,7254.23086135448
4467.79232879061,5121.16502854399
3469.38343901471,5536.26426945106
3738.62175001024,5207.1517983151
4480.17093343161,4247.03611460599
3857.19841094687,6393.91197708953
3875.27090624009,5249.6618596477
3450.49206771687,3191.04561391444
4190.34178276613,1493.53823909317
2604.53943748128,5181.06585782304
4783.36346314102,4206.23100564921
3495.36578774572,6431.08010802438
3308.64179897794,4691.80118856803
4336.29930112679,6134.53214269543
2920.68142120132,2267.35933301504
3676.38932278027,5205.10560175097
4534.59905026007,5271.82624053328
4236.49728657181,5311.60846263562
3919.98447714093,4385.8759851721
4238.90205504052,9150.82039163685
5129.23552411782,3790.84760601283
4259.21509963485,6753.82733905292
4366.87021646008,6239.95503126663
4551.48714220291,5259.89157390258
4410.97646379099,4436.2858283214
4497.23271354238,6311.73344171737
4546.0059124382,5034.32620544022
3875.27993962069,4878.26640044943
3441.51149313973,5230.33906605513
4945.90055817045,7060.49169342924
1511.59587499271,1199.09292150448
4322.19648760011,4143.0340196813
3505.12607599001,6016.03795257632
3676.74939760392,6430.39804250301
4159.55578536039,5019.0387195169
4878.28381757193,5377.13538104171
3242.07832430885,4081.93989288128
4428.84136285648,4803.36224397636
4355.33643470994,6784.97147406867
3896.331661182,6232.45315624199
3972.60643303137,3097.38676987978
4148.13391583341,2829.25467748107
4552.60243472401,5552.4613170213
3588.3062370433,6148.34217236848
4385.16330923848,4576.88773672234
3718.31360576121,5988.58830389676
2437.07048934535,2260.65306014693
3473.65876797668,1076.4500985086
3201.40697940902,4634.00364131212
4224.3548953003,4532.78604822145
4121.42588177566,3631.20748560389
3485.99112585137,1466.82731853874
4656.53133118989,1193.40974691843
4089.52455953978,4276.53195984968
1412.54796150723,2571.57958403516
3957.63675831182,4584.50293695449
4943.53503652777,4183.95287670085
4764.31998159675,5893.39512958045
4161.96417123501,5417.77007933196
4498.65851935725,5575.81899542786
3710.50292013339,6395.38985619505
4330.6155210442,6661.19159330033
3526.998331393,6361.29080867876
4392.19479262731,5129.6331278193
3954.53119674038,5404.35795645098
2007.39543757082,4546.42566722797
4073.87553209366,5572.97740813484
4807.42457863065,5183.33912765746
3644.61489752314,3249.75272281727
4391.56751390227,6709.32816661521
3820.56991800278,4818.93388862899
4718.32846575319,5345.25294075608
4448.48237037202,6804.40759286875
5068.75104659085,3743.16602494904
4486.22401044722,6536.04842719975
3920.63033149341,3030.04115103511
3897.19247292189,6453.81280636858
4553.21043708702,8012.36635113334
4209.47632145761,63.4242285454779
4313.04402988538,5939.2013476019
3986.24965816951,2429.78437811326
3595.4763084998,4531.19484390841
4533.64357953778,5444.59474794915
7321.38116041094,2021.27787343915
2465.59734690785,270.575942206942
4578.31068865656,6111.57194822569
3815.41227080169,4020.33453408167
4357.13463678579,6131.29264861033
3405.87572971521,5491.31052761752
3823.52434015967,4914.6953804039
8702.99112092512,1215.85828653332
4501.43956736759,6206.42430120894
4201.85727450389,4930.60826924484
4376.68752372777,4805.57842835177
2975.75709041812,2533.95688370447
2411.44904423028,3237.30661275935
4522.40572198081,4875.82271994848
3699.70273951091,5548.99474966591
4959.06861805442,6713.81804368029
4539.60642308596,3737.76700909229
3470.91489785636,6214.6078188997
3934.06159676613,6278.65728105552
3967.02533987579,5673.85375703719
3574.86984868217,3678.26408660532
3918.08989452024,5755.23690168046
3885.72510723088,7297.53715912647
9100.43982595704,233.407969842804
4576.18745596568,6431.81883614952
3957.52612261368,3048.73896456531
4095.77332020213,5090.3054751128
7752.66598054652,7912.00165708582
3538.39124793369,3849.15723097884
3643.61193030439,5597.58589237663
4102.01277388558,6173.68896188015
3360.63107537225,1524.17050782644
3166.16114723597,2605.28072475938
3710.22710006989,1453.86965933979
3433.51523701699,6717.85292849428
3919.55477953782,5731.08340968975
1842.46595187742,551.949905390816
3746.80662630183,4502.26773897857
3873.57005612285,3004.80789815858
4685.28553227082,4886.44991814019
4485.30079455947,6159.3106147485
4766.13126559014,4562.16814540237
3128.9830973026,2021.6755688036
4089.39419820295,3468.49807034874
4013.28750321364,3086.47520153115
3426.85896679156,5140.65865565834
4515.22839785776,5767.17156831116
4941.71688924452,4788.6426526564
4521.90421834834,6945.12324933246
4457.77746777871,5003.01208261319
8256.56009750494,151.683924581119
4369.17387699266,5678.34363410227
4662.2966518223,3959.29706988541
4573.66481467856,4934.81398758061
2083.94237884693,648.791158051555
5070.64321528046,7072.31261199717
5206.38487233962,6374.2483621639
5433.97339917883,6714.61343440919
7658.96173883552,1562.36141990193
4221.88955171832,6553.21127616541
4551.4418394266,5850.48716145578
3907.96784197161,5108.49163378815
3344.6568605941,2107.49150505293
3499.07849513341,4962.26363626018
2989.97049772118,4791.37049188665
4149.14834645874,4724.99109729266
3868.02787049392,4535.17306611864
4774.79847310761,7088.56632217117
3425.63578049275,1303.94749261707
4542.61306946247,6187.27191828291
4419.54945495114,4519.99890540284
2320.8387428133,1046.61343193185
3897.8038235859,3002.70525041832
3572.83413201845,5034.26954283646
3880.9341705754,4835.01718813645
4409.71433897073,6409.31363393087
4169.24827227755,6554.40499654163
3934.29492167649,3319.59889619428
2606.2677375774,1485.2976359434
3977.34661820831,3086.47520153115
5301.70215607917,6856.86363258218
4302.71555060905,6622.03477411561
3363.21516904183,1818.67269944652
3408.37201108454,1017.9134002723
3303.42627598185,4210.83420792181
3557.24556628456,4678.6165618126
4954.75208942492,3200.13869325211
4185.786137232,5579.34264824226
4154.16887154059,4590.24319699955
4514.09967237941,4038.80485148633
4318.22826652088,5962.16154207163
3444.49289148988,3302.9472792282
4529.87365714025,5414.87182943517
4394.59417557804,4854.90829918762
4654.10107491707,7336.52356764466
4521.4011361815,5702.32671542645
5092.01212518015,8394.50317944133
8496.04565437556,1848.90706138772
4435.07352391613,3141.82927971373
4087.36596371631,6081.11030158657
4309.39999148353,5377.02163297894
2769.65687207837,2265.31334787854
8979.64306926201,7063.61743945157
4943.11146383704,6889.59854905572
868.469089003577,2017.24277719753
4213.3989280399,5672.37630078692
4621.36845025558,3183.2595801605
3920.0220914563,5958.29664506892
4027.92354046012,5151.39960191282
4595.58531512728,6292.80855491688
3692.98628972474,2568.34008995006
3985.26753315541,4365.70071539163
4208.43744498953,3696.73440400997
4196.76221075894,4718.11462518564
8583.97464617921,873.219733025987
3430.18184170798,4154.00246206132
7910.87909809532,791.950336445496
4204.79453454171,7275.08861951158
4545.23176346694,6704.61121627984
3945.39534735348,5392.76411115334
3114.26417924451,474.488214640214
4158.25635260326,6181.5320810931
3769.14631845093,3841.76910401698
4075.96845822495,833.949007207774
3746.67649682303,4155.36659310408
4131.44977082124,3370.52018277079
3680.65590001787,3811.42078258538
3605.50207751584,1067.75482024919
5062.14073430162,5184.98741742951
3721.37042834918,4585.29875053864
3646.35137837019,5881.97169494934
5287.07470842516,5485.45651950969
3667.93319011358,5088.99842952906
4405.42032162705,4956.75087234066
4068.40636168823,6479.89874686064
4112.07340084151,6199.49074364291
4170.95219389338,5544.27737647529
3860.56812753914,5392.76411115334
3680.55762485786,1995.58983973916
3862.5133080029,1075.42710594035
2825.35841313533,2068.16406377405
5192.70323386701,6221.6551245285
4260.4991505903,4650.71192088195
3975.6506947142,6650.28023637932
4611.53432925051,4742.38144238386
4011.02442732049,3664.05615014019
3626.08276500107,5724.8319176451
7530.47947875617,536.946313912267
3937.38394822876,2560.49739359237
4559.57981191771,7596.98295149696
9163.38991225534,1643.63081648242
4459.42248562928,6180.05420198758
3232.23673737483,2138.06711118244
4465.05065090557,5292.17192098029
4364.88521246963,5255.91335169235
4784.66917596861,4506.92760385493
3990.38167685045,6040.3051926298
3715.289306262,3959.69497667748
3930.58825562698,1443.29891232421
4760.6448816101,6090.60128771632
2053.44816061037,251.082632234033
4100.76234724225,5516.42982100365
4768.77428097878,3827.33367142631
3289.17551637991,5943.97538339628
4011.61139256261,5025.51728483185
4257.90887679128,6598.6766728538
2919.27927862359,3707.24827699416
4047.81311743882,8917.86689621263
3947.74686592346,4495.05002268324
2127.07362507634,2549.0172963575
3961.5755240329,4509.14421108559
4819.77129381855,5399.07226580176
5114.29635627236,4642.07383379536
4448.58624454638,6780.53825960735
7272.08670132316,6595.38051616494
3741.70125416221,5326.1572204338
1648.05089072983,2550.09705724332
3667.58555085409,8629.95744082552
3528.59764251285,5464.37211093755
3480.55886121423,5570.36331696735
3526.01451006717,2006.89931487987
4194.89105751027,3849.72554843745
4131.14199608098,5907.83013931586
4674.24303972265,5459.25725381011
4222.17036661998,5599.00668602314
4277.646953921,5813.88734797953
1325.95036624064,292.399316760296
4674.45311402619,6060.3667143475
2500.08774711575,1538.49208664052
4025.659161577,6086.45223198431
4229.04266575025,6023.42607953818
4351.54304380661,6897.21417214312
4070.9935047606,5048.30706863505
3292.07992325936,1888.12096603146
4171.37157622845,4589.90195281124
4054.79278587237,5808.20417339348
8024.91794024398,2048.61377405594
4854.71770330072,2424.04432949582
7634.3997514663,2192.45496511435
3607.12344481523,4302.3904042162
4307.00382115572,7012.46886817713
7983.46304879767,2885.68851654948
4114.58900461545,5499.32363464175
4546.5428414863,4016.46963707895
2779.43568611891,1893.86101464889
4574.00172604455,6613.96458163237
8844.78792055533,3256.23149955984
4066.98281499468,6018.53829568103
3979.71629652255,5022.44862426853
2874.30756923512,349.1742414463
4184.38560463913,4706.69119055453
3635.8055166232,5321.2698594319
4419.5200373774,2869.3779323441
3353.04467173178,4366.43986637202
3125.39700258421,5009.03607853231
4577.00784464628,6293.43353497924
4309.03342121503,6751.5540692185
4777.31843031907,3869.67332209237
2597.14638969675,3268.79135768053
4524.68747571644,4507.325510647
4361.92254667021,6688.75499004267
4314.05587759589,6980.87016376555
3041.24063154564,1571.4544992396
4374.64336942165,5680.61690393669
4361.63764672049,7368.9743253889
3481.82248960627,4302.21999354967
4079.07451508851,8420.92994126645
4229.17141600252,6104.2975693266
3961.98905867245,6493.87918720022
3769.41541714695,4304.37951532132
4398.91654842937,5298.25300235841
2891.81557088592,1481.14889735282
4053.1400164256,2241.67129931505
4581.228457073,2951.4998051125
4119.95497243027,5688.91416969022
3401.78688473059,7785.94850648307
4026.32309233147,6532.58143698911
4296.57072602213,4218.62024167575
2756.96010862816,326.100536769872
3672.75014289422,3568.40840642805
4277.29290400143,4091.88544840687
3882.20847445507,5677.15033658131
4165.18612739216,7005.42156254833
4309.93551459288,6246.88858883265
4220.34520177479,5509.04169404179
4175.1979712295,2636.1404896182
4952.31896908924,4715.2159524336
4955.25929615155,1919.88986968194
4099.58888430111,5472.78312475385
4448.02980365043,5694.42693360974
8078.04987545721,3966.68519684727
3782.49748260764,4110.92408327013
1938.34763344416,6893.52010866219
4841.51977243116,5407.31286895153
3929.77233644487,5546.77814243525
4188.94720840473,6108.1053808703
8405.63758060113,2804.64661609453
4183.02730129819,5399.07226580176
4220.9418420039,5681.58312818737
4906.27745354101,6412.09813576488
4580.49786040549,5707.83947934597
4874.28901097891,6730.52632325012
4148.27299825418,5181.17960588581
4078.13132387018,4123.2566566929
4373.46371527693,5244.14909572818
4411.48405078063,5857.30697095904
4241.06105452042,5122.8699809198
5205.52039142057,5716.02299703672
4213.11081280173,5471.70357529566
4584.64479503845,6899.259945852
4203.39382259243,3244.18329629399
3668.90483455007,2403.98280777812
4541.1167929786,5894.87258583072
4363.26273077488,5167.8241456086
3445.36689655854,3800.9639950602
4262.98598909434,6195.28502530713
4514.50912664083,3963.84360955425
4557.00771691285,5454.14239668267
7936.67965343629,3192.40953352956
4356.95880888038,4289.20535460552
3534.57411066116,6071.39181933128
4021.6489809542,5284.67004595565
5067.34851824769,5883.50623665862
3778.65645400972,6391.52538204759
3552.05076932995,6916.76403900598
5133.68149006821,4600.69998452473
4466.65540752237,6008.30858142614
5617.23306724896,7516.9643607517
4848.02474749919,8146.26177523853
3839.23137104194,7059.12756238649
4754.50983853162,3048.73896456531
4231.83451146119,2766.79663106592
2875.43553205778,956.02356560195
8561.29161405385,2658.13424840963
2829.83677045065,1486.03646978235
3738.45664463295,3075.90445451557
3873.3895791182,5657.37255073765
4070.90017289622,6160.56099772848
3819.38075256308,4737.03951198613
3665.63202213616,4281.81722764365
7803.43886689307,23.6988375282883
4097.89603609727,6042.01014500561
3559.30768021614,4562.79354831999
2749.7474010041,1121.51758840492
4265.5100972173,4964.5369060946
3475.96013001174,4847.7476683513
4067.43793925315,5570.98829702972
4330.16936812512,5193.11427251651
4001.23610656788,6756.32810501288
2856.36803309491,732.277003291988
4662.22529576172,6866.35419585668
3404.58116441041,6208.24300164753
5490.88884651753,7027.18803664185
4715.69605550384,4038.12278596495
3977.38909420806,4199.01328935388
3830.48592325013,5510.74664641761
4582.12335632874,6930.34699540873
3078.39065895401,3679.7986283146
3132.44139875652,499.778341548129
4901.08121661564,7867.90039144019
3939.57204975157,4445.72015184739
2807.18503085706,3353.12962625196
3264.52605985842,2186.54450583038
3386.61290000076,5352.75439292546
4453.17318290644,8179.16752523386
4214.21496643826,4317.22332074368
4681.93613322136,5264.55186163419
5824.7323249356,6235.91972359738
3477.80363201329,5097.69360207466
3883.48785210717,6592.65267693469
4350.82663905464,5212.20956998353
2606.4586456112,5030.80255262582
3894.20337976049,6158.34439049782
4441.48625000028,4339.21729096274
4362.5048660008,6695.74563306771
3931.46481088891,6155.7869619341
3379.86937605306,3399.04980376381
4459.30621684465,6340.03556658484
3821.18478375928,6935.0639457441
4142.76432878097,4931.97240028759
4630.36307452792,5859.23899660514
3804.77292758596,6033.31454960476
3978.96147766484,5169.52909798441
3819.07643527695,1012.00283527453
3930.39605718676,2524.75026773165
6165.90720836917,219.938840788179
3890.99901353329,5037.50903692156
8122.86637453599,991.031963337533
3500.78910620574,6473.98807614905
4112.10971734108,3385.46684736105
3429.31610341,2101.97895256103
4157.5697506012,6322.24731470156
4683.58646012073,4616.95411755398
2880.10479340326,1159.36757343352
3048.25025820931,2533.61585094378
4398.44921413918,7070.66432222512
4821.88416414603,544.391262048609
8141.44732450527,2214.67622003132
7744.37819367381,1283.43129578972
3362.26171512166,2355.05063230672
4412.1146862813,5688.85750708646
3152.83916388779,1549.40386641679
2847.3982447925,1238.25005783064
7770.58710073927,2626.02431199846
4013.31002602662,1244.61519222425
4077.92537249687,5380.54528579334
4117.7475016002,5787.74474488371
4416.2712592881,4060.00300812124
3434.82020818691,368.667524990755
3829.75601019132,4386.38764002694
4191.25770083176,5667.09103299295
4075.93456472805,6169.99489839922
3675.42836436973,6836.97252153101
4098.8468956762,5292.22858358405
4681.91058436567,5927.38042903396
3676.32801346073,6627.94502197195
8053.54394349379,4293.41107294129
5133.81935011032,5812.12573299995
4241.97193811604,7987.2470577472
3766.11554245693,4665.09026801361
3903.58069134575,4715.04554176707
3260.80564778477,3367.50818481124
3196.75900986164,971.368136984281
4735.10653279029,5618.61363834501
3810.76991555519,5342.69551219236
3950.09619290038,1358.9037697214
4132.34995570791,5256.25417302541
4028.5682903293,6348.84448719321
9393.48180006216,3190.30667436168
3690.24949947402,7836.01795115456
4331.13851090691,5248.41147666771
4635.92210025408,5138.49871103144
4488.59984437896,5914.87744494466
4533.21689109325,5974.83493682747
3744.37054284308,2431.48933048907
4946.64449257956,4380.24989604506
5154.37806988937,6230.40738253312
3949.85368967897,3063.79937721834
8624.7212282377,1505.87070680213
4021.39663770379,7067.87982039111
4978.54746015298,5728.52598112603
3244.55558498083,1901.41955227729
1369.96808498059,3273.45164541214
3920.41943825379,3408.02913503871
1822.35346075712,4701.06510142749
8932.29447316262,3634.33323162621
3886.45543718191,1350.32223952475
3936.10056258048,5375.37376606214
4321.00882642791,6467.22492924955
9076.23552942392,5029.32509637555
3856.81527256223,5674.9903919544
4143.19444471563,1920.40152453679
3990.65033314918,5728.24182239673
3764.14356695055,6624.93302401239
3422.591420214,3299.36675238242
3720.08863725546,5221.13223865468
3726.60414008175,2727.98042178664
3880.85021268669,6420.67998310296
3686.50481555324,1249.50265893996
3372.49514289208,5900.7261710833
3311.03533725397,5526.77328332131
3835.51407385667,5153.61620914348
4041.17724331278,6144.98893022061
3673.13685179621,3878.48224270075
3979.24173047508,5124.12036389978
4067.52860080491,6404.02836613689
3422.12083158443,2293.84275744393
4332.45089002175,5324.33851999522
3613.89215041105,4216.40405730034
3601.58895157322,3268.50719895123
3773.49186618901,6340.09265204385
7116.52092720313,569.965547685827
4026.72114020506,3544.14116637457
4401.67546225439,5012.84389007601
3228.05221993236,1131.40637561293
4374.01562923775,2425.91969253817
4385.40740013345,4510.5650047321
4553.88466317019,6376.74912812386
4096.82051583897,6087.93011108983
4316.06001037399,6976.38070955573
2240.34615396149,942.554462975778
4293.42072206462,5302.96995269378
4245.10949289031,5506.25719220778
4021.14877174052,5960.91115909165
3970.38422827359,1905.56839658168
3424.52562272775,7065.49280249391
9313.0116627409,8295.27512031103
3581.85236034216,6699.55302175616
3209.72720275463,4877.30017619875
4272.43034597377,2650.34842608332
4384.52363560189,4801.20229934946
4218.75824881749,4451.80081037026
3599.69163647408,4946.1232512937
3233.32913428344,5876.40226842606
3974.97559590749,5403.96004965891
4110.38949569772,3767.48992760628
4251.29011501074,3423.43058045243
3598.04962385275,1632.77601645135
4428.88224504989,6565.54384958819
4190.55409424788,6192.38677541035
3404.06816807616,6384.02350702295
4511.65508658865,6200.62737856012
4127.24565954734,4770.62690464758
4983.08297215956,6654.20137313054
4286.95697664144,6285.363342496
4361.92843653602,6562.58851423239
4378.53138238928,5184.98741742951
3911.84176662551,5421.69163893843
4167.03701563516,4653.66725623775
3920.32162174088,5094.45410798956
2138.09723921683,32.3940926628083
4952.84631124338,5233.23731595191
4954.94459092698,5693.80195354738
4004.62141276062,5746.88255046792
3530.36036340186,7363.34781340661
4210.52785808527,4611.32760557169
3894.68231139641,3186.15804148491
3478.57920582373,5720.05830470597
2624.33732562114,1340.31980996778
3190.82019303119,3722.30868964719
4200.22035306489,2335.44367998485
4423.21843795746,6704.83871240538
4539.3900698771,5923.62928009402
3620.16635460949,6889.76895972225
3545.40080513192,6469.83944327228
4332.75857625616,3930.14246883003
3538.91093639927,6146.69388259642
4779.9632658065,4106.60503972683
1212.98623520073,425.499270851239
4680.87888108318,4403.15300505579
7881.8647387419,2676.49102917914
4751.09542048127,3699.00767384439
2481.10735623908,2699.79204498194
4627.60997947937,6795.48534705286
2845.33942212368,2883.92690156991
1937.64094320788,2054.29694864199
4713.63071237351,5631.22994764183
2149.70776849011,8379.78358812137
3570.27780960522,6170.62030131684
3524.03752475663,6711.48768838686
3943.38911015242,5293.13814523096
3924.60098044938,4893.61097183176
3792.41002005246,4523.01132621765
4273.77775159307,4701.06510142749
4740.12166726321,5705.56620951155
3690.86457125555,4021.75532772818
4250.97447176048,7615.16911017231
3512.30691241559,1101.45606668722
4123.21106456821,3777.43548313186
4874.52833603214,6549.46055008072
4299.59573744655,5303.14036336031
7780.50035895044,2310.77874456693
4613.50210897265,5617.30616990601
3416.98436239711,4420.43002493948
3132.00942884734,1621.92111070648
3554.8779512369,2686.20908857918
4248.62945911437,4914.46830713361
2948.06310023706,596.335488336473
4317.99594351249,4625.64929009958
4236.11928211687,4421.56665985668
3655.39080350713,6815.60353137432
3267.50285032409,1593.61888012519
3749.77220716921,6915.91156281807
4399.32951351089,5899.41912549956
3811.04631140976,5898.73705997818
4211.07789963017,6160.22017639542
3153.87193351146,3803.57808622768
4362.34417052679,3438.66140377199
4492.35026799403,4760.96550785129
4367.87147506992,5815.25147902228
4185.62221629059,6703.19042263333
4149.02558123426,6657.38420461188
3022.84905239123,3642.51674931697
3462.16029681854,3862.00103640121
4077.69080100064,5710.62398117998
3754.18750949113,3534.76392830759
3190.48029351465,463.178686642596
4451.20050435504,5351.73150607102
3825.49284125608,6067.52734518382
4107.64777244,914.593265155183
4322.48906478171,5456.24525585055
3949.15640843751,5956.87585142241
4231.67268441617,3745.04138799138
2055.2046822354,1634.935538223
3493.78173237777,6270.70083663505
4047.62149465911,2642.90342509007
3873.52541416939,4063.92414487246
3674.32877019464,4440.60529471995
4526.43995725681,5775.92382631577
4713.3810158348,5549.39223360274
4423.58773556401,5167.48290142028
2104.40519003069,59.3891719465384
3029.73061825876,4667.19312718149
8068.8978794515,4412.30274699722
4044.78087229605,6472.33978637699
8341.14741031563,2727.29856769289
3976.87663999686,5542.91366828779
3406.78826100525,5667.37519172225
4411.84499516343,2895.46366140854
3240.62794391429,5919.19648848795
4243.45420724896,5213.17579423421
4196.52578308282,4639.2889091061
3890.81176556058,6061.16210507639
3582.02674237332,5251.48056008628
4181.1452035685,4732.83379365035
4166.76857369136,4415.42849301955
8433.46896858257,855.317733079935
4598.14904257789,5298.82131981701
4323.6679551693,7114.19727041215
3982.47357283652,5390.15001998586
5012.14221087589,5521.48801552734
3728.2624529183,4924.07261847088
3150.3585436936,4641.05052408567
7231.98233126713,2812.3189017857
4246.57608163601,6052.35318446802
4037.41273616115,2907.17104334132
3938.28666582809,5679.82109035255
4432.79025477524,4894.6338586862
4020.243173083,8222.87130694267
3933.87820610053,186.351289556014
4210.0648168049,1368.28100778838
2511.87329368424,3495.72043433039
4166.69529693156,5434.08087496497
8838.8741893212,6882.4379182194
3970.74219507773,4610.75928811308
3989.6647264441,2886.48433013363
4124.68446560002,6366.80357259828
3589.9990992172,5108.26456051786
4768.84668320044,3578.52437262017
2632.97749726387,1925.17534890354
4365.26404874264,5324.85017485006
3584.32857507725,5368.83811528818
3656.30675150142,5531.14941232362
3573.11879585984,1927.10758597728
3963.45076898681,4521.19262577906
3875.31832242416,3019.64102611369
4371.51786657895,2723.83178890987
4733.48589611334,6882.7220769487
4174.61611241171,5487.84353740688
7552.91269749536,172.711670549498
3499.99474199948,6652.21226202542
3968.94359164021,6923.81134463478
1093.85508150975,811.898268671144
5092.33965034923,5606.9060449846
3853.75260163125,5662.71490399064
4033.04131573908,4536.08262776556
4185.57434813724,5649.30278110967
5033.26679785834,9638.32260020178
4117.69305922074,3220.20021496982
4122.69887362021,4139.28329359661
3762.05291934744,3242.47834391818
3777.23057627418,4253.62885083895
4238.75682955171,1874.53822105633
8685.72230831551,2809.42044046129
7898.65202272573,994.214477677433
5025.35180159738,5984.09842683168
4524.17595730517,6412.83728674527
4533.63220145718,6973.19787807439
4635.65712845793,6509.16709597879
3881.24225560232,2215.81285494853
6848.27324414805,4243.8537059799
4419.89350199733,5888.90525251537
4781.06074612903,6201.76401347733
3420.73412586082,5445.10597994875
3791.47832236509,5947.04404395959
4072.89560862105,7017.69747336735
4526.11182635358,4782.90281546659
3994.7339983612,2528.6716159105
3849.45458597401,4553.70046898231
4247.650611185,4927.02795382668
2775.99566417021,2078.90522145615
3986.12983730836,6166.9262378359
4410.52472880767,5346.84414506912
4302.81956124049,4586.09456412279
4097.75275729277,3241.56899369888
4406.17420818848,6283.77213818296
3484.79631303319,4798.13363878615
8388.82046974968,582.639048155477
3895.3874569432,2600.96146978846
4371.02086092442,4962.54779498948
4366.30416260255,6134.47505723642
2616.78842583804,1000.35232737313
4017.275901028,6220.17766827823
3266.07855810879,4422.30538798182
4381.30300804392,4450.03919539069
4223.81516035461,3853.81751871045
4204.99650149324,6358.73338011504
4218.75034439444,5346.04833148498
3874.95577895935,6622.88725030352
4010.73697386208,5195.84211174677
8527.94492852078,5116.90264760445
3858.59000537846,3263.6196265217
3958.46013178508,5216.98360577792
3949.5086099246,6537.69629411655
3382.07264046938,15.6855620226714
4615.55478835828,6064.28785109872
4063.92427845876,3591.53901156432
4565.04879560349,4189.86354741244
3343.8986341888,4020.61869281097
3023.57183086066,454.02878613044
4144.61259321153,3952.47726038215
2786.43881278542,8614.21453979586
4689.55201211178,6330.8858246434
3723.85070905454,5182.77081019885
2863.71310747958,279.555352767207
5318.06717250816,4503.63144716607
3796.40952747213,5858.21610975071
3306.92769865927,2587.4924728761
3420.15536537347,1938.81496791006
4244.7503903684,3680.42360837696
3871.1622681388,5069.78938399926
4118.30944154161,617.363234304852
3803.44685563418,4751.07703778472
2475.11154441838,2610.45245591821
3321.09011953197,4251.01433681622
4059.18155462345,5278.02064711892
3659.83056427361,666.352178093826
4206.17179049854,6258.93658067088
3412.39680901778,1232.79416794251
3745.50794677199,237.613529607861
8027.41280083128,3606.48567615457
3370.79972252439,4983.85969968716
4800.37781108696,6191.13639243037
3327.60239203036,4594.39182987632
5702.89764437213,7756.22601082434
3597.30946128005,6279.05518784759
5173.61214912148,6974.44826105437
4910.37962648509,6045.98836721585
2937.14508329076,2718.14861432383
3238.84058271816,3239.46613453099
3197.23456359884,1239.04565998716
4406.67513427027,6461.08718526767
3940.98176451134,2578.45626756981
4478.27503334888,771.831887839503
4094.64711194859,2108.51460333499
4004.91015154761,1741.77922044071
3448.2945191586,6968.36717967625
4711.69294028392,5606.9060449846
3811.6308325796,7482.80865063165
3830.3933431982,6534.62763355323
3911.22062142789,5513.01991625203
8207.18284172738,2137.49879372384
3008.70718613682,1180.62260409982
4568.74969485795,5400.49305944827
2555.18673551,2455.98385524046
4429.7944752899,5209.82255208634
3156.25846970441,2049.3527136087
3966.35394584113,3496.8570692476
3563.18734430445,2983.04142406507
7432.9758141104,2228.65687179853
1324.05813583631,4092.68126199101
3467.5737967056,1776.73074414491
4248.43167252011,6725.07064478962
4465.46391364831,4242.88748172922
3647.82433702219,3933.32487745612
4061.42638175748,4586.15122672655
4182.68532647855,6332.36328089367
3829.33939000221,6118.27800966618
4257.76416847583,5853.5558220191
4477.74910251096,6796.7923926366
3938.98673364511,6602.99613925235
4605.23115307819,6450.23249095042
4261.50758960688,4534.03643120143
3718.7007710735,5073.93801687603
3690.71330080201,887.711828220411
3717.59386783236,6285.70458668432
3770.97154667389,3693.21075119557
3370.23863950988,6527.63699052819
5567.16796893001,5787.40392355064
4282.55412247162,4986.47379085464
3239.11427254751,2814.64883422388
4129.21355234915,4869.57122790383
3745.90212920464,5017.44709234861
3901.06528990465,4610.13430805072
4020.73671717964,3957.02380005099
3718.03395226218,5657.37255073765
3661.17588134883,4222.76887455251
4092.46526762465,4936.80309868573
4207.90763170034,6116.17557335354
8703.72432443468,224.655870408908
3867.12728868867,6916.76403900598
4163.41118709635,5428.68185910822
3308.78189405153,1357.65349245523
8744.0853096672,7198.47908780745
3595.34048375391,5097.9210982002
3772.91121256975,2821.2982330606
3490.12332322128,4934.64357691408
3964.27402891617,4481.01249688465
4553.20096931087,6480.18290558994
4214.9138850945,2049.46625024385
3389.40093676005,4228.56579720133
4422.03771353047,4828.02696796666
4053.00252327862,3969.86760547336
7678.74686621375,223.860241823933
3822.49924393804,5749.61081255342
4143.34863450088,3508.73507327454
4324.04467345426,5288.30744683282
4428.22831454263,6513.20198079278
4250.07914421297,5568.03338452918
3899.84417748112,3402.23221238989
4908.05177560057,6784.8577260059
4140.20860682623,4449.30046726555
4071.97519775502,3934.91608176916
3250.23551682971,420.611724850166
3552.59986597038,2045.60177609638
4417.80072544887,3682.75396367039
4094.98204431701,5981.14309147588
4136.92232040084,5735.00496929623
1718.10182667443,1378.90862883534
3530.16296577328,1180.56583578225
4285.81822266431,968.981224800903
4296.70341534207,6746.83711888313
4684.04479972129,5187.77191926353
4533.15811293849,5123.43829837841
4469.2286931458,5688.63001096092
4125.77089120524,7256.5041311889
4207.95772239412,5899.24871483303
4375.96633708153,5843.21235970144
3712.93134610931,586.389932810888
3487.69613261138,4189.86354741244
4588.5525038731,4786.48313088475
3056.51489025763,2680.18509266007
4571.26845859481,5634.5831897897
2365.88481387147,1124.41604972933
4167.50557742747,5569.2833446539
4331.4586109533,5455.50652772542
3111.34219010868,4689.9829109847
3807.03806263789,2722.35412123198
3029.6897754065,1014.95806491651
3642.21880963852,1796.11041176886
3580.88129064547,3828.69780246907
7894.51030025441,1039.11155690721
4922.24610579495,6483.02449288297
3596.9846994308,4139.68120038868
3500.43298085671,2295.37729915321
8825.60058436596,1043.94225530536
3408.32855880496,2290.60347478646
3772.68393540886,5108.32122312162
4164.40023998239,4747.04173011547
4428.50913943224,4966.86683853278
4260.82201297501,5939.94007572703
3816.2794033227,4896.45255912479
4357.92296119378,5343.37715485848
4128.59417127099,3282.60138735358
3424.67941934817,3598.13132494203
4477.77172430329,6858.79565822828
2908.68072048767,5668.39807857669
1981.88974286556,1011.66190822765
4767.77931792646,6235.35140613878
4268.34905757599,7090.6125187353
3136.81609671056,1985.07596675497
4680.31174937427,7261.61898831634
5205.67159333516,4581.09303220286
4333.82887036806,628.843225825907
3190.2917679429,1281.83998576287
3320.5729205247,6484.0473797374
4443.37650866025,4806.48798999869
4652.98576100262,4527.27370715718
1311.493532908,2391.99126711603
8413.56054711257,7502.41560295352
4065.71088827326,4806.31715647691
4012.91776274106,4896.79338045785
4037.77804315846,5483.52449386359
3696.58134533165,617.704214208633
4012.35429294874,6107.13915661963
8493.25298797492,1597.4266916689
4127.9861863346,1651.07581747567
3876.38360616041,2292.93361865226
1703.12309043296,3611.14596388618
8237.05625074678,1352.93643640604
5041.62874167647,4757.83976182897
4149.81103977985,4270.33713040879
4640.74048933282,6639.59552987335
3847.2208275997,4207.70846189948
3658.42990172759,5456.07484518402
3970.74260210234,4412.64399118554
4219.25054654054,6454.15362770164
3703.06496020696,5400.72055557381
4751.59504102456,6620.27273628078
3915.82715534025,5154.58243339416
3640.8511309506,5307.28899623707
4391.41888785736,6913.52454492088
4454.062655622,6196.36499762059
4407.72732402154,3687.75507273507
3732.33062764675,4894.0655412276
2916.07995822067,7104.08172707528
3765.94919869874,5966.42392301117
3556.03831961611,5057.68430670203
3977.84616454895,3343.35469282053
3996.99165107372,5920.16271273863
3084.72904957032,4044.48802607237
8424.8446452765,3636.94732279369
3555.13552888088,4975.22118974532
3920.49066920338,4619.39779805493
3401.7551422939,971.936454442885
4038.81670832958,5166.51710002486
3834.78631826916,2115.67523417131
3789.58491753914,2715.0228683015
4205.33715967681,4244.30827537573
3498.06088377138,4481.46706628048
3589.45893348877,6120.32420623031
3689.69397876655,4114.33398802176
4078.51960177599,4657.92963717729
4134.63478737016,6241.03458072482
4280.69868096361,5184.3620145119
4186.23033770151,5872.59445688236
4266.16267062264,1962.91158586938
3555.16989368613,4093.07916878309
3998.99489095614,3407.06291078804
3243.25410113978,4938.62179912432
2534.02881076117,5332.636208604
4106.55634205921,4898.1575115006
3958.81430138279,4687.48214502474
4067.57274415426,4006.35367088684
4249.14652591132,4466.57706429399
3820.14179886781,2135.56634522248
4956.82050090516,5812.92112372885
4181.04649371399,5419.98668656262
4417.43206751423,849.918717223189
3631.80326285311,5743.87055250836
4000.86946061629,4113.42484923009
4112.40671614419,6465.86122106205
4822.10466580075,5653.11016979812
3281.90389677085,5569.68125144598
4275.17934823545,4491.35595920231
3793.84712195724,6863.91051535573
4113.73703950703,3644.50586042209
4111.12681249366,2182.33899892223
4276.39254372542,4062.39002601843
4048.21376008201,6102.42220628425
3117.53980787275,3342.21805790332
3744.12683456798,702.156177985931
4185.67474504564,5855.99950252005
4625.80706222756,4742.0406210508
4294.70405958996,2615.34002834774
3788.14473685787,4203.61691448173
2490.65361220021,7844.08772078254
4580.85186730424,5052.45570151182
3917.17840538112,5138.61245909421
4126.33540185205,6577.36476815612
4052.24107013483,4957.54668592481
3775.21791958613,3739.35821340534
4593.41453336014,8721.85403559772
3993.77931251199,4578.42227843162
3814.67721706002,5573.43240038592
4326.19450853134,6867.2637575036
3546.08031452656,1451.36910480745
3456.39367847051,4990.05452912806
4877.56077203742,6186.93109694984
4620.85135459763,6048.77286904986
5337.10003919542,8491.57213965524
3477.6646422353,1770.3656097513
4175.38288226659,5426.1244305445
4046.69792373691,4151.10421216454
8463.64183328907,1410.73440651721
3926.33969443351,6222.45093811265
4319.8274862267,5062.28750897463
3061.29865343587,1607.54265786101
4171.3188733195,8050.33029565234
2630.28972311307,5557.6328367525
4610.72232403048,5562.52062060966
4522.29876473066,3180.75902562816
4437.39772640055,4395.36697130185
3563.08040849996,6625.10343467892
4300.80880269956,4486.46817534516
3999.98522888257,1704.27026817279
4171.89214282161,5415.0422401017
4734.23107259975,5671.58048720278
3501.72658701345,6441.1960742165
8278.94294566437,1388.57002563162
3770.92419554868,7903.19273647745
4062.03111412515,7126.58692929393
4565.25446029542,6804.52134093152
4421.3514668737,5570.13582084181
4727.94343271522,4766.87617856288
4718.26172665274,3553.57506704531
4037.07935163183,5239.88671478864
4596.04640931446,5109.68535416437
3992.78719615989,5640.83468183435
4840.29713208157,3047.14754882464
3775.1621677765,3716.1138602063
8083.42466854765,1873.62887083704
3880.55883896075,5379.92030573097
2857.76802624219,5846.50893924555
4062.03947170004,4422.70329477389
4013.62517359665,5061.37837018296
4124.89275543357,5151.85417130865
2262.97146584931,4306.59569969672
4139.18208495145,3480.94418040667
4029.23358361623,6866.92251331528
4792.13975583722,3847.73643733233
3938.51493190161,4285.28379499904
4225.56448035907,4153.49123006173
5193.9244763365,7039.80476879393
3418.05346041729,5722.44489974791
4354.76859770137,5516.08899967059
4348.89123467349,7270.99622638332
3374.39780768153,3906.55729429793
3842.02629178667,7991.67942649802
3424.32925641428,2818.9680891948
2933.16439195235,893.053970045771
5046.54294234254,4824.27624188197
4096.22026428397,2626.30847072776
4035.8286973076,4967.03767205456
3203.79319567289,220.166178343002
3944.0852392701,4872.35572973784
4457.90401504676,7062.65121520089
8943.04602824917,765.921428555538
4349.56993139123,5794.84871311627
3922.87296639796,3098.40986816185
4412.80053989564,4872.12865646755
4929.97014240647,6803.95302347292
4147.96826557814,7020.53906066037
3624.43066265249,4921.68560057369
3741.79243521244,4561.99773473584
4158.15911822556,4596.89259583628
3489.73060834659,5215.44906406863
4661.15153887274,6354.58474723827
4331.85075613832,5250.5143358356
4330.31375611001,3361.08607067243
8384.01708753754,2107.77566378223
4157.73863129518,9243.28530386766
3226.75845870373,2914.95686566763
3361.16908665398,3039.02069373764
4848.83101259394,2165.51675986201
3091.85684123476,4530.3423677205
4262.36248159727,6359.98376309502
4111.82087954113,767.114884647227
4036.02128400106,5530.35359873947
4329.47030860397,5650.38233056787
4204.91637898992,4368.25814395535
4113.89781802353,5147.93303455743
2662.8551968167,2262.2444758876
3071.0325355356,506.88230978069
4424.85463487194,3750.15624511883
4352.87779392096,5308.59646467607
4502.51294800543,6956.88750529663
4421.11437744156,5925.95963538745
4415.13040784142,8547.72139713909
3308.28409989255,3940.88341508451
4403.55097532833,6114.98185297732
4769.2453220275,4891.67852333041
4049.50978704503,4677.82074822846
3746.9989873224,2504.06334309633
8346.56857091534,3211.16400966352
4212.18342929008,2794.64418653756
3430.77283097214,6334.57988812433
3255.45853502485,474.431393465735
4446.5443224666,4354.163955553
4584.55220695467,4376.72624323066
3582.86797786021,5928.97163334701
4427.2873220491,6396.86731244532
3741.57160600343,5342.41135346305
3946.1954448396,3084.37234236326
4102.59427701062,3273.62205607867
4117.8967264155,592.641424855541
3742.02968361842,4297.50262035905
4060.44802131639,5889.98522482882
3240.10719171605,2490.7647568505
4274.72329253252,5519.66931508875
4720.65251293321,6705.80451380081
4648.84874039882,6778.54914850223
4201.49018733357,6237.6246759732
4066.19101348577,535.184540361973
4170.74164770632,6591.40229395471
3967.6825302252,5653.05350719436
2326.5922415146,4443.78770334603
8556.08291993868,4919.75357492759
3089.0476112293,1329.46500993671
3808.69020903334,4654.7472285512
4185.75081794628,6855.84032287249
3571.08606519134,4834.67636680339
4177.92776628534,3394.3895160322
2497.16103210181,2229.62288462158
3957.44023928075,6031.83709335448
4580.41011634629,4951.46560454669
1796.83259729547,2969.06077229786
4285.41625599816,5585.59414028691
4755.82830161906,8462.70127447391
4017.7085272137,5379.40865087613
4169.88021467746,5429.70474596266
3445.97973732079,4927.82376741082
4593.75819158928,4184.06662476362
2835.51317843067,1770.99080124129
4037.92390171739,4454.81323118507
3844.36777095235,1039.67987436582
3304.82370080346,2581.18410680006
3726.84316886149,2265.02918914924
4148.46226428262,2953.20475748831
4538.37097804684,6715.63674411888
1687.79260258749,2325.27083976135
4407.03838153693,5600.88204906549
3840.99125830125,4679.07113120844
3836.54338744624,1265.52929584367
2794.60411337989,2330.49923352394
4020.82341176036,2683.08334255686
4010.20762780665,3628.70671964392
3214.89563121221,4988.86080875183
2967.82409153926,4148.43303553805
4374.11058896576,4889.91690835083
4601.18568160933,4538.52630826651
7812.4888789775,1173.74602627899
2877.57332639495,2867.78651660343
3554.21339620342,5513.24741237757
3971.64915454558,4428.1589732344
4231.98736474174,3649.84821367507
8882.03601979736,3572.95494609689
3249.7613634046,69.7893827604295
4567.2007049391,9023.63060611689
3952.10287117294,4092.73792459477
5267.7298252884,5632.02576122598
3621.70505768712,5011.19560030395
4358.38163400662,7019.06118155485
2513.32007863252,3035.44016689186
4227.78904820251,1227.11099335646
3744.69342262288,4657.81588911451
3209.21792615836,3265.6656116582
4449.01865029484,4682.42395050105
3633.65439493024,4908.10306702619
3934.93846630907,6531.55855013467
4356.88995102101,5854.06747687394
4018.77035597279,6859.25022762412
4050.11207283893,2236.49956815622
2397.15859673797,5742.16560013255
2525.86853031775,1695.17718883512
3732.02675320393,3768.96738385655
4549.84093344523,5398.78810707245
2385.19810512408,600.654690450488
3793.88369902557,5399.41350999007
5146.98543723826,4819.5592915466
3915.70451243223,5209.14090942022
3992.7957342723,4117.85764083616
3773.22506458618,3875.12942340813
4241.64243249475,6842.76902132458
3266.49602017685,2049.18209151454
4396.23667826145,2452.34645436329
3434.56343356674,4469.93030644186
3471.42556324542,750.747320696645
2841.50544816859,3188.94275474655
3598.37627558634,5092.40833428069
4545.0199673407,7272.36035742608
4305.78077562323,5694.14277488044
5077.12773312866,6581.62714909565
3979.31514363137,5023.75566985227
1994.75430224325,239.261634380743
3007.05355737465,1065.99299384199
3729.39878325336,6399.87931040488
8832.24188844416,3433.88757940523
2491.08223065804,1525.13662636331
4577.12882866252,6094.29535119726
3565.70242124721,4121.21088298403
6409.28991519172,5233.63522274399
3244.2316462457,3387.62658056033
4374.27088851995,4753.1228114936
4271.68586379074,4132.52014669711
3303.83947364501,4023.17612137469
3337.17452955905,6518.25975246121
4351.306220741,4044.65843673891
3965.88319643964,3206.50372193191
4238.15985421695,4749.42874801266
5012.24526052193,4619.73861938799
4989.53786348037,6947.68067789618
1999.85746065137,1941.14511177587
3970.68068368143,3436.04710117688
4271.37107512789,6150.6154422029
3802.52741261046,2568.68112271075
4102.48909434562,5831.33477852975
4329.72901378917,6454.83569322302
4174.08893510846,3973.73250247607
4243.39496296485,1973.19817415565
3331.84396631337,3875.52690734495
4069.5999043856,3732.53840390208
4630.77618742528,6857.5452752483
3794.02037808672,6991.61153287529
4279.62138601951,5062.1170983081
4253.89716498931,3733.61837621553
4341.55839505081,5405.77875009749
3979.26269139064,5703.29293967713
4047.55140379257,5561.38398569245
4773.99395691894,6736.60740462824
3564.22413213615,4898.1575115006
8699.89654634445,4959.76287030021
3506.00654980045,6276.61150734664
4289.117637192,5321.95192495328
4557.96667736508,3642.74424544251
3971.37076252847,4214.75576752828
4271.52479312057,4531.08109584564
3507.3708677459,1598.39281020576
3348.18207634944,7195.5241753069
3804.51188650776,5562.06605121383
3734.75148444326,4600.64332192097
1820.94645661234,4561.42941727723
4468.9018131786,6122.9953828568
3104.48239048157,2007.29722167194
3842.32485321142,2058.50266697776
3836.9756118107,4645.48373854699
3921.57547975317,5734.77747317068
3741.03700820669,1167.55130255191
4074.13188874429,5731.65172714836
4148.74120197752,6401.01594532209
2814.75464776749,3411.55278785311
3773.26867409741,4577.5127167847
4459.00566482193,6543.03864736954
4033.85396976638,6356.17595155132
4463.34921383922,3958.7287524268
3827.57777832906,5816.67227266879
4181.08751821822,6193.52341032756
7165.79082678282,260.914545410659
2655.05741007656,4263.9152276976
3985.80036061412,4929.75579305693
4297.41932695133,5598.15420983523
7834.91378572115,3215.36951657167
4452.15307294685,6287.40953906013
7804.16094153508,2955.87572268718
4204.27426649639,1484.84296083375
3642.61228526331,3843.53071899655
3952.58621077061,2008.37698255777
3187.51495493459,2654.09915216801
4650.22216242664,7138.91907986146
3904.17453394894,6613.73708550683
4044.76000750745,6262.46023348528
3172.05920913981,4502.1539909158
4646.16901573737,4930.43785857831
3392.92221092577,2153.86625196061
4462.29726603076,1830.26633331654
9202.41627513711,1719.67171358651
2696.14639003701,2763.50026294944
7259.82581127076,905.556954135078
3366.12598096653,4862.69433294156
4125.6928337872,3644.90376721416
4819.09843318599,4140.13576978452
4348.16132546391,7051.34152863255
2470.17342259699,4333.76161250224
4698.16924507585,6512.74741139695
4963.87390299313,6682.39017279049
3953.85737059557,6512.80407400071
4354.15569892702,4641.56217894052
4175.98895897554,3482.64913278248
3740.57450436065,717.15976946448
4620.84629770108,4599.1658656707
2765.33220826931,2718.03486626105
4122.0279219061,6937.45096364129
4537.33587750984,6421.19121510256
3359.77470539366,3530.55842139944
3720.68518791065,1536.27569083749
3770.4317700853,3757.48770947693
6695.29990277379,1519.22616707935
4208.23652380085,4187.36278145248
3610.07352865652,1441.42354928187
4121.49270870466,5000.625064716
4132.00914077988,4571.26122474005
3967.05644412651,7155.34362355724
4909.15513533723,6055.47893049034
8999.00919254183,1618.22704722555
3874.53942788517,5152.99080622586
4287.58044748307,5775.98048891954
3788.02988019182,6078.32537689731
4759.64522547879,7129.76933792002
4234.02487924692,4919.52607880204
3532.36056224699,6235.18099547224
4119.69195391169,6492.85630034578
4452.48118233941,3479.23922803085
4211.26775264202,5736.82366973481
4243.03534591141,5198.17204418495
4116.55226723419,4058.75262514125
4129.65019811557,4972.83417184813
4170.15260783966,5691.30118758741
4150.27948965617,5864.86550858743
4686.79192511869,5293.42230396027
2859.7811630141,6075.65420027082
4063.6951743152,5707.95280455349
4036.79399025107,4400.65223909583
3843.79938285969,3091.02174119999
3998.03365949256,4882.1308745969
4914.59920591017,5027.4497333332
3929.67823404949,5802.52099880743
3492.42249823963,4182.70249372087
4110.15800403592,7391.65036112933
7951.26615293008,1488.87805707537
4374.11209738947,4394.91240190602
3866.82472716188,6283.37423139089
8776.61902135482,1202.50282625611
4991.82900458011,4776.59423796293
4352.23611087775,7167.27829018794
2508.98249798995,1732.5157304365
4668.41656373026,2843.57636200896
5343.118173462,4331.09043587574
3595.71985811447,5684.93594747999
2950.49244134411,408.790726996876
3294.79827511173,5297.96884362911
8258.94544681082,2474.51083524888
4591.68782190393,3568.52215449082
2603.33620028463,2139.48790482895
4476.83138247916,6590.94772455887
3110.79060502613,1550.8246600633
4584.57977101354,7504.23388053685
3890.79893024691,5406.46039276362
3756.6983496895,4418.44091383436
4454.2625910709,1629.138721288
4090.57690004298,4741.98395844704
3768.32715296314,5338.14897252352
4023.90384644861,5407.65411313984
4349.44157540954,9263.17641491883
3864.08052952013,1149.47889193932
2214.52395026862,193.455257788574
3835.15322595358,5648.33655685899
4197.1961566325,5019.54995151649
4513.46806547537,5436.80871419522
4061.92532596809,5037.73611019185
3931.34312048639,1485.92272171958
3260.25105066751,4965.27563421973
3475.44901597019,4450.83500897483
4295.77938250428,4852.29420802014
3878.50983117956,4575.69401634611
4495.47156822179,3315.45026331751
4206.61287832072,2319.13288435184
5030.90868561794,4568.8175442391
8279.13651216534,3432.01221636289
3900.9088411883,1820.37765182234
4681.41212267741,5127.30319538112
4115.08631077085,6552.18838931097
4005.93586574188,5361.05208153424
3730.62721928234,4065.34493851897
3930.52173557163,4981.70017791551
4921.34925992742,5563.65725552687
4086.0632616309,3878.08433590868
3820.81627328484,2707.23683454756
3007.50174288678,844.519701366443
3806.2377276527,4400.93639782513
4749.13387329985,5080.01909825415
4531.77823035917,5829.7435742167
4239.66715818586,5261.31236754909
4289.90551822417,4207.31097796266
5197.94532840221,4753.46363282666
3618.24538240809,3165.52820230861
4045.40738620612,6192.95509286896
4719.8909097899,4952.14767006806
8720.18662320791,2698.54166200196
7964.24987469977,2820.90032626853
4887.50870899287,5658.05461625903
3763.67585578961,6341.00179083552
3171.72540704765,1129.30362215885
4628.46735331465,6216.25610867175
2539.58514985622,3047.94315098116
4167.93105900406,5557.00785669014
4127.94327693767,4263.00608890594
4286.10065126238,5600.59789033618
4172.00102232254,5339.56976617003
4541.42142647582,4869.91204923689
3665.41232213103,5176.63306621697
8906.13751006053,3418.59988205429
8865.1191282064,6521.10133975424
3772.07511804455,5506.31385481154
3749.36560755032,4548.47186379209
3480.95229894371,1879.08476072517
4038.8171848283,5443.57186109472
4095.98165742253,5968.86760351212
2960.11458518524,5404.86918845058
4530.96708042737,3274.87243905865
3615.67911512168,5683.57223929249
4501.2910994341,5723.97944145719
4437.28572050789,5652.03062033992
4382.07375778761,3032.99648639091
3948.99862226902,6137.54414065498
4248.40491395819,6325.94137818249
8121.36899411413,717.443928193783
4164.33405387858,5715.79592376643
3911.19376962439,2253.26493318507
3870.55790197089,6751.5540692185
4057.8896078309,4692.88116088148
4195.48929600623,2882.22194919409
4258.59216186158,4635.08319077032
4118.77264996302,5747.56461598929
4401.58052292614,6434.88791956809
9164.48533551822,1827.70890475281
7275.12943971157,2082.826569635
4479.08925787253,2864.03579051874
3841.88005734039,2629.20693205217
4204.45086673423,1594.1871975838
3808.90812187719,5586.16245774552
2018.54279497926,830.880082359927
3977.93546623258,4000.55674823802
3685.35130732941,4826.71992238292
2384.6169500505,1921.65169608914
2788.80146285195,1073.38112080385
4583.50291459488,6112.08360308054
5190.54614918373,5452.77826563991
4946.52802391492,2795.21250399617
3919.60622620795,5615.71496559297
3977.3874028362,4811.09119227129
2906.70288423956,144.295797619256
3951.09064925901,6166.24417231453
3957.4656554348,5717.38712807948
2574.09549240965,3469.52116863081
4590.88623995397,4384.62602504737
4093.58186359669,3973.22084762123
4203.22380167511,4964.30940996905
4136.38431429489,5978.13109351633
3763.96175117486,4919.75357492759
7608.16910358992,4355.18684240744
3684.25687737748,5207.4359570444
3899.95923503357,4551.25636562611
4210.20418948659,5923.34512136472
4439.1670633435,89.5668250341873
3958.98798784879,6132.42928352754
4820.01283183049,4707.20284540938
8244.37607586273,1992.5778417796
4129.76550201265,5653.73557271573
3985.51682288395,1548.7786749268
4330.28216389934,5832.24391732141
3696.76146001791,5811.95489947817
3505.79886264971,5105.25213970305
8017.53584268609,1580.14977749902
3921.6623698217,5084.50855246398
3673.21794219429,6166.073761648
4877.98669759347,7388.52461510701
3865.54280081221,4841.83699763971
3739.00601697125,744.779987381294
4127.31824814928,3294.59292801566
4234.40948520181,4666.62480972289
4261.71526038858,3508.10988178455
3965.88924032381,2781.23185222896
3284.41467953371,5426.1244305445
4302.64472461858,4569.21545103117
3410.99405066327,2935.41629417741
4315.75256603099,6275.5886204922
4157.70861681981,7758.84010199182
3813.09129493867,3812.27325877329
3895.00563139963,6111.17404143362
4713.41647061735,5922.03807578098
3925.199283038,3387.74011719547
4865.63780824302,5694.02902681767
4100.52715275486,5650.72357475618
3595.93817196506,1044.05600336813
3744.2507785114,3026.57458367972
8255.73881575582,4508.57589362698
2827.21222893403,5889.98522482882
4396.26488726312,5361.56331353384
4005.41191618159,5384.06893860774
4079.27138149309,4781.53868442384
4260.74977930951,3869.78707015515
3975.09831849683,6018.87953986934
3694.61199799334,7344.02501981405
7151.24321957962,586.560396334326
4478.4745378516,4641.61884154428
4567.23708704902,354.1185821934
3791.25650795014,5168.3924630672
3372.53944591625,3662.57869388992
4036.33550626919,5400.43639684451
3723.99445693106,3490.88973593225
3694.91453533545,5681.7535388539
5012.76531403205,6980.98391182832
4356.04330960877,6475.29512173279
8608.95801104911,699.314590692907
4729.87640225257,5923.97052428234
3419.89844684839,4235.04478537153
3904.59341392755,1410.62065845444
4273.38989988597,1954.50057205308
7805.03967551968,7985.48544276763
3983.89805523312,3954.01180209143
4069.38217682154,4228.90704138964
3184.15594709406,4959.02414217508
4579.68420973654,5603.83738442128
4758.72878811633,4591.83440131259
4010.09593304666,1966.83293404823
4213.2165918604,5139.97659013696
6752.75155751021,5723.35446139483
4187.01358802968,3476.22723007129
3861.19456417095,6620.10232561425
3944.64194418051,6789.80217246681
4328.5609789809,2866.47947101969
2422.582887,5724.77525504134
1541.27221127967,2116.47104775546
3671.53029849787,4572.22744899073
4090.22404708573,4844.96274366204
3635.89957084221,3337.84192890102
4154.00365860133,5587.46950332926
3691.78375705792,4234.70354118321
8136.16690348388,331.044903945425
4157.29173171101,6894.77006878692
3210.808386968,3685.93637229648
3390.71815400678,4660.77122447031
3137.28224901044,6297.58216785601
3589.88229164784,6648.23403981519
2638.664119289,5961.42239109124
4566.7880682462,5539.61751159893
4096.2661364157,2906.54585185133
4121.78280502475,6667.32976013747
4243.02883128603,1868.51401370959
3515.98158766576,7004.11451696459
3627.18328269811,3470.14614869317
3562.23316478464,5271.08751240815
4182.68344763157,5778.25375875395
4057.04386854825,2925.98239350667
8759.33041944817,829.743447442717
4336.34862726127,5787.85849294648
3874.75524714823,2940.87218406554
3645.77626836984,3329.54445171986
1460.82445174776,1218.35894677947
3221.11549802825,53.7628317491956
4733.09758149574,3704.40668970114
4330.95978743431,5420.27084529192
3750.79613928853,5581.95716226499
4537.05489433855,4586.71954418515
4498.83363948903,4274.54284874456
3383.50434591759,6827.93610479709
3813.376242062,5510.80373187662
2969.14688616433,832.926014639523
3229.38429454049,1957.85360277332
2998.14110318269,500.744512941901
3970.356627884,4041.81684944588
4418.90098179348,7328.8512819535
4464.95916048797,6979.16521138974
4349.09482462113,6189.88600945039
4324.15757474071,6570.09038925703
4137.09896399725,6506.66633001883
3772.23130412045,4973.17541603644
4219.37418007479,3409.33618062245
4055.76722620458,5481.64913082124
4058.43296469203,5691.41493565019
3731.44685177037,909.023732918092
4630.39608681974,5836.96086765678
2681.4452970162,5150.26296699561
4579.83618969074,7837.04041515374
4901.84815892691,6919.26480496594
4384.48498169906,3883.54043722443
3380.99048350362,2094.13604477571
3925.89917281475,5637.59518774926
4014.79440894249,3685.65221356718
4061.06087243328,5317.34829982543
2960.92846748039,3937.53059579189
4274.08303973497,5473.23769414969
3894.171753219,5682.94683637487
3896.74388471273,1877.94812580796
3169.87682603721,3009.1271531295
4472.85442755214,4892.07643012248
4135.41039262806,3540.56085095641
3844.93119053295,4888.60986276709
3930.58207602969,5032.79166373094
4129.67525371557,4954.76176123554
1968.16322901778,2843.91718334203
3400.95930660788,5551.72258889617
4833.20776426143,5949.65855798232
3881.7306749472,1786.61942563911
4077.4073614586,6425.51068150111
4170.30232083366,5989.55410529218
7377.19013164477,656.008821489981
3734.72826976777,3921.84478022125
3740.41700714795,1666.9887063166
4594.73769946716,4972.72084664061
4234.00193603649,4223.5080255329
4241.02632792118,6080.03032927312
3747.34193299375,5575.36442603203
4236.346777526,4556.03040142049
3858.3818266675,4867.58211679871
4448.73438647464,7067.3115029325
3791.01258465392,1252.17383556646
2280.09019895641,1440.34368268223
3898.29992286877,5292.85398650166
4070.3398723926,4706.8049386173
3723.94520665197,2373.40720164861
3195.07994549907,697.552817142613
4139.16459487833,4794.43957530522
3468.75807544392,4692.31284342288
3261.37016716607,3235.54478635215
3954.41825930805,4292.27443802408
4405.28978894864,5552.85922381338
5360.6517026829,4923.50430101228
5835.48043777291,6174.99643031914
3853.53502800897,5672.09214205762
4585.76766302672,5044.95382648718
4055.21034153073,7637.90180851651
2546.69329989532,2509.06466358863
4754.57820816672,5562.74769387995
3703.91975783868,5470.0552855236
3764.6186569025,3485.03615067967
4224.09654796754,5496.3116366822
3700.86977907967,4053.29694668075
4074.60383033569,5355.19849628166
4038.94725989168,5760.23801074513
5014.51273391305,6317.13245757411
3755.38176780735,4304.94783277992
2561.69101600201,2781.85704371895
3867.21229828961,6373.68004470529
3022.90816609204,1082.07639906327
4224.65105127231,5161.79972683424
4814.67634442005,6434.83083410907
3853.96633740179,6197.61538060057
3915.84316939684,4391.04792775855
5045.79843079999,4346.83291405015
4504.27277589247,6191.13639243037
4213.84675706405,5360.2562679501
4978.17288654717,6523.09045085936
4540.42600515834,7585.90076105416
3926.36712810691,6174.08686867223
4626.79927606414,5747.73502665583
4760.22575461928,7613.40749519274
4354.37595817131,4976.24407659976
3588.80477779111,7535.20718203081
4063.58547820479,5847.70223676652
5305.59095229499,1573.89828545437
8331.26251431865,1249.50265893996
2130.07535042496,863.04683994558
3731.88350628761,5076.89335223182
4225.50791742289,2439.38890087815
3663.11927074111,4172.92777171707
4744.23795491272,6488.19601261417
3738.84954837734,2212.45982422829
3872.88520863899,4717.31881160149
3863.08640689542,4004.59205590726
4012.00514364974,5215.73322279794
3615.94623528181,2352.37945568023
3871.83777390834,6086.56598004708
4179.90800631254,5905.95477627351
3894.84736507799,4427.98856256787
4305.44862461658,5157.19652456164
3413.73931141508,3875.92481413703
4190.15449374119,4616.32871463636
2604.96765736641,1684.54967350197
3931.51847565629,6602.93905379334
4325.47340400821,4947.37363427368
4090.55488643877,6210.45918602293
2872.51679622054,4769.49026973037
5177.61963254379,2441.66217071257
3720.50913071299,345.593820314327
4330.1579074459,7016.27667972084
4392.34159516362,3123.75686910115
4102.20899015686,7404.43750394794
4729.78962144503,5412.88271833005
3369.25789786831,5461.9284304366
3543.62445514817,5972.84582572235
4227.51075115881,6045.87461915307
2333.60785227562,232.612314829376
4809.68101715457,5097.75068753367
4663.38911482136,4826.77658498668
4081.85654537026,4844.67858493274
3462.24864853547,5235.16976445327
4093.74750450052,4105.29799414309
4425.019452677,5035.69033648297
3974.96664643105,5355.19849628166
3521.80573246661,682.662920869929
3822.51985119563,3949.7494211519
4364.42920174062,4567.05592925952
2667.99107669143,1426.41990494641
4405.11159308963,3296.46850248563
4067.66644322077,3227.92937469237
3951.29732459777,5463.0079798948
4337.97462907427,4312.10846361624
4132.46382581758,5388.04716081797
3734.62695404377,1376.23745220884
4280.47168565504,6602.4844843975
3505.74898392519,4940.9517315625
3895.40228965824,5477.32966442269
4285.433589963,4392.41163594605
8471.17452282857,1370.04283419558
3954.7795603449,4118.48262089852
3861.19973853484,4827.4019879043
4312.44237793518,7080.26905641764
3325.30435024234,1593.33472139589
4298.58172453602,6424.48779464667
4623.5632936674,5439.08198402964
3726.14063076667,6871.01448358829
3637.38116584892,1541.95886542354
4016.56028580186,4562.96395898652
4044.6517098191,4044.94259546821
2394.22444411063,3149.89947219697
3335.84881000818,5668.73889990975
8274.40363139089,3425.36281752616
3873.03502081428,3970.89091518305
4341.70166508328,6303.89074535967
3591.25187707734,5110.13992356021
4282.95573505575,6309.85807867502
4390.087236497,6565.54384958819
3389.94327848763,4653.78100430052
3856.43692800539,6970.0154694483
3788.04377500323,3905.53440744349
9078.17223572763,2463.59926690024
4150.74720522473,5517.79395204641
3626.57639183986,687.720903965987
3931.7624706932,4740.22192061222
4897.70048843719,5141.56779445
4383.32984359274,4505.9618024595
3761.85175896124,5989.66785335495
3943.7045502752,4196.85376758223
3793.74549977116,4098.76234336914
4066.66215193612,4712.09020641128
3897.10578113432,3915.82078430214
2773.86506305931,2600.50690039262
4402.97767867586,5763.19334610093
3969.17625983617,6009.61604986514
4010.56101403993,1435.28569958617
4135.0542743557,6021.37988297405
3497.17921867195,5732.22004460696
3778.86800826316,4562.73646286098
3794.09159476572,1499.16453964783
4265.08578394531,6750.4745197603
3323.38186030488,1904.77279442516
3488.41236840293,3854.95415362766
4103.53041313587,2578.39939353842
4487.22389400763,2160.79980952664
6423.10841782964,1187.84021468134
4248.64514405726,6057.695537721
3919.41894057751,6865.67255319055
4450.88899434701,4668.10268882841
4507.77890731041,4836.49506724198
3728.28969081751,3618.98866024388
3827.61374452556,4879.7438566997
4281.26888230372,6520.6467703584
3961.47302584471,4572.6253557828
2300.79372140651,1789.51788696352
4123.46330123879,6849.53216822408
4176.29055975297,5288.59160556213
4109.73609500739,5944.0887086038
7568.43368179533,1776.50345944699
3889.9239853748,4832.51684503174
3840.23442068605,4630.25249237218
3329.26560094842,5420.89582535428
4216.37687332157,5956.3075339638
4622.09273640383,5787.11976482134
4306.23689160186,7154.15032603627
4498.39959730752,3365.40532564335
2631.29803477456,5396.17401590497
4878.91742000034,5822.58252052513
4048.66995382627,6361.74537807459
4655.52152075036,4919.35566813551
3718.27404899322,3690.02834256949
4472.61663004566,4963.40027117739
3671.64618097299,5542.51576149572
5025.54565361189,4076.65462508731
4238.166701019,4079.89411917241
3297.56478877196,4771.36563277271
8791.00617496887,2255.70882511364
4796.49339058352,7229.73654803071
4000.63232406002,8582.90041696883
2560.22691176584,1528.20560406806
3904.04897651005,6180.16795005035
3834.62793744803,6383.68226283464
4822.05999577196,6870.44616612968
3579.15734463398,2030.54136344336
4451.59942988597,6680.34397622637
4241.11157621342,6662.49906173932
2683.26997525096,2565.15746989635
4838.83058381714,7537.36712665771
2741.03079329659,1601.40491387913
1780.62128422156,672.092173854354
2918.09062721008,4398.94728672001
4423.24077093455,6057.4113789917
9089.13204950531,4669.29598634938
4921.83531257376,5008.58150913647
3819.25146503125,6614.64664715375
7800.73349619605,1002.51195485859
4109.04372946688,2327.82826832507
3830.34013169397,3797.26993157927
3707.30082098757,4118.19846216922
3829.90084460625,2212.85751959274
3414.61482345829,881.915011285404
2438.28299462074,4024.08526016636
4016.65146728616,6334.52280266532
4335.77029974325,4932.14281095412
4022.29257616905,3640.86888240017
4791.17910454641,5711.41979476413
3352.52158776416,6424.77195337597
3835.21071623824,4952.03392200529
4082.35936853488,5377.02163297894
4229.36752355699,4223.90550946972
3873.28449408204,1457.67736516968
4046.52372982854,5047.2270963216
5046.98121575108,5057.79763190955
3888.12630316502,4942.77043200108
3923.14299834413,5135.20255434258
8134.52598441348,4572.85242905309
3517.22213329153,6931.5402929297
3517.00329232615,3377.05583354475
4085.97193622888,5201.69569699935
2209.39109282713,3214.06247098793
3163.12536598865,4883.72207890994
4801.4626520745,6119.35798197963
3375.85739472669,5853.0445900195
4026.13321139954,6331.45414210201
3710.06560846037,5723.24071333206
3626.29869185474,716.307293276573
3792.95080055698,4131.0993530506
3564.25503598317,6573.55737946767
4602.64484499099,5532.51354336637
4170.19868570595,7277.9302068046
4419.80638490861,5739.09693956923
3726.16701466774,4718.68294264424
4070.92986354761,5350.87902988312
3101.48444177294,4572.0570383242
903.842757769515,1873.62887083704
4113.88693000714,5773.65055648136
3843.66081054316,5275.06573461838
3797.18512988102,1918.98073089028
4580.3546910855,2123.97271135247
4117.01057496255,4481.86497307256
4055.763996652,2966.84437649483
3439.36206913545,5534.61597967901
4095.57438223832,6757.69223605563
4375.17867921669,4323.87271958041
8912.40093205682,3347.73061039522
4540.11977581126,4944.36163631412
4433.68164222617,3781.47036794585
3367.17618043582,6360.38124703184
4062.97661348691,4879.06179117833
2666.99223504434,1105.88885829328
4115.1146760731,4908.95554321409
3505.16408772305,4788.3584939271
4270.7814996551,5016.48129095318
4015.10070723185,5448.51588470038
3988.89002241346,3269.98486662912
3516.42481776426,1140.10165387234
3497.30904305207,5114.00439770767
3331.45602596079,4448.05008428557
3291.85693151405,3945.60078827513
3864.9027921708,5569.17001944639
3660.23382846347,5674.08125316274
5255.77410974641,5067.85693549791
4667.71581943491,6339.580997189
3427.276579433,5222.09846290536
3775.7768158724,4979.54065614386
3742.20837740545,5586.44661647482
4185.6766579932,4330.01046356229
3600.34254227365,4274.54284874456
8543.27851817201,2369.20169474045
4100.48564897262,5989.49744268842
3509.88960505678,3023.33508959462
4188.32340577375,6651.24603777475
3772.27359728873,4931.17658670344
4454.42411866452,3784.70986203095
4227.85502044982,6201.3094440815
7549.31427138125,2232.57821997738
3513.46012725786,4753.17947409736
3812.3526464841,6007.34278003072
4506.72906831215,4205.43519206506
4503.65568418885,3603.18951946572
4098.33604487169,5112.18569726908
4073.24208693793,5321.72442882774
4459.62946460451,5290.41030600071
4574.14772014543,5480.28499977849
3556.65254893775,614.066971902181
4452.61412742519,6703.13376002957
3230.53434527718,1517.46434067214
4339.38555890339,6189.31769199178
4173.91282030958,2755.60069256036
3471.07330703717,1482.45604865037
3509.67230677126,809.170376583985
4716.29062882275,5510.68998381385
4178.9769256306,5301.37874838074
3454.55360648158,5715.73883830742
3593.21295523758,2487.01381933819
8481.28724346536,2283.27222185598
4486.91988283116,8428.2047430208
4185.89740287218,5920.21937534239
4420.411920915,5536.7188388469
3302.87817583637,1681.5375698286
4351.01572043931,4986.47379085464
3703.59295472537,5187.65817120076
4260.77402912824,5627.87712834921
4576.84361361186,6822.25293021104
4115.02973080442,8746.68917025455
4155.6106800948,2854.94271118106
3502.56005237728,1534.85489719098
4094.40590445872,5332.29496441569
3845.11421687833,4539.66294318372
3671.74123697787,6075.48378960429
1660.66863951032,5230.11156992959
3833.0098995898,1277.97540590159
5203.55779832933,7014.23048315671
4526.72378537176,5292.56982777236
4147.26189440759,3468.21391161944
3836.01697882986,6789.46092827849
3840.5299175303,1190.5681596254
4393.06899810298,5630.26414624641
4390.05357756602,2201.49117042064
3889.378608422,3479.1256913957
4915.92140510373,7291.00150835252
4143.35644098633,5325.93014716351
3424.35356430882,1582.93459647447
3426.29517562109,2383.86420060141
3648.34687008038,4727.32102973084
3826.20623204021,4766.87617856288
4894.2814789374,5444.36725182361
5886.59214814831,3461.73513487687
8325.63862234143,3427.8633720585
4698.32732829873,6183.86201353128
3411.26662383084,4602.17786363025
3781.56886388765,6630.27537726538
4210.41029695412,3350.7428197824
3597.98349002604,5959.94493484097
3993.78651546332,5088.25970140392
3145.22533718774,4573.30742130418
4165.64203691415,6835.26756915519
1844.42467610547,3740.94941771838
3705.21821998086,2102.6039326234
3776.2951294955,2586.58312265681
3520.36064251951,3842.67824280864
8655.58975397956,1539.85611196946
2683.87586394433,444.19692581072
3902.28652177831,5751.99740759536
4940.87081035233,7704.33828856951
8682.82940887032,224.201221727715
2970.58700360318,2442.91255369255
2830.37425023009,1703.19050728697
3931.39086554453,6439.94569123652
4377.301130319,4715.95468055874
3935.77581902227,6079.74617054382
4555.06244895915,5689.3120764823
8286.82093839467,316.268650021699
3825.26973025821,1436.6496192013
4236.18422353511,2605.45134685354
4621.69532932131,5835.36966334374
3400.78052987188,2984.00743688812
4547.72015823021,4575.01237367999
4229.58687912746,6926.02752901019
4660.80689581346,5880.26674257352
4727.61235662072,5618.10198349016
3967.27581461586,4514.0886575465
4020.93285718355,4491.41262180607
3146.51787541795,5588.66322370548
3379.87322270549,6675.96784722406
4433.59367004147,3368.58794569706
4094.61810118292,5912.32001638094
4123.38816391767,1588.21986426845
4032.52742155434,3861.54646700538
4234.42032984718,4715.89801795498
4796.43557405086,6696.76851992215
4296.78404422185,5903.51109577256
3716.40781681838,5224.03048855147
4651.58204854607,7745.25714558906
3945.66238423077,3321.47447066425
4157.85629972703,5501.93772580923
4152.01812097909,6180.28169811312
4748.44643443999,6455.85858007745
4835.34403654413,5600.48414227341
4277.72261889088,3109.15102584395
3533.60794193521,6572.93197655005
5250.48446547995,1776.95802884283
4374.25351001866,5250.62808389837
2787.42578052819,1124.41604972933
4682.77324212384,7170.85902846135
4058.63030066666,6061.2191905354
3710.7396743071,4987.09919377226
3653.80805700036,6092.47665075867
4272.91766423826,5572.57992419801
3152.80618426995,953.409368720655
4461.91379712371,5994.4985517531
1747.36370427774,356.164540901449
3800.859745508,5943.91829793727
4227.59019980824,4218.90440040505
8226.46744077384,3032.88273832814
4175.96521206811,6834.86966236312
4003.03499051577,4765.22788879083
2908.78615267668,3183.71436098396
8307.83623542904,3255.37902337193
2464.9096782986,1779.57233143793
5108.3847939084,8437.80863150282
3772.48607998414,4993.23693775414
4288.16706579513,5600.31373160688
3896.28429786696,563.827750847038
3568.83927632569,7159.89016322608
3717.96070009692,6365.89401095136
3988.5998453126,5392.02538302821
3348.23980853196,1214.94904202784
3347.75086512916,269.3824596868
4422.907076989,4278.06650155896
4285.22061817686,3611.71428134479
4443.84049113488,4656.79300226008
3830.27203896814,3718.21671937418
4058.0378819095,5978.64274837117
3084.46962153321,1563.83908757983
4524.45710945914,6636.29937318449
4668.076333053,5909.36468102514
4000.47063291533,5036.03115781603
5104.81579399129,6734.61829352313
4786.54179442935,4695.32484138243
3754.81771596758,3314.82507182752
4058.11506171595,6378.62449116621
4471.21946085947,5719.20582851806
3893.15722594879,5075.47255858531
3600.73545196922,5196.69458793467
4740.34655479178,5897.7708357275
3799.61328170259,6278.77102911829
4243.93688338356,6583.38918693048
4150.49215860713,4786.08522409268
3471.83219550619,5609.06556675624
2757.52845366709,278.134559120695
4073.5113929349,5613.61210642508
2242.35656248045,168.847103902449
3648.26657306367,6123.50661485639
8405.60309752687,3160.29959711839
3847.54697458277,2419.49778982698
3533.48144906932,3433.1488512801
4681.17102036573,3804.31681435282
3338.36946136761,1802.19149314698
5270.37121256297,6357.53965973882
3308.28685625,3222.3030741377
4659.30611032889,7556.85990806156
4091.79352268612,2997.30623456157
4352.28373109618,7063.84451272186
4436.59527076146,6361.06331255322
3922.09273994891,2130.73564682434
4075.88997348481,5985.80337920749
8065.59337026671,4018.85665497614
4515.88275215881,6541.27660953471
4568.60964645254,2231.49845909155
4290.25178460346,389.013284723118
3569.09361497777,5785.98312990413
3646.83014719927,4854.16957106249
4342.10003144389,5085.53186217367
3595.3019444695,894.758922421586
3763.68823356758,4277.66859476689
4436.95004253052,4937.08725741503
3386.88660829629,5648.39321946275
3566.48700256058,3684.4018305872
4142.64526650255,6254.61753712758
3105.28655066146,1396.29907964036
4093.21068910672,5707.10032836558
4192.97953557743,4244.47868604227
3828.23122136131,5588.20865430965
3262.06266594255,6782.52737071246
4429.34008267203,5938.74677820606
3910.94107312132,2971.5613268302
5038.52053203773,2234.39692041596
2849.33517952984,1267.80256567809
4227.22098794178,2242.63752356573
3786.60723191263,2766.22831360732
4428.54863070691,4450.26669151623
3991.36284875697,6542.24283378539
4582.11195916044,4419.91837008463
4430.29017131013,5678.57113022782
4038.95261083058,5691.75575698325
4107.58185526824,5021.70947328814
1695.59543506954,1803.95310812656
4026.23085331196,128.667067507623
4027.1348728739,4929.64204499416
3704.43930851403,6448.5275385746
3977.36374757116,5729.49220537671
4147.2569286646,5209.14090942022
3632.93758746789,6098.10273988571
7586.16278291585,710.965098594306
4574.45471446394,3823.35544921608
4797.99793706868,4771.8206250238
3729.33526591046,3634.95821168858
3324.38078928287,436.922441197815
3914.31626256789,5188.39732218114
4672.51569171047,4168.38123204823
4564.56710371435,6937.39387818228
2273.74389440262,737.505555625296
3460.16581636836,2529.63762873355
4409.27384581606,5682.03769758321
3533.67880790683,2025.54025437868
4447.57976323408,3292.09237348333
3261.73540383321,109.401108303764
3660.03988592658,2486.90028270304
1418.39764282438,1257.45910336043
4337.39935807638,1972.45923460289
4426.8170180635,3118.86929667162
4426.99864171058,3776.01468948535
3778.91449813552,4953.05680885973
4591.71031214209,6933.18858270176
2205.02355116557,2446.2655844128
3995.05670558967,5067.06154476901
4035.34978646974,5027.39264787419
4506.25640402582,6178.69049380008
3894.10640200915,6070.59642860238
4404.7071102816,3603.1324340067
3813.69600923072,1802.93022127212
4351.71606064983,6501.26731416208
3367.1569043196,1188.52228020271
3928.58236323729,7039.17978873156
2259.07225252203,994.555510438121
4638.02497187416,7407.90407130333
4609.23315473848,3092.66981954441
3454.65836016988,4111.89030752081
4110.82815370552,4478.22757219539
4050.72001855876,701.531039352847
4843.35731898825,6807.07876949524
4139.99833833165,3627.68383278948
3246.05234776562,1896.36156918123
4252.60575482523,6446.59509007325
4035.22483088946,2369.03128407392
3870.95730766476,4164.34592437898
4236.05049326908,6697.05267865145
4173.84945401871,4979.02900128902
771.475697162421,4678.10490695776
6519.06489010538,2987.13318291045
2796.52632247039,2997.07873843603
8504.60881429253,3185.13515463047
3294.74212271298,6419.42960012298
4192.72501738578,5088.03220527838
3356.90143552152,4037.83862723565
4786.38924451375,6481.66036184021
3505.26545137164,1433.12607210071
4107.0011916997,5962.44570080093
3605.04672648902,4483.79742157392
3025.40050794101,998.988407758001
3160.82486439376,5623.04642995107
4748.15434685709,6625.55842693001
3781.66802739795,61.8329383399618
3688.19175690016,4208.0497060878
4765.49776059526,6893.46302320318
4132.91068149818,6629.42290107747
4192.43103252438,6207.16302933408
3503.2884231345,4618.82948059632
7683.41158521112,806.442431639919
1925.63622926841,2421.54377496349
4012.87281609485,6452.50576078484
4035.39404816299,3772.37728860818
3244.56306412555,3113.64069148141
3616.96199842779,3382.56859746427
4490.0265080778,5687.77753477301
4225.44197624839,1392.09357273221
3705.32619736902,5197.60372672634
4034.2142154783,6149.93337668152
4066.56946845473,3408.0860090701
3680.54959479182,3546.24402554246
3730.56629309165,6683.41305964493
3661.17398815037,6633.51487135048
2662.13536275353,3485.77487880481
3767.42080299899,8576.4780914024
3643.39498928823,5470.50985491943
3208.08218434053,2079.3029168206
4597.07318064357,6982.80261226691
3972.88683191681,3653.94018394808
4557.96678687806,5238.35217307936
4951.12731943119,7325.49803980563
4742.658013691,5281.77179605887
3973.36826331697,3505.43870515806
3808.10550004863,4451.68748516274
4036.00795620583,7447.91378953121
4028.38099807185,5844.80398686973
3903.31677936367,4817.17227364941
3705.37745362137,2467.52061507909
3907.43477071371,639.016118906315
1499.01028713107,2426.43134739301
3773.01187152874,4398.43605472042
7899.66228228813,7331.18121439168
8739.56131258431,4736.69826779782
4062.81502639585,5000.28424338294
3859.42332758962,6373.85045537183
3087.83365838347,4136.78252763665
5089.66570248946,5035.2924296909
4104.56594002889,4827.79989469637
3968.74333059833,7128.00772294045
3298.3956564783,4951.40894194293
3374.85800000746,2743.04083443967
4031.47008418202,1867.26384215724
3997.81100149529,5584.05959857763
4407.0512401591,6849.4184201613
4056.83626861883,5478.86420613198
3875.21922303871,7685.98214208288
4158.31605037269,4962.54779498948
4066.16195585814,5233.29440141093
3755.73537215723,5197.83122285188
4000.57307665531,5697.60976509108
4629.41100369038,6489.73055432345
3464.90429222284,5289.7849030831
3819.24421206391,2927.63047185109
3359.93211297721,1680.17365021347
4270.27605547887,2705.81604090105
3788.28918898532,5596.79007879248
3362.67174894471,7319.47404388652
4019.49536629462,4044.43094061336
4468.15836463386,5506.88217227014
4099.39112750525,4459.13227472836
4324.11226933901,6011.71848617777
3508.57176496481,3322.49735751869
7931.86540882074,3882.23339164069
3630.80044968362,4890.8260471425
4321.84343343424,4578.13811970232
4060.23335723216,4563.87309777819
3170.55671076968,1756.95338115651
4265.29330383732,6656.36089490219
4412.13751106931,5165.66462383695
3993.67573701949,5969.37883551171
4519.04378228215,6544.74359974535
4252.11546421501,4465.21335610649
3961.99285727766,6724.78648606031
4115.15560388863,4281.36265824782
5050.54302698256,5973.98246063956
2183.43448673932,6746.9508669459
4762.36498425783,5429.13642850405
4498.52864961654,3727.2531361081
3639.47040449894,4613.65796086512
4184.42935984239,4797.62198393131
4344.17030060311,2996.85145373811
3514.41904942522,4743.85932148939
3609.00127419834,5374.63461508175
4654.48272706285,3347.5033256973
4079.09671570357,4638.26602225166
4012.8987172213,5950.28353804469
4619.50240519004,5353.03855165476
4161.79724554777,1043.43081187814
3850.61152884048,5877.48224073951
4270.13698336591,6224.55337442528
4295.35145999665,5832.75557217626
3699.10099531658,5892.99722278837
3792.01814179053,6691.937821524
3963.73418118642,4435.37668952973
5772.64878190377,5871.40115936139
3986.54540431065,6480.523726923
3786.16718909809,5328.37382766446
3362.30503572304,5699.65553879996
4331.09302631065,5319.73531772262
4248.80567018705,6119.35798197963
4470.51837534379,6754.5094045743
1488.19209082394,911.6380355132
3796.86313437289,2836.75655250571
4799.66653759331,6938.41718789197
4105.72209673727,3548.46020991787
4760.47562180909,6614.02124423613
4121.62659312278,6075.5408750633
8511.37517193246,3167.85813474678
3741.68717069432,3106.99150407231
4070.17671474077,5109.45785803883
2006.65784728794,178.281176358134
4561.41753689494,5460.33722612356
1451.69640103891,3656.2134537825
2000.16174980398,2115.90273029685
4034.70799618319,4421.3958263349
4282.56350101103,5134.80464755051
3989.42905926764,4890.93979520527
4003.19934349824,3830.45941744864
4139.70361252357,4854.16957106249
3812.71032686822,4468.22535406604
4066.03267874677,5453.8015753496
4405.21333845114,6044.9083949024
3368.93500723521,4341.945130193
3354.14669944361,5167.19874269098
4184.27376038186,5152.53623683003
4264.03310929844,4998.35179488159
9040.6195540863,678.400539930393
3817.07535170909,5170.55198483885
8375.13576201306,2288.89852241064
7689.59423545665,139.180940491812
4575.95768584489,6548.72182195559
8819.08388846815,4022.20989712401
3511.53783481289,4736.47119452752
4738.08660576236,7287.07994874604
4272.47382909406,4403.15300505579
4202.38394670544,6171.18861877544
4675.87254435295,4363.82535234928
1605.70049832478,760.23825396949
8380.33807457732,1119.18755025292
4376.59976011907,4389.62713411204
3267.26403543512,2307.99403130529
3623.59116788459,2354.59585148326
2375.49493305889,248.979878779958
3622.70262939571,2647.73412348821
4229.21755978969,3990.89535144174
4872.06011548069,4228.22497586827
3770.78664366168,1232.5100092132
4247.17806724742,5855.43118506144
8616.07966566788,3426.44257841199
4211.12950576947,5376.90788491617
4099.20497269809,6038.77065092051
7934.99870191963,2818.05873897551
4344.75694874981,4421.6799850642
4429.96968974431,6859.9893786045
8897.87386040643,5591.78896972781
3318.20050333647,2406.76752103976
4218.43872023579,4947.77154106575
4040.83773086328,6142.54524971966
2937.01211871021,4782.50490867452
3666.91365268915,8312.66546540223
4217.38986381897,4849.56636878989
4512.13097933537,5388.61547827658
4175.80141310504,6489.10515140584
4260.14329906108,6244.671981602
3666.39386310695,2919.38986870132
4304.21438930526,4728.51475010706
8434.79484448379,1094.01106569397
4135.11382019783,7074.01756437299
3813.76919810832,5353.66395457238
4190.1869204266,1458.47307304001
3163.69813561834,6583.61626020077
4898.97983624127,5032.22334627233
3435.54442837961,8250.1505449557
4570.33783476124,5585.48039222414
4305.49450450461,6278.03230099315
4748.21200699824,6087.13429750568
4398.83780829264,6694.09734329565
4322.79568545749,2837.09737383877
3847.84731278567,5299.56004794215
4365.76458896922,4787.05144834336
4012.44555513268,6185.05531105225
3982.82979134814,6436.99077873598
3194.07451362531,1689.20985551976
3453.15400464633,6120.32420623031
2694.02438653929,846.736150026383
4010.67856024641,4515.73652446331
3554.861672183,2187.22657135176
7303.42474325781,5144.01147495095
4071.64747281681,4291.59237250271
4764.54807288658,6669.4321964501
4424.51401336549,5538.99210868132
4381.2095572708,5787.34683809163
3614.59051860955,4534.1501792642
4466.87520487695,7154.09366343251
4953.18927070387,3650.87110052951
4671.57707203805,4435.31960407072
1949.8130205823,4151.1608747683
4578.25167723115,6723.53610308033
3986.15729460422,5892.20140920423
4043.10919847934,3619.49989224347
3767.87909661332,5233.74897080676
4342.73220359796,5281.9422067254
4798.93198793649,6690.00537302265
3793.14478218227,1812.19371127633
4027.3942152885,5668.39807857669
2175.33061834636,7246.89939699638
3400.74000393273,669.762082845455
3693.95821149283,5383.89852794121
5081.21968310175,4788.87014878194
2644.58524118744,1403.85772298256
3643.40022145379,6096.28446230237
2078.53797231392,1052.12609013755
4056.15008730208,7049.46616559021
3663.55841413362,5064.44703074628
4080.92439216378,4488.79853063859
4091.73078709861,604.74655500968
3474.19284777129,1580.37716791075
3221.65303810068,2504.34750182563
4469.89798349196,2228.99790455922
2669.35127040866,1010.46839927906
3366.29863085479,6473.87432808628
4211.93162956014,6098.15982534472
3610.885378575,3134.55490081464
2680.04132195502,2040.94148836477
3482.91916024193,3835.40386390955
7499.25375586293,2951.61334174764
3867.90287291858,5378.61283729198
3729.12203248433,3938.89430397939
3890.16477268767,5568.88586071708
4039.90049091359,7340.38761893687
4710.97040141233,7375.79413489216
3936.52185119926,5780.47036598461
4145.09564425319,5318.71243086818
3897.42029018132,6933.92731082689
3978.64048662249,4167.07376360924
2827.00403231297,902.772240873439
4417.56052325314,5675.21788807995
4054.8239516555,758.590122768154
3394.87203527059,2813.91010609874
8809.04846347983,820.138871820914
4136.09002733229,3310.96059768006
3690.08006994371,5558.20115421111
4224.61300059178,4410.42738395488
3496.49417617724,5682.03769758321
5299.26258929288,7466.21327341409
4595.94960610526,6486.94562963419
3949.43303699056,5346.27582761052
4864.39754517286,5582.58214232736
4394.88775587394,6035.01950198057
2719.11674300916,3144.95502573606
4217.56725782866,4692.25618081912
4223.99309967759,3144.27296021468
3514.10170735721,4154.968686312
3870.81114814996,4725.27525602196
3989.47915845362,5708.35071134556
4511.14199100198,4642.24424446189
4405.21262262141,5409.18865484912
3780.55850743536,5967.50347246937
3918.98307034659,4441.28693738607
3389.06451044594,494.379325691383
3555.95302081282,1540.02662834981
7579.06129048858,2422.56666181792
4173.90116745496,5387.76300208867
3625.53734343986,5718.92166978876
3978.14095849785,3939.23554816771
4013.34720387953,1409.82505629791
4712.17101808209,5427.14731739894
3631.624581025,6463.7016992904
3343.44269635597,5540.29915426506
4315.79090429856,5338.14897252352
4861.11051848832,5449.14128761799
3907.9144799203,4156.90113481336
4880.42490958283,9666.28348088094
3167.27975914339,2901.71515345319
4309.69166254218,4427.8748145051
4131.67224995512,1196.02404951354
4416.11586814088,5328.48757572724
3754.39166359583,5657.08839200835
3846.28738861466,5783.59611200694
4237.40789929198,5305.75487738304
3030.87128210959,5244.31950639471
4575.25274520767,6427.72686587651
4770.91851117719,6450.11874288764
4711.72808836722,7709.22564957141
4443.03262405836,6301.10582067041
3962.82857036084,6012.62804782469
3740.46517710142,6122.08582120988
3716.38660328016,1823.0486170212
2541.8007971999,1880.90346116375
4012.88238550023,6317.75743763648
6447.45062948354,1776.73074414491
3956.11349620293,6661.93074428072
3585.39732637769,5882.88125659626
4707.06911838331,8625.29673023865
4459.54499216562,4063.41291287286
3614.70271813829,4917.76446382247
4003.52892703965,1563.15712777226
4358.4319215047,6370.49763607921
4687.82657601779,4806.65840066522
3716.32280000976,3890.07608799839
4166.84115459988,5814.7964867712
4559.58690847799,6339.63765979276
4589.64174471979,5647.88198746316
4565.45955151507,3622.51231305828
3319.64287554217,4829.10694028011
3437.99155058983,4674.12668474752
4548.04471411497,5737.90321919301
4794.8145667139,3130.86083733371
4576.08549604584,5902.88569285495
4511.99680222541,6004.55785534145
3628.32789677687,3199.34309109559
2778.50529808574,2280.60104522949
4404.65158712669,5016.99252295277
3401.40961159566,6052.46693253079
3738.74436962453,4277.21402537106
3220.05139893792,2036.11078996663
4028.59067480855,5867.19544102561
3578.33260195377,5795.41703057487
3968.92307113966,5312.34719076076
3880.61215901159,8268.05254490175
4362.55961648926,6357.93756653089
4569.22197670792,5966.48058561493
4191.16865484165,4356.26681472089
4124.03529160065,5638.27725327063
4214.06632268844,4904.63607681555
3874.21991963797,1002.4550808272
4265.46457807454,5035.80408454574
4456.23144521987,5791.32506030187
3797.32304507874,4956.80795779967
4264.34811721703,6649.71191892072
3428.40020597097,4414.40560616511
4381.31811825697,5868.21832788005
4985.12146378092,6056.04724794895
4192.22046674381,3785.33526494857
4287.85821752084,5941.75877616562
3746.40103906269,5102.12639368073
4372.68229533317,5823.83290350511
4332.03381369985,4002.31878607284
4162.03818231042,6309.34642382018
4537.71045079791,5962.27486727915
4238.9853881635,4391.84331848745
4674.51954665398,5053.93315776209
4445.64065244366,5836.84754244927
3749.96019142451,1590.49313410287
4354.47509886335,6586.7420062231
4544.14508534619,2501.39237789746
3832.65950592413,5278.02064711892
4037.67668717945,806.044630561658
3998.04384312957,4543.92532412326
2708.73249053891,537.969306480518
3743.23304203535,6626.46756572168
5113.36149506878,6270.13251917644
4562.44717707613,8234.63514005159
4781.56282591685,5433.34214683983
4559.64756429538,7237.86382597296
3710.66721255243,5507.50757518776
3830.28593677856,5245.51322677093
3991.45987676292,5690.05080460743
3901.93356014551,6314.06337415555
3810.41032017324,1647.49539634369
4777.91512560497,4908.61429902578
3122.41182444521,1532.01330989795
4234.23182382972,5515.57734481575
4213.68892709654,1782.86869955442
2628.38044436171,1932.2793171361
4865.76524001816,7110.21904820191
3787.43121311292,5582.2413209943
8668.3363473549,4506.24596118881
3732.58398317514,6660.7370239045
5211.18733756104,6240.3529380587
3474.09535083732,464.201679210848
4343.06805978436,6278.03230099315
4196.78539744482,4553.70046898231
4248.80240040377,6009.55896440612
4440.13644216838,2988.55397655696
3763.4509483861,6375.89665193595
3441.43588561596,2795.61019936061
4711.93447526307,5398.44728573939
3441.56170494165,6875.04979125753
3603.516078858,390.320409592219
3600.18767719223,2129.59901190713
4902.5997013665,7054.06979071806
7371.03983776565,2331.18129904532
4515.84868114905,6709.32816661521
3225.43359076605,2114.14090388965
4343.79457694479,5701.41715377953
2188.50850541259,1545.48241252413
4764.27816055137,5840.25744720089
4747.7806509751,5604.97401933849
3412.82827253005,3467.70246819222
4175.4775820268,6771.10435893661
3472.95410244832,2959.79728229365
3763.6113838617,5956.87585142241
6609.62023675655,4311.14223936556
4580.07749359664,6713.30638882545
5144.11444702868,6346.57121735879
3997.6462859441,3234.57877352909
4662.3156410007,3185.64659805769
4393.13237050457,5078.42789394111
4580.68233702081,4286.64792604179
3856.01534287578,1223.92837330275
4621.63866860738,4545.45986583254
3810.51487982261,5464.54252160408
3766.431591469,6200.68404116388
4367.17693246163,4294.5477078585
4054.89485185131,5911.41045473402
3698.04796254361,5152.02500483043
3524.63418142324,6692.22198025331
4052.66449676273,6414.31474299554
3916.47061936235,4323.70230891388
8868.70871767308,4021.24367287334
4831.76681160982,5771.71810798
4202.47911023325,5724.77525504134
4594.30080123876,5543.7661444757
4201.49272009416,6418.179217143
4061.11112171845,4856.27243023037
3826.75351710548,6648.0069665449
4214.9328455069,5312.5746868863
3823.43429488609,6494.22000853328
4383.01293950874,5855.20411179115
4345.16296365053,5418.11090066502
4484.95434978196,4847.23601349646
4420.87896629655,2507.4165852442
3250.09911355825,4013.4576391194
3668.90798822306,5768.93360614599
4765.48712496392,3338.01233956755
3331.09675624324,4478.00049892509
4670.84263458658,4174.06440663428
3942.52109217238,6173.68896188015
3157.80508993926,269.496128464211
3086.73909250942,360.426921840985
4349.85228006176,5429.07976590029
4246.98751440159,5057.34306251372
4178.07697323862,5465.79290458406
4240.30460917067,6875.61810871614
5262.82538424254,3841.76910401698
3607.57000149389,5073.48344748019
4301.91589142507,5867.42293715115
3732.05072501369,6121.74499987682
8361.06120686646,867.650200788898
2486.35488277229,2544.18659795936
4429.42046706429,5743.87055250836
3626.40195814923,3557.72412277733
3690.61479238211,5503.75642624782
3660.0926012128,5387.53550596313
4127.3703221487,4368.03107068506
3583.56309147156,140.147085457131
4493.0324532043,5818.49055025213
4491.67030008188,6299.23045762806
4499.84954899621,2087.94142676244
3062.30255434304,6004.89867667451
3317.62810405552,5328.31674220545
4443.95603616087,7313.1658892381
3904.49808287516,1769.45636524582
4454.8533285089,6289.51239822802
3726.76716023656,3442.29859322154
3346.1202036785,973.414122120783
8641.83147474348,1999.17015515732
3300.32539259005,1398.40183309443
3803.21170988036,3368.98564106151
4518.82443517874,6374.36211022667
4457.12473258978,7513.49779339631
3962.24739661114,5932.55194876517
4566.4767904836,5311.43805196909
4104.67271632633,1076.73425723791
3809.6330009516,6500.92649282902
4491.42014245779,6903.5789893953
3018.03429978708,1661.87384918916
3823.73832734044,2929.39229825829
4030.78672027569,6693.69943650358
4399.84666548844,6822.48042633659
3863.92620033993,5874.12899859164
4033.88136012933,4683.56058541826
4565.87027437723,4708.39614293035
3114.98360613289,1578.33118277425
4273.39582017435,6364.35946924207
3965.05793096811,2026.10857183729
3402.28796445845,4778.18544227597
4128.01452916489,5406.00582336779
3891.1808394453,6358.39213592672
2096.13260461642,323.088459524957
4231.03568910961,5934.5981453293
3039.22298788362,6285.6475012253
4635.24124543467,6673.80832545241
3646.01881412633,5305.41363319473
4610.26588177,4561.31566921446
4199.55698832309,4869.57122790383
3556.64253895998,5177.48554240488
4302.21008328253,6364.13239597178
4475.7695906018,5395.7761091129
4205.00974514454,3261.23282005213
4172.89851807857,6314.68877707316
3949.62139567025,3963.10488142911
4631.43088151039,6931.93819972178
3866.52612743012,1919.88986968194
3209.77215950078,4255.5042138813
3755.86068486494,5845.03106014002
4105.4641258293,5756.08937786836
4529.92467801358,5318.93950413847
3185.69604400476,2396.19677402418
6016.04323021051,2963.94591517042
8448.41531638664,6050.87572821775
4507.78759304952,5115.36852875042
3491.92278187935,3946.62367512957
8482.46277849837,6214.15324950387
4135.14338008973,6043.65801192241
3976.64247598726,4228.05456520174
3799.85879493266,5383.67103181567
5294.8171678491,4605.24652419357
4418.76544412618,5209.99338560813
3478.40578971853,6686.93671245933
3974.67762907117,5999.84090500608
1831.48540607643,4633.20782772798
4310.044193575,5313.31341501144
4024.95332108005,8063.74241853331
3908.69150679028,5613.04378896648
4320.4365803702,5564.85055304784
4445.41841042784,4114.44773608453
3981.71294558615,5921.52684378138
3492.47478595285,4163.66385885761
3930.60995336128,3451.56229465337
8395.00556223965,2666.88629498662
4063.70443662538,4186.56739072358
4222.99739014321,5305.58404386126
3842.48025297715,2525.48899585679
4401.96530073814,6497.17534388908
4169.45392779302,6037.0656985447
3759.69391982041,5323.08855987049
4092.91313365778,3284.13592906286
4007.23561517828,4358.93799134738
3565.08980909333,1393.62800872768
4113.00206809722,1890.73526862657
3591.10336149681,5229.77074859652
3974.77495367087,4740.10817254945
4610.6505983799,5970.91337722099
7739.41132802282,6441.93480234163
4152.8179681459,4419.69087395909
3942.32592323014,5554.22293200088
3548.84753030903,2623.80791619542
4014.1773942815,3363.75724729892
4360.56402309432,6702.28128384166
4136.65457816357,4788.9268113857
7909.89126824603,1572.9321669175
3582.48310174499,6556.67826637605
4485.47889280182,3032.99648639091
3921.85277221958,3323.80440310243
4820.92877758542,6394.25322127784
3835.32106567925,5549.79014039481
3891.25585590951,2376.70356976509
1749.05558099588,1125.66632699549
3945.10630381836,2585.16232901029
4498.07823824841,5303.14036336031
4172.65430947454,5692.89239190046
4978.52931277115,6861.29642418825
3617.12476283553,3485.26343537759
3582.94233174687,4993.0094416286
3887.02303675605,5600.42747966965
4058.90992082637,1671.0805708758
4439.49461441852,5036.59947527464
4521.76735231015,6840.49575149016
2992.00586771744,7655.51964973326
3343.41548776142,4386.21722936041
3129.96512265549,2815.21715168248
3946.16641871566,4033.2350021078
3545.98226431469,5619.1248703446
4138.88014179048,3927.98294705838
4400.72462923883,6304.79988415134
4048.34315546133,5132.02014571649
3439.50517499264,6344.98001304575
4250.56926765803,6293.20646170895
4199.54242057606,5571.38620382179
4217.65697355637,5393.27576600819
4366.04682767225,6643.00543462498
3814.46530944222,5244.77407579054
3701.77237174198,5427.488138732
4799.11881151241,6319.46239001229
4217.51251098335,6123.10870806432
4697.12654135717,5917.49153611214
8908.26674686784,3814.31945533741
4055.85801870988,4879.40303536664
4036.25851851231,3483.72910509593
4006.62861001529,2650.57571078124
4145.91858943553,5447.55008330495
4002.18671089019,4379.11326112785
2222.3895455338,3378.24934249335
4120.42119493744,3907.86433988167
3967.15071306739,5900.66950847954
8487.12365734428,718.864721840295
4383.5277111551,6271.7808089485
4634.62744631891,6320.54236232574
2552.10032373086,1332.13608084939
4313.66047310882,6264.84725138247
3904.57897996374,5128.38274483932
3383.63823797138,5223.6896672184
3503.87786413368,4824.38998994474
4505.61156502665,3852.79420900076
3668.92907339042,5332.57912314499
4472.42354124056,4359.90421559806
4387.6941380196,1465.40652489223
4001.78409582565,1995.81712443708
3976.04082756047,4689.52791873361
3891.01430006415,3930.76744889239
3502.11314390439,213.971507472828
4258.39170502385,4875.59522382294
4137.98765799965,5649.81401310926
3684.08839527132,2680.69653608729
4397.26398287583,5549.10807487343
2185.51676013278,486.252417747478
4073.0075712538,3003.15981981415
3897.3125712414,6065.59531953771
3726.39836430191,5677.88906470644
4079.47405595484,5787.80140748747
3733.86318368906,5126.1094750049
8217.16321427773,8327.27088580418
4720.20782188449,7327.37382570323
4105.79178694397,5130.82642534027
3775.87958288057,4963.96858863599
8279.71078059557,2019.23188830265
3663.67840636128,1179.37232683365
4170.13317337179,5613.44169575855
3038.30529553687,3207.24266148467
4161.80414874322,4770.34274591827
4219.70321464346,6181.36124757132
4598.83756485547,2656.37242200243
3350.66096160142,3310.7899755859
3870.27913007743,4975.22118974532
4327.09840200008,6530.87648461329
4287.58047247523,5916.80947059076
3842.05846759637,4855.8745234383
3434.76851032854,6096.11362878059
2503.16549762485,3296.92307188147
3656.96559593995,5374.29379374869
3606.11377532355,5930.44908959728
4849.0928141985,6870.38950352592
4048.02363639773,3622.73938632857
3849.88170036335,3787.83560805328
4320.76052787038,988.076733695551
4830.86988341006,6699.61010721517
8472.06919577545,908.910090569134
3181.71832145051,2108.62813997014
4273.82391664563,5483.92240065566
4463.84093129463,4312.62011847109
3621.55306049712,4309.15312826045
3658.28287981923,885.950001813211
3839.68289957827,3332.38603901289
3705.36518902919,5914.42287554882
3550.19489890989,5555.35956691809
3742.37225259113,4796.20119028479
7216.71273966754,3607.84938434208
4521.6335848114,3418.77029272082
8982.69691775484,0
3373.0265967525,3416.7811816157
3936.21412066893,5046.60211625924
6695.6773272331,2337.83048645442
4194.42377225783,5673.39918764136
3764.64200900677,4005.44453209517
3316.25137053516,4880.53967028385
4790.55313312905,6131.17890054756
4383.20194585306,6014.95798026287
4596.98521178432,3679.7986283146
3877.79977009057,5200.67281014491
2696.59911270011,1138.28295343376
3974.12803599861,6601.85950433514
3936.86919776536,6882.32417015662
4280.2637732902,5812.29614366649
3670.16096739593,5060.35506047327
3933.28507028038,7037.87274314782
3924.60591431253,5397.65147215524
4160.7233296809,6996.72639000273
3593.11920544982,5073.14220329188
2738.1016719401,1317.75762800393
3123.80244093873,3189.79523093446
3970.17910049229,6714.32927567988
3341.55668561725,4031.35963906545
4052.20802500672,6634.42401014214
3651.25811918264,5925.78922472092
4935.33202320911,6085.08852379681
4263.42300142212,3132.56578970952
3599.91290738531,5946.75988523029
4675.00158814497,6371.52052293365
4826.69509014662,5608.32683863111
3837.67167101945,4234.70354118321
3699.51727713144,4629.62751230981
3480.30884441618,5996.26058958792
3002.75193982063,283.760886103811
4060.46695226884,5239.1479866635
2733.64686275872,2728.49207664148
4406.91213623032,6124.074932315
2422.82511377972,3743.7910050114
4710.33779380752,5884.41537545029
7555.85056971778,1121.68810478526
4502.84200539791,5121.10836594023
3302.1013798916,1087.36177257105
4028.26265864458,3393.99160924012
4638.56968718001,4118.19846216922
4046.46800423616,6298.32131883639
4259.86881399058,4627.3542424754
3141.72332834455,5053.64899903278
4780.28458099011,5404.4712816585
4081.92274108284,5800.53188770231
3674.51356636815,3007.42220075369
3233.11451453634,2388.69489899955
937.798759793073,2764.29607653359
3983.12021943604,6296.4455329388
4161.88818265673,4799.44068436989
4208.01950528559,6728.537212145
4152.05390042448,6200.34321983082
4086.24945725164,4588.8790659568
4595.76706374227,6376.12372520625
4442.26199954097,4829.84566840525
3799.40847722561,5463.51963474964
4452.98219618373,5500.00570016313
2987.07523452191,2173.30279361594
4570.99551498621,7094.76115161206
2965.33998817197,2045.94280885707
4121.15538658776,5170.04032998401
4408.19823108017,7009.5701954251
4215.18587002278,4888.09820791225
3710.89391693264,5307.80065109192
4668.93591276438,6331.39705664299
4392.42518200029,4277.61150930788
4269.51331981862,6080.08741473214
3678.39440234179,3433.77383134246
4213.61237564306,5894.87258583072
3889.20581221061,6750.36077169753
3842.05131383248,6778.9470552943
4098.77859045431,6192.72759674341
2820.8127075475,3112.10636119975
3928.37683525159,4985.56465206298
3595.97969974696,4898.83957702198
2381.3254620495,2030.59823747474
4403.5959651216,7655.86131677682
5015.12206948776,4772.61601575269
4023.97069519846,3597.61967008719
2780.30456981112,5585.48039222414
3719.44362320717,4116.03894039757
4049.53378227566,5753.70235997117
3650.97172398345,5679.08236222741
3694.16515451418,4249.36646989942
7255.98260613683,633.389765494746
3644.23358875556,6371.97509232948
8359.34912077182,2273.55395102831
4071.0498296813,5812.97820918786
4202.28454411954,7345.33248825304
4255.72528327699,6378.11283631136
3704.43148347582,5905.04563748185
4773.84401897148,6944.89575320692
3925.13176060741,5580.82052734779
3321.01555583864,1835.55160111051
4097.62130211187,6523.37460958866
4339.66599699667,4617.74950828287
4430.85566493666,3259.30037155078
4164.91090844284,5827.18614565298
3591.43274926048,5743.87055250836
3586.37308231664,351.902159961913
8646.57889841262,1221.08678600972
3956.47565063625,5005.45576311415
5022.90268554917,6164.25506120941
4104.86294852669,5480.62582111155
4490.97015701153,4781.3111882983
8197.64880008678,4986.64462437643
4339.22980097362,6032.46207341685
4229.88291588707,5568.09004713294
4306.80741200295,6819.24093225149
4339.11264846905,6453.24448890997
3955.01693177065,4370.75890991531
3897.68227326721,5012.67347940948
4282.22039020102,5816.61518720978
5020.72598350825,4736.12995033921
4268.06221810368,4891.73560878942
4574.61759973823,6468.24823895924
2720.25160309782,2898.13483803503
7931.53440094299,405.664980974549
4239.82926945335,5395.7761091129
3459.040568075,5141.73820511654
4032.84089823131,2100.67169554967
4267.87326816824,5115.82309814625
3535.70912359871,6587.36740914071
3741.62741784322,5226.01959965658
3390.48469644075,2781.17497819758
2975.48815637146,1112.36774074967
3957.80746977513,6206.14014247964
4245.41910899046,4103.42220824549
4633.74666938374,6160.56099772848
4000.61823407931,1769.00169013617
4228.28850136325,5844.51982814043
4413.16129694935,6033.99661512613
1550.05898518881,822.980459113939
3927.71128057607,3992.31614508825
4032.15428001295,4188.49941636969
3125.81555257158,2144.77317262293
2718.62318731512,442.605615783864
3967.04496710561,5298.764234358
3262.26759291769,1229.61154788879
2439.91330971379,4103.59304176728
4146.64325024566,3393.65078790706
3428.59827837559,6625.33093080447
4380.89142592436,4695.26817877867
3264.24835375662,1224.61043882412
4019.38737102592,5023.75566985227
3998.14551591809,6058.71842457544
4168.46826994599,3660.53249732579
3986.3952197469,5670.89884453665
4851.01048191734,5418.2817341868
3939.1447111124,5152.30916355974
3581.64908782817,5489.43474171993
3756.88721013509,2573.85285386958
3630.44891751296,5242.72830208166
4414.57271004608,3439.96866078336
4084.28864142748,6867.8320749622
1471.39393959642,47.7954951302881
4137.59479590308,6025.58560130983
4029.48128212589,3091.36277396067
4114.41843152021,5317.97370274305
3884.8355109303,4362.80246549484
4390.72118253167,5812.92112372885
4117.80917890792,5076.09753864768
5091.25524669128,7537.30961834345
3178.48198238106,4550.9722068968
3841.55159708378,5330.24919070681
2960.92432436681,4245.04700350087
3970.4290021557,3024.017155116
4180.34681674821,6118.9034125838
4344.56813548205,2470.64636110142
4539.03963547983,7292.99061945763
4606.69107452535,5715.22760630783
4700.13180204618,3039.41838910209
4757.12967891533,5899.9307803544
4303.60012488652,4133.48637094779
3863.78936435401,6351.79982254901
4426.17585592831,6538.60585576347
4547.83678161315,4275.79323172454
7774.96849790313,3659.68002113789
4528.87648542437,6110.83322010056
4848.42935341384,3785.5056756151
4519.87082456374,5083.59941367231
4465.83093320907,5478.86420613198
4020.7909402598,2383.06859844489
4534.35160951476,4696.63188696617
4619.13578168511,5797.63363780553
8917.55112420641,1695.97289670545
4334.48262459224,2857.84096107784
4352.32627158585,4326.20265201859
4159.27547484421,2826.64037488596
1222.0075919616,443.287575591427
3501.17393197858,4259.93700548737
3454.63889149722,6497.85740941045
4136.62225277887,5564.56639431854
4716.17696387348,5332.12455374916
3981.54959537382,5110.9353142891
3610.08113320249,1527.63728660946
4196.72448256814,6564.57762533751
4339.46450647784,4759.54471420478
4163.1588842268,6102.53595434703
4281.44908540182,3921.84478022125
3737.23061068776,3966.34437551421
8293.82802097354,393.673493169368
3763.42698925008,6582.25255201327
7529.05463229324,770.581610573335
3866.94560812196,5217.26776450722
3701.35108454368,4397.75398919904
4141.51311971036,4574.95528822098
3318.45275560952,721.365329229537
3791.04948946598,7864.31965316677
3608.40868855652,6172.49566435918
4639.76686684923,6722.51321622589
3905.05380673302,6458.58684216296
4108.97637005108,4526.8187149061
4356.13513935659,4394.96906450978
3473.33725560623,5743.41598311253
3927.90172196614,3492.59468830806
2961.75276566845,5253.86715512822
4152.18161451877,6631.69617091189
4275.47263388804,4402.92550893024
3612.90071854902,6891.36016403529
4751.5000815766,6538.83292903376
4161.90419580579,4366.55319157953
3464.50814697358,6709.66941080353
4560.53366277768,3539.19671991366
8380.81657990495,960.45646292183
5669.12644053687,4033.91706762917
4001.03836761458,6215.85820187968
4096.28658673424,4671.2850974545
3637.77851589292,5410.55236303662
4100.64251758312,5221.64389350953
3528.46121700339,1974.84625250008
4120.85569560099,4577.5127167847
3745.2165260152,4714.30681364194
3613.23532333781,4055.17230972309
3746.80781268497,5780.52702858837
4269.43804420079,3629.9571026239
3808.02985194431,225.110545518554
5819.09086295855,3585.40084472718
3889.80196933997,4429.18186008884
8356.68873335553,2870.28728256339
3935.61392689991,5849.35052653857
1856.51211993038,2540.3221238119
3527.81586672187,4703.67919259498
3829.75451561165,5870.77575644377
2721.43024829265,3818.92265761001
3364.21525659295,3255.09486464263
4013.85255970363,3691.56288427877
4702.476792891,5600.88204906549
4329.47039638015,2432.28493264559
4686.61237517291,4397.58357853251
3797.63374682664,3863.53557811049
3100.47087404472,3821.87799296581
4489.35191954244,4151.04754956078
4178.01722840132,4156.10532122921
3803.9249157658,5531.20607492738
3879.31792156915,3700.59887815744
3274.29942283958,322.122314559638
3840.83073409957,5371.56595451843
3660.68651252958,3244.46745502329
4591.44911592118,4149.34259718497
4180.8155164902,4948.79442792019
4314.50824430375,4514.54322694234
3605.14661747388,5635.66316210315
1902.99516610805,1662.72632537707
4453.31095707416,6911.64918187853
3567.53918667354,2890.97399577108
3649.1202678885,4387.63802300693
3927.382408779,7311.46093686229
4201.32065967734,4310.57392190696
4180.65252853906,3996.29436729848
4301.80212279494,6620.84105373939
1595.46711964132,4898.78249156297
4598.35656170893,3209.68634198563
4719.48777527347,5865.88839544187
3891.40702313631,3138.87394435794
4411.19091776751,6366.29191774343
3696.37617034914,5787.00601675857
8454.73626223753,3233.32839054911
3452.07713714519,5790.87049090603
4366.01719430112,4320.06490803671
4332.95232906823,2719.1148385745
2673.02665401032,2164.60740964271
3594.46769400228,1812.5916180684
4143.44811276314,5591.50481099851
4043.44904842143,4823.65083896436
3824.3887763319,4127.2915415069
4194.75184196218,6310.65346940392
3911.78444469234,5135.77087180118
4464.93500272209,5958.41039313169
3498.02596906055,6413.23477068209
3797.04766662382,6622.09143671937
4325.06290521166,5947.72610948097
3531.04828966794,3402.17554978613
3820.73404703078,4597.91548269072
4624.99373541283,6065.42448601593
4569.788321559,5167.5399868793
4146.19982460548,4691.23287110943
4808.94796194559,4541.36789555953
4737.04666669825,3951.28396286118
3791.03943826659,5368.38312303709
3711.55798848937,5169.81325671371
3801.38146165183,6221.59846192474
5478.70289025781,7143.40895692654
5021.29864856459,4508.34839750144
3814.00784743133,6472.6239451063
4491.36022257971,5742.9614137167
4527.57047035079,4248.51399371151
3392.99840898473,3281.52162646775
8675.60337508082,2626.02431199846
3634.50299415265,1464.32665829259
4457.38721549961,6876.01559265296
3161.34506541462,2853.69232820108
1916.03916765388,2208.82263477874
1812.41474022108,3067.60697733442
3859.46775240543,4087.68015292634
3687.55137868445,2449.50486707027
4785.98325561777,6921.65182286313
3828.12197042025,4667.87519270287
4001.51230012671,7295.88886935442
3895.59861811329,4689.18709740055
3841.33151730206,4371.38388997768
4494.8303697814,2042.19187134476
3972.4004972428,5119.06259223135
3994.62494680557,4231.23697382782
4532.75263608902,5353.94811330168
4028.25657088286,3087.4412143542
4136.10790968812,6558.89445075146
4039.58433984403,1694.60887137651
4043.50159620794,6644.1991550012
2208.39409068619,1064.00388273687
4287.77318707324,6370.09972928713
2552.9570740665,2310.83561859831
2504.25557591428,3715.43221754017
6760.16846348285,891.746924462031
3801.7342835824,2865.62699483178
4619.56616230421,6975.75530663811
1182.82590194526,2801.29337394666
4001.01509547869,5830.65271300837
3976.92249204942,4269.71215034642
2644.12299368624,1053.26272505476
4150.99087299325,4892.41725145554
8118.19848801287,6304.91363221411
3314.12731157948,2107.26422035501
3611.1079929255,2484.45639077447
3612.25846141881,4920.8902098448
3920.2384736704,6836.80168800923
3852.75817880013,4851.83963862431
4748.9866539355,5209.76588948258
4416.15563946948,3029.58658163928
5022.5193309945,6640.22093279096
3596.92066586608,2749.91751797431
4581.92901383352,6362.14328486667
4496.90972166903,6844.47397370039
5624.16404616401,8017.36788305326
3700.21105088253,6891.81515628638
4071.56996844191,2672.34218487475
2690.2641412269,405.551312197138
3808.75561504652,5200.33198881184
2417.52086170559,1054.56987635232
4340.62351648421,7997.93091854267
3785.94515829711,6696.20020246354
4091.47319008612,786.665015794615
3514.18449821906,3980.55231197933
3056.24494610899,3692.86992986251
3905.28225131373,3715.54554274769
3730.56030398908,5078.31414587834
4052.79777221241,6407.15411215922
4334.02304196423,3066.12930965652
3469.57833815519,1578.1606663939
5049.34817598254,2943.77064538995
4112.4266349988,5058.19553870162
2829.60098002774,213.57369318034
5116.45796266621,7203.19646099807
5485.89595808441,7034.68991166648
3878.31456683618,5789.44969725952
8435.31016384456,2758.6695645513
4933.67531338941,6096.05696617683
4035.43102690527,4204.5260532734
8908.45347335641,5896.91835953959
4567.41417757558,4883.49500563965
3415.40701211543,6676.30909141237
3105.08683983955,6133.62258104851
4055.50677994332,4108.59415083195
3792.63591952944,6172.83648569224
4084.86513127853,4252.71928919204
4808.32126376499,5644.75624144083
4690.03117671163,6720.97867451661
4957.28517158981,5272.05331380357
3513.53906328664,1141.29505710713
4109.50548540929,6541.67451632678
3681.27687393609,6641.18715704164
4743.60392915169,5876.74308975912
4384.41401570357,4918.67360261414
4717.11570641955,6486.83188157142
4750.72730959746,7009.62728088411
4505.62296400127,4790.00678369915
4448.45975659691,3922.69725640916
4441.96752224853,2664.44261448567
3854.14682971243,3926.61881601563
5145.61682885885,7354.99388504932
3648.57636680618,2200.07037677413
3944.93757444109,5649.81401310926
3806.15799780421,6571.0566135077
4613.11577788338,5071.89224316715
5135.63760430282,4797.39491066101
4408.65096897642,4133.82719228085
8770.99202828813,2676.66143984567
4369.77492860545,5027.50639593696
4050.59371275278,5742.33601079908
3965.20630688752,4554.60960777398
3529.46736379668,7038.78188193949
4297.87094205031,5184.13494124161
4563.78319808549,6117.25512281174
4149.29970144889,4688.90293867125
3375.90020338376,4302.44706681996
2629.57947765175,647.313543230564
4527.73690833744,5908.91011162931
4572.79500185076,6423.06700100016
1735.50132367433,7250.53679787355
4686.71522062008,2155.68495239919
3600.39404428393,2429.15918662327
3859.27651248455,5042.16890179792
4668.51719898348,3269.1892644726
4697.20436155216,6464.7812487486
3828.76483294269,2777.42404068526
4378.23771110932,1352.87966808847
4879.66050757329,2606.3604856452
3939.34956679602,2757.87396239478
2798.06300375461,1651.30310217358
4004.83947545541,6023.08483534987
3984.07845314154,4419.69087395909
3937.45344294981,5035.8607471495
4015.36407484128,5009.26357465785
3678.8300323612,2692.85848741591
3673.75630349377,3560.22446588204
4482.95942383667,3957.47836944682
3759.96936896753,4093.81789690822
5001.01197073148,4612.69173661444
4134.57928203265,4355.30059047021
3963.33384054512,1015.46961405754
3613.26192675204,1438.24092922816
4604.21087663497,4785.17608530101
4004.63501985036,5423.05534712593
3699.35902542142,5117.24389179277
2636.79242937427,682.776563218887
4077.19990629597,2700.24661437777
3187.91335704544,3431.33015084151
4361.26941055978,5574.51194984412
4384.31571804179,5070.75560824994
4226.80819950129,5152.08166743419
4345.01945922694,4282.44220770602
5682.89439503701,6209.20880304295
3838.19688441376,5588.15156885064
3969.1419475639,5481.59204536223
2670.02482080955,461.81476702747
8126.62164670538,1910.1718102819
4255.52539685958,5433.68296817289
3479.30480112591,4257.66373565295
4170.65501897431,6196.53540828712
4927.03865639031,4930.153699849
3820.46560527779,4185.3170077436
3540.62235233419,6419.65709624853
4201.54254211114,5521.48801552734
4277.71507833639,4965.55979294903
3548.26468998825,4478.2846576544
3980.23213327119,4553.47297285677
1171.82108237559,2107.09380968848
4615.34796484145,4905.03398360762
8694.86369210898,7979.40393853425
3562.74703142705,5277.6231631821
2322.92684700659,2430.01166281117
4024.8190968014,6492.74255228301
3853.68891329838,3647.68869190343
7542.17554577381,1863.45603061353
1194.6599156679,4939.53093791598
7742.29226463983,666.352178093826
3758.66044750502,5811.95489947817
4747.54894894269,3967.99224243101
3757.44649801495,6174.25727933876
4017.32267937993,6676.70699820444
2319.49523613588,1731.54950618583
3798.84932986901,4676.79786137402
3772.46437775192,2381.64780479838
2525.94279398555,2516.16863182119
1674.05332042218,1551.79077860017
3933.85229056427,3943.554591711
4343.51311523,6430.17096923272
3125.27994471608,73.7107705819573
3797.13539904702,3000.60239125043
4324.53513403388,6256.3224895034
3010.0024944193,969.492668228122
4299.28989900165,3940.25843502215
3750.45748983705,4116.49350979341
3179.11444612569,4839.27956907599
3284.00108926216,2621.534646361
3929.99448032883,5812.69405045856
3469.72987747715,4151.38837089384
4114.81226663097,4286.64792604179
4249.09191917176,6475.0680484625
3350.88636669193,3485.2065613462
3845.65084160384,5123.83620517048
3896.34099279025,4460.21224704181
3999.80572414079,5427.37481352448
3249.50700290272,380.545344018525
4583.58721757487,6719.95578766217
4568.75578396562,6755.70312495052
4296.94799786331,5545.81191818458
4117.55650942655,6435.74039575599
4417.65999201527,5538.13963249341
4584.53009703345,7120.05127851998
2102.20391348246,908.171256730185
4009.73722453949,4921.91309669923
4922.48376624009,5801.32770128646
4506.76225579656,5045.35173327926
5160.01672711427,6993.82814010595
2158.59266120659,4619.45446065869
1917.95198235313,3780.67497721696
3382.31363073282,5582.86630105666
4271.19765087713,4769.77442845967
4521.28902778907,5810.42078062414
4274.24806645358,6561.7931235035
4165.93697837048,6472.6239451063
2733.85531277121,2223.37139257693
3567.1536828795,7074.52921922783
3863.5300302445,4056.59310336961
3373.41429396595,4099.84189282733
3688.83373603177,5419.24753558223
4076.5517080717,5202.26401445795
3484.04919188882,6177.55385888286
4209.22810875325,2375.73734551441
4122.76224896407,6219.09769596478
3595.34905123841,3604.72363831975
3871.89114027908,4455.72236997673
4670.5902691959,3503.79062681363
3402.77762504065,5594.28931283252
5516.92052895455,4010.33189309707
4536.63643333474,4822.51420404715
4397.03007274297,6408.74531647226
2863.12093328451,383.386931311549
4383.88727390484,3922.41309767985
4420.81333332796,5651.57605094409
4002.11752483072,4595.41471673075
4074.18803669081,5825.935762673
4268.98715303199,5885.43868515998
3833.41542689995,6149.02423788985
3750.8545179076,2714.7387095722
4896.55527492109,4063.29916481009
4508.57855531216,3195.76256424981
2455.95915157895,2930.92662853995
1442.20078329529,187.942573154417
3407.39367185358,1220.2911838532
3055.03791562148,4224.36050172081
4104.25026374075,3492.82218443361
2552.36216370671,1692.39247557348
8164.07064295715,2518.7829344163
3447.8051163823,5171.46112363052
3936.28267261791,2264.17671296133
4408.26053285205,4698.56433546753
4757.52375467665,3813.75113787881
4785.62289164828,6232.45315624199
4543.65892831187,6261.66484275638
4907.59465854156,4892.98556891415
3425.01423263391,2465.36109330744
3489.76695617211,5710.73772924275
4405.31076776182,6221.59846192474
4147.18222576965,4245.55865835572
2214.66185292847,1076.39322447722
3997.60700461784,5602.18909464923
4323.03360532028,6774.45760108448
8131.67515041504,1682.27640366755
3974.33290015144,5649.30278110967
4564.99408656148,3030.83696461926
4345.40458058542,4187.93109891108
3929.14102653113,5470.39610685666
3520.21309823799,1036.66787640626
4286.6650404613,6853.85121176737
3774.33401809537,3097.61426600533
7640.83471763384,3469.86198996387
4685.4383378682,6518.77140731606
3378.2130931248,5084.67938598576
4171.69825466244,6036.83820241916
4385.61749503154,4400.93639782513
3777.48712816971,4763.97750581085
4640.08762931154,4570.69290728144
4865.05781548203,4009.87732370124
4347.44967176786,5369.29268468401
5139.48576245117,4844.73567039175
3612.07035298131,3195.98984894772
4679.17430888463,5870.15077638141
3697.47851017118,3574.26199168063
3425.32029623034,4632.18494087354
3953.76749046564,4562.56605219444
3160.54574440785,4185.08951161806
4297.55719920561,5316.83706782584
3807.49236776779,5393.27576600819
3566.10343836766,3189.11337684071
3407.91801282843,4529.2628182623
4370.12387172319,5048.87538609365
4687.26754336331,6104.5817280559
3076.19462316346,3116.65290086859
4262.28278574086,1441.99186674047
2705.93848762922,514.554595471855
7806.26339631335,4823.36668023505
3987.15432817112,5113.77690158213
4293.09982264138,5552.00674762547
2533.60160392769,4107.74167464404
3007.07855950991,3686.95925915092
4340.10609698457,7212.85785779435
4061.92019992633,5900.89658174983
3443.56492253294,3848.98682031231
4052.12472363634,3330.85170873123
3835.82699825463,4699.81471844751
3845.71563417502,3795.16707241138
3283.14652571802,3828.01573694769
3655.3701114139,5232.04401843094
3466.58351765965,2277.87320599923
3894.34072275019,5278.36189130724
2139.16644306742,5496.53870995249
3466.3959782325,2271.05339649597
3887.56508720893,976.653510492068
2936.51931607051,2762.76153482431
8998.16576710077,1302.52669897056
8162.34132203715,2758.55602791615
4168.93130025793,5871.85572875722
3504.95709974604,5905.78436560698
3806.9362017124,7101.06930626048
2336.10234771014,174.928105995211
3967.34230260202,7000.13629475436
4694.62597708638,6837.59750159337
3756.36629161242,2784.92591570989
4026.29454301447,4572.11370092796
8608.39262364424,3997.43100221569
4547.58255565719,5799.22484211857
4313.94251227935,5737.16449106788
3924.28529349952,6136.86207513361
2956.47354924107,1104.86597143885
4590.30993652587,5607.53144790221
4418.60341675982,4982.09808470759
3571.43948600334,3357.44888122288
4012.24163201863,4523.46589561348
4342.03105628774,5137.30541351047
3820.37126720574,4844.33776359967
4135.23333891446,5345.87792081844
4740.55815253307,5841.28033405533
4589.69761562176,7508.26876535084
4134.57520504289,3763.11379860397
3597.66800359758,7134.88419504747
3862.31075678018,5384.92141479565
8716.46995633768,1207.1630082739
4453.73971527653,4521.07887771629
4395.18474585978,6400.44762786348
4386.94711646623,4423.32827483626
3923.072157119,2234.73774174902
3075.95733252351,4753.6911289522
4096.24908107185,5200.44531401936
3794.65520164512,3010.15003998394
4466.59624051022,5046.9429375923
3626.79347896231,6539.5716571589
2132.40217503738,4744.82554574007
7433.79226970076,2881.3125989748
3950.83082530208,1741.21090298211
3333.16177713633,6822.25293021104
4511.09107188282,5953.63678019256
3868.03660456578,6634.53775820492
4172.56916492527,6695.972706338
8216.30760156388,2253.83325064367
2880.39495962347,3006.28556583648
1014.66451740227,1450.85755566642
4282.41770294942,4144.51189878683
4124.111519249,3196.04672297911
3951.79897842507,6647.04074229422
4865.3030657585,5710.16941178415
4931.67981312987,5219.5976969454
7767.45467189118,6299.57127896112
3852.46215446397,4387.58093754791
3315.66014267788,6372.77090591363
4184.53321118537,5538.99210868132
3588.38478765905,6511.26953229143
5293.75201278146,4917.70737836346
6848.24822091653,1257.45910336043
8878.92923105948,4344.27548548643
3249.00461741202,1585.26463462647
4456.54242606199,7600.73452329215
3898.17676845641,5258.30036958954
3835.43035950508,4896.16840039549
8519.93334696514,326.214205547283
3932.15806958615,1002.11415378033
4241.90488539964,5452.60785497338
4135.56608154796,2221.95059893042
3958.9642395461,5141.96570124208
4323.38092453892,5667.94350918086
4499.35582233567,5897.7708357275
4040.75949964787,3557.26913052624
2666.31758957351,2683.76540807823
3582.64590232751,8054.93349792494
2967.28235562665,5377.30579170824
4427.49731251396,5524.44335088313
3035.71058490189,7661.31699523733
1845.28867010876,4880.99423967969
3322.80225829234,4254.02633477578
3092.0604101494,2029.80263531822
8513.58947158096,2107.6052531157
7528.29220915517,1063.83336635653
4448.09768767218,5447.26592457565
4549.37571468528,6997.80636231618
3077.01315188937,2369.88376026183
1685.04008017148,2185.97618837178
2495.73933393717,6135.83918827917
8489.67525267319,6789.2338550082
3917.33048077243,5611.56633271621
2942.97352502262,4390.76376902925
3690.61466941451,5722.10407841485
3685.18967797899,3856.94326473278
7554.4056377295,2135.68009328525
4330.81664723688,3851.82840760533
3800.08918160134,3711.11275114162
3768.68993337196,4092.11294453241
4686.66419141211,4666.73855778566
3418.78309896528,4379.73824119022
3708.13043600979,5720.39912603903
3440.89245277986,3681.50358069041
3992.84496243549,5767.34197897769
3956.76773512585,4723.17239685407
3481.42859864452,4835.18802165824
3602.43846242806,3263.903785251
4090.31064609011,2997.87455202018
9013.04334833849,1983.48476244193
4723.04050554618,6010.2410299275
4039.03134312655,5703.80417167672
4275.72892824743,6221.76887259127
4105.35509412465,5082.7469374844
3815.64441033286,6384.98973127363
3972.62006453846,5403.78963899238
2396.24075737645,2792.99610819313
3605.63081167567,4605.36027225634
4220.14676249046,5595.65344387527
3699.54966960359,4674.12668474752
4042.46234743106,3184.28267844256
1190.48088022284,2657.50905691964
4220.30066559696,4529.88779832467
4897.71321824822,4080.06452983894
3698.48021318627,5028.07471339557
4085.19233385624,5768.7627726242
4077.17900952564,2976.10786649904
3868.23273886243,5809.28414570693
3216.05191396735,2912.22902643738
4821.54440503882,5398.10646440633
3776.88808123133,2665.74966006941
4114.30226843523,6605.61023041983
4186.49856000863,2322.03134567625
3320.82487939621,5179.92922290583
3740.51769306324,5268.87090517749
4645.67599632622,3379.27222934778
4299.24757110845,5543.87989253847
4386.98599433758,5329.45337712266
3570.93334512636,4707.31659347215
3325.68523151314,1403.28940552396
3829.22135177094,6274.05407878292
4084.64222799279,5482.10370021707
4730.59132863179,5142.53401870068
4233.22143970189,4529.37614346982
2734.13007584896,1836.51782536119
3604.51827804708,2121.47215682013
8519.32955426633,4715.50011116291
3577.1672558303,5503.64267818505
3297.82863347009,3749.70167572299
4357.66164764571,5060.92337793188
4009.22238811181,6221.3709657992
3699.1440827431,5605.31484067155
5115.73961249361,5750.34954067856
3703.97905743697,1043.03301079988
3836.49248913519,4121.60836692085
4142.6479905317,6788.15388269475
5069.06747633303,3320.3944983508
7933.39281228199,3149.89947219697
3848.57499639055,7052.93315580085
598.24561693329,475.227048479163
4733.76473201168,5749.15582030234
3611.48078941808,6059.57090076335
4554.65713853674,3675.42249931229
3810.96627650293,6414.25808039178
4720.344231923,5038.2477650467
4300.55265037318,6199.88865043498
2610.00324713453,3847.2818679365
3873.14725418666,6277.17982480524
4397.11889138217,6733.25458533563
3883.20888757846,6413.2918561411
8315.1437537542,933.4613836381
3295.92284440613,2014.57160057104
4226.38272874086,4614.51043705303
3607.63516635187,7817.88845508296
3607.46177500018,2513.66807728885
4893.08907681622,6640.9596609161
3777.1209782419,5251.5938852938
4468.92931842557,4718.1712877894
4194.66383034302,6183.52119219822
3966.36141711485,5353.72061717614
8321.75476967875,8718.72828957539
4308.37862810001,2029.63201322406
3870.58857158471,3064.76539004139
3830.82950270625,4932.99528714203
2017.91365201067,3252.36702541237
4597.64290792414,4194.92131908087
8153.14296062311,3514.92969128781
3246.6590330325,3370.52018277079
4166.96717994779,5565.81677729852
3050.85990560268,641.005230011432
3917.05932649375,4011.18436928498
3899.04907134588,3485.88862686758
4128.42095664856,2651.48506100053
3468.31641745496,423.45331214319
3624.47992799305,6074.74506147915
3431.41688098228,3456.05196029082
4277.48289104765,5493.29963872264
3901.58133138058,5269.04131584402
4177.58783125454,3880.01678441003
7693.56810461886,3285.27256398007
3768.20849069522,2532.93399685003
3660.13936352958,4168.94954950683
4142.64818126435,2301.40150649995
4347.83790795168,4414.40560616511
4941.44058298167,7345.9574683154
3878.36431382504,5094.3974453858
4716.12546593976,5371.73636518496
4787.88911180293,7211.66371456288
3668.66984849152,4549.0401812507
5243.97011842304,5102.35388980627
4936.47758920396,5411.00693243246
4347.42781666676,5502.10855933101
4043.97121271288,6155.2757299345
3948.53111859322,5582.07048747251
4447.47903920475,4342.96801704743
4437.97509449072,3665.93151318254
3782.3301629325,5535.01388647108
4003.44994562068,275.974958063688
4534.10177770152,3830.40275484488
4494.9894725422,5753.24779057534
2730.42310061912,3537.03719814201
4468.82029582864,6145.50058507545
5320.45421508658,6272.3491264071
4472.39487649318,5931.52906191073
3768.47921920729,4567.45341319635
4373.27902835131,4441.62818157439
8753.45772360746,1110.60591434247
4028.19568736224,4770.62690464758
3763.21383481131,6609.02013517146
3033.91690199887,1980.13152029406
3817.26153955863,6177.49677342385
4942.5295528124,6882.21042209385
3519.13622176114,4823.36668023505
3961.23188190554,5051.0349078653
3950.44548052426,452.494350134969
4488.25338638906,5043.47637023691
3263.61878888788,970.458892478801
3725.84850190359,4824.04874575643
4605.07742280439,2928.31232594484
3693.71487592818,4242.20541620785
8631.7616607568,2896.31613759644
4178.15367414737,4115.41396033521
3636.18412407232,5223.06468715604
4656.62942420924,5649.64360244273
4367.72056621885,3654.90640819876
3689.95272931528,3884.90414541193
3984.83007695964,5938.80344080982
5276.37581485356,5422.54411512634
3550.17099203978,956.02356560195
5011.38267907489,8947.98772151868
3458.89463932737,4567.90840544743
4214.79925829715,4689.6987522554
3665.58426279926,6759.73800976451
3951.62225648471,6922.5609616548
4244.86332510252,5295.52516312816
3846.90879667148,4452.99453074648
4390.59600812262,6604.64400616915
4141.27499788163,6236.09055711916
9159.13699660707,1839.4162866856
4561.34172437402,4308.86896953114
4187.05927038823,6206.59471187547
3871.04113228107,5160.09477445842
4493.8754644448,5941.58836549909
3574.2118193863,5079.5074433993
3879.39998419157,6996.15807254412
4425.21594405444,2096.80722140221
4175.1819763735,5151.28585385005
4403.73787585771,5574.11404305205
4232.61698605601,4401.50471528373
3774.10454778311,5898.62331191541
3622.44242251801,52.1147071549734
3464.97225720865,6617.60198250954
3377.41571801983,5639.98220564645
4594.42580158946,5083.65607627607
4187.6377456071,5590.14067995575
3979.70065811988,5855.26077439491
5174.43052246397,6337.93270741695
3891.67635765584,5867.19544102561
4239.63680243803,6436.36537581836
4106.778726637,1634.42409479578
3620.52689829947,2521.85180640724
4212.9935340118,4559.26989550559
3314.27860419495,6691.82407346123
4274.39402899349,4884.51789249409
7188.94463546023,2701.78115608706
4506.54633868906,4705.27039690802
4251.34964125323,3822.33256236164
4202.56559908527,4454.30157633022
4920.54868524294,4763.40918835224
3623.07705159396,5681.41271752084
6728.09882072285,3025.43794876251
3621.92235984048,5166.51710002486
3481.7189136386,5096.10239776162
3928.13935646578,4998.80636427742
3805.7387681381,5980.12020462144
4159.41288657355,5447.94756724177
4345.00919862473,6294.62725535546
5385.83635109039,6059.57090076335
3763.18119078034,7020.99363005621
3818.19360823696,6346.28705862949
4535.31299276146,7472.01061891816
3772.48663613068,4901.28325752293
2429.48960130027,3765.50081650116
3696.4914721192,322.974790747545
4097.64562132517,5026.65391974906
3003.35054436194,1593.10743669797
3918.42979228568,7362.89366686603
7764.52071256463,2684.10644083892
4032.21898910221,4938.84887239461
3860.27960163557,5421.63455347942
4497.18814377435,6785.36895800549
4120.9387714044,3736.11871932024
4342.42337890166,7388.18379377394
1828.2654327696,1695.85925435649
4473.39079179591,3057.32038904814
4170.91320585422,7334.13612689222
4096.45712384653,5554.67792425196
4585.3484614188,6932.27902105484
4148.82719351043,6495.6978876388
4285.38633913117,2634.60594790891
3561.64420331736,6320.08779292991
3789.43601899862,5265.63141109239
3920.04864332576,1787.35836519187
2118.62948926289,324.736590726292
7593.92564707535,4900.88535073085
4000.01656528586,4847.69100574754
4028.38108472942,4170.48366836087
4188.33045296152,6973.87994359576
2385.15758381235,2080.09873040475
3901.43925032729,3519.41935692526
4201.47933859294,7017.1858185125
4613.50813491981,7870.28698648213
3940.77513985455,6060.42337695126
42.5985276078504,1366.40564474603
3972.26384753466,5275.12239722214
3413.66201786414,4651.10982767403
4263.05747067453,4569.95417915631
3287.28991890053,2813.39866267152
5668.80633804248,3750.21290772259
3800.79279056006,4280.68059272644
4734.50869765049,5759.95385201583
4103.93458484464,4889.91690835083
3189.34138713415,2485.99093248375
3040.08851654511,4077.56376387897
3780.79624064673,3812.27325877329
4273.74814743375,5058.65010809746
4212.69837398766,2176.3147915755
4400.99579025742,6907.55721160553
3711.37704417885,4350.81113626038
7142.70555027321,1315.99580159673
4358.44785941442,4473.68103252655
3950.84800668377,3892.51976849934
3963.69998215842,6528.03489732027
2671.28534816383,388.558636041925
3593.43347391765,3381.09092978637
5121.10608928459,5897.2025182689
4257.70377849488,4494.70877849493
4729.60817756867,6677.38864087057
4780.53588424409,4957.2625271955
4821.5128943113,5414.53058524686
4233.95237386548,5568.09004713294
2708.72803891046,5175.26893517422
2084.1437287759,5523.53378923622
3868.63665555139,7040.202675586
4008.70208381491,5343.43424031749
4090.88983620761,1834.86974701676
4007.1715939001,7081.86026073068
4579.60214614381,3665.07903699463
4310.49865628997,5308.02814721746
3534.65657517534,1318.21230311358
4811.13253862534,5414.53058524686
4200.77359164907,3398.02670548174
3358.98232901318,1868.1729809489
4552.90656743311,5995.29436533724
4000.32059264445,7446.37882496668
3883.94552381426,4530.39945317951
2287.11115069268,2229.50934798644
3591.47279347805,5846.45185378654
4316.19104824309,5596.50592006318
4302.2779640469,6532.86559571841
4414.67221472767,4030.33675221101
4285.350734348,4052.10322630453
4152.21213841653,4905.43189039969
4068.41553847722,5057.00224118065
4418.03908204336,6407.60868155505
4923.91866885284,7520.94258296193
4488.85061370348,2566.97617033494
4854.28813599348,6909.26216398134
5131.77856350324,6439.832366029
2318.05613783359,2984.57575434672
3989.72047433181,4260.84614427903
3385.73740459168,4103.1951349752
3934.7083068091,5351.16318861242
4053.34323780013,5938.23512335122
3966.37969093766,2952.35228130041
4252.37467504425,5061.8329395788
3567.19465903282,2056.85437720571
4447.29268295022,5480.28499977849
4394.79027303158,4456.51818356088
4107.99251337145,1200.34319877065
4041.06001107004,4775.57135110849
3271.00806438565,6861.46683485478
4506.22088355739,3321.81529199731
3793.96861307518,699.371411867386
2849.60117362874,3228.72497684889
4478.24322754782,6787.41515456962
3935.356366481,5995.23727987823
5191.59736331644,7100.27349267633
7324.78284533156,3121.31297717257
4350.85019538207,8798.12190025829
4561.70465136233,6882.60832888593
3321.48554749539,115.027448501107
4189.44686536365,5251.5938852938
3993.84991106885,5135.54379853089
8681.36681401698,1670.56912744858
1526.17972321012,333.943312412928
3461.58443491286,3979.07443287381
4335.09522999977,5293.42230396027
4308.74469792114,5974.26661936886
8022.23243615993,1516.95289724493
3410.88618948435,5193.17093512027
4364.16947354444,3609.66808478066
4055.21558117232,1490.58300945119
4484.19194655337,4523.80671694654
5572.36242269752,7262.58563542227
7677.89137043686,6673.01293472351
4392.7192657481,5664.02194957438
8044.74017124324,4885.19995801546
4820.42858878395,7067.25441747349
3068.46111164336,5090.81712996764
4538.80995958312,5332.57912314499
1884.07093670873,523.988654713314
3699.62846941682,5130.59935206998
3869.55287027787,3856.65910600347
3357.6262198053,3915.8774469059
4199.22688745878,4365.13239793302
3730.84766772924,5269.55297069886
3413.74320691643,4636.95897666792
4615.71866239495,2094.98852096362
3954.73678420368,2953.94348561345
3471.48039403337,2525.09108906471
3547.47042958646,3764.13668545841
3935.86394314194,3581.36595991319
4916.5268374887,5806.78337974697
4057.75676024591,1757.18066585443
4324.52421146315,6561.22480604489
3370.77338690592,512.395020843301
2940.29905179251,1957.39882194986
4498.51754044585,5143.32940942958
4339.24235202534,4221.23475569848
3277.00878029297,3282.88554608288
4268.54468507104,5428.28395231615
4125.22664893797,6612.82794671516
4351.29636129239,6513.59988758486
4092.91059156409,5266.65429794683
3432.32823092378,512.565484366738
2038.91079223487,666.011198190045
4541.976078138,4636.049415021
4048.16469724638,5137.1916654477
4258.0431278523,4985.33715593743
4418.10314322494,5716.64839995434
4236.91506299336,2299.07136263414
4455.55060698947,4986.30338018811
4775.47338283879,4020.61869281097
3781.47808856142,5835.99506626136
2914.08841932287,3260.26659580146
2862.56115241604,1343.90023109975
4283.50134731895,3471.33965764177
3918.28511837822,4961.18366394673
3553.08789881839,2821.63926582129
8249.9579375987,5181.23626848957
3335.06159319539,3911.33090723706
3948.3670503764,6153.74118822522
4531.13533523652,4617.29493888704
4362.06421796934,4828.7656960918
4946.45702917347,6151.41125578704
3892.47598207238,4891.73560878942
4244.43170907959,5667.14769559671
3641.85146809766,5057.34306251372
3696.27055064095,4861.78519414989
5023.95209859047,5852.41918710189
4460.5345431745,5459.48474993565
4010.08072912021,4075.74548629564
3521.3086761946,6209.09547783543
2879.51930897243,1427.72705624397
3764.02904518056,5025.85852902016
3374.30842021206,5969.26551030419
3929.97228431818,3824.5491695923
2127.89207108239,153.900360026832
4690.55322235315,7233.88560376273
4386.61771174744,3730.71970346349
3868.36431528058,5924.25468301164
3933.48714465622,5649.41610631719
3331.1637207131,2661.08958376542
4183.3034365349,6183.06619994713
3564.57811758104,1921.31066332846
3244.11081486225,1702.96322258905
4514.09402489784,3809.54541954303
4267.25830282129,6495.92496090909
4116.14941016407,4128.20110315382
4316.28420522733,5854.86286760284
2567.98039613089,208.288332886779
4683.27653278312,5084.79271119328
3918.18330990292,5210.78877633702
4211.25543442116,5432.14842646361
4347.63807392437,4546.82357402004
3535.61974136179,4939.13303112391
3952.31383084123,5722.27448908138
7293.14988629419,2146.53499903013
4189.94793060625,3697.53021759412
3745.66732683368,2590.50447083565
3573.16855393541,5569.85166211251
4553.03114196282,6677.50238893334
4195.13163470145,6775.02591854308
4233.40416118253,3976.40325624731
4167.00948890626,6493.99293526299
4593.24699224438,3798.91779849607
8032.9223428522,1279.33932551672
4372.59284373142,5174.30271092354
4177.82348829593,7017.75413597111
4874.76926285183,3551.52929333644
4292.30712937866,4513.23618135859
3836.76970234804,6826.96988054641
4104.27524356091,6978.36982066084
3538.32652011248,5715.85258637019
3923.51799759921,5061.37837018296
5023.06280947553,4840.52995205597
3485.43580586176,4578.64935170191
3814.18486282481,3193.1482616547
4237.56681242962,3897.40712950124
3916.15402893632,643.733174955498
2605.7373679616,3875.47024474119
4366.1426439489,5561.27023762968
3789.682494802,6011.88931969956
4287.76451975055,4737.1532600489
4311.90818776713,2494.06112496699
4479.18850299489,6466.88410791649
3978.89826766789,6444.37890569784
4588.86063646545,6217.10858485966
4471.54906587985,3723.84323135647
3863.21015458482,4897.70294210477
4203.8881432587,4326.88471753997
3648.87730217153,4608.77017700797
3650.09388190552,5459.59807514317
3426.27587991228,2921.83354920227
4531.39529200413,6149.59255534846
3696.1133468651,4351.32236825998
3340.13325373342,6446.14052067741
4279.17461257912,2055.26317289267
4640.72130776176,6216.82442613036
3497.28542924205,3637.40189218953
3797.62157963133,5298.99173048354
2722.18700912259,1991.83890222684
3957.34931996496,3535.0480870369
3626.82815887312,3370.52018277079
4451.43864643475,4444.86767565948
4499.50212129866,5207.77677837747
3859.82484672044,4806.54465260245
3492.0591135366,6778.49248589847
3572.8713170539,5647.59782873385
3740.62392532047,6337.42147541736
4067.00017543315,5114.62937777003
3988.99359412226,1614.98765885426
4313.28014529864,3071.92623230534
3554.73786922299,2416.03101104397
3732.37860501404,3965.54856193006
3254.92057921308,7369.65596805502
3478.13673650447,6466.48620112441
3979.02922152646,4893.89513056107
4536.22010405919,2265.37022190993
8460.68511526427,1243.42168327565
3920.78390181353,1888.74615752145
4406.18210460887,1281.49895300218
4232.11359352658,3426.49945244337
7638.11089616667,1362.25690615545
3138.18806104461,70.8691832889331
4088.48003334204,4636.049415021
4164.88521525869,6231.03236259548
3403.62858923261,1419.31593671385
3257.92206860982,3244.75161375259
3953.91734397622,3748.96294759786
3425.3459175102,3927.07338541146
4134.63186750953,5316.09791684545
4243.01986746186,1290.70567468881
2773.07306832036,1772.97980663259
3726.46639718043,5467.78201568918
3023.69080359822,4916.96865023832
4267.22768998425,5258.12953606776
4063.68604865196,5261.76693694493
4779.2282150848,5735.28912802553
3642.24588528625,5656.34966388322
3196.24326986631,3029.70032970205
5004.97292506512,5436.92246225799
3806.70364516149,750.519983141822
7395.95621921609,1178.91765172401
3764.6523505989,4667.36353784803
4084.23568289371,6477.79588769275
4510.95207171586,5409.87029751525
4322.24127236695,5865.37674058703
4311.38493097707,5641.00509250089
4252.03625651115,6009.16105761405
4095.84462013464,5203.45773483417
1442.68921901794,2447.40221933001
3951.27919669153,4584.90084374656
3930.40924858837,4779.37916265219
2295.32392936673,2819.08183725757
4517.8442705147,4973.97080676534
3496.41419180189,6425.62442956388
3806.94064003701,4122.12002177569
3460.51753017514,5054.5585606797
4550.91553815965,4754.88442647317
2885.03500492355,1548.43764216611
3897.35761747826,5239.88671478864
7616.82152137885,1103.72933652164
3985.36171719095,6265.47223144483
3370.31025619672,5613.27128509202
3894.60254344002,3878.08433590868
4281.61048807908,3579.37684880807
4317.75029161522,6459.6097290174
1749.75788764951,1289.68278783438
4621.96774351151,2090.15782256548
2241.86505065204,1586.45814357506
3198.08334226038,2817.66104361106
4162.74323149831,5222.60969490495
3940.41558572404,2271.8489986525
2533.20810154107,2273.04250760109
4225.59027986721,5131.56557632066
7359.36432039895,754.896059287223
4447.34040706272,6252.91258475177
3597.53249440397,4513.57700269166
4211.92206103405,2302.59501544854
4484.88165717775,6760.24966461936
8316.21066523122,7824.8782523975
4378.59700099786,4408.55202091253
4007.21123518915,6345.54833050435
4696.52845151747,4536.42344909862
3563.20569888094,7040.202675586
3754.28971445764,312.119937859574
4386.66493228508,5632.70782674736
4011.77609760753,3061.69651805045
3453.09053763361,2234.34004638458
3658.01365002038,3372.79345260521
4235.80639236402,6095.03407932239
4344.72719832726,5584.05959857763
4115.01253781439,3666.55691610016
3785.78749434962,3522.03365952037
3612.65948360539,6256.49290016993
3455.68924311734,3341.47911835056
4200.71843946193,3452.0168640492
3894.30931535564,1643.74445883138
4154.0877271508,6137.99871005082
4761.51502788436,4945.8390925644
1084.04755661436,2180.57717251503
4113.90586012039,7009.34312215481
4457.22230318253,6424.82861597973
3642.05206256576,4620.3069368466
4120.18599331163,4300.28754504831
4258.88845974577,5560.13360271247
4258.99891803075,3355.57351818054
3437.58597378164,3295.78643696426
3934.624805888,6912.61540612921
4036.01397359537,5709.26027299248
4147.96133366747,4799.66818049543
4113.23827684571,3394.33264200081
4388.42575607707,3279.30523066472
2384.01293260889,707.100571589937
4153.32308511175,6782.41404550495
2652.16208871923,4944.81620570996
4220.73863492877,2419.15675706629
4040.32209411861,5353.09563711378
3567.09937152316,3850.18011783328
4079.24582273157,5212.49372871284
7779.50260718473,2283.32888445974
3762.99665118094,4524.65919313445
4172.14207621076,5899.13496677025
4152.34233546471,7023.15315182785
3891.53422010823,6587.87864114031
2762.29115781421,2362.26813717443
3996.82642976688,3569.31754521972
3539.55424043265,5051.8302985942
4312.64097103493,5661.18036228136
3528.9229437111,6073.32426783264
3874.58263422282,2441.2642639205
4443.00342670827,4820.98008519311
4275.95121349577,2845.792757812
4425.37232485927,4630.02541910189
8387.03846656003,8054.25185525882
1974.00585402577,941.247311678224
3708.02571631779,8170.24527941796
4472.07104870797,4791.14341861636
3769.7532088358,2727.29856769289
2245.47386159637,2073.79036432871
3866.32747866664,4902.1923963146
3153.08149907107,2076.00676013174
4370.73378444319,5691.52868371296
7848.17389803643,3279.3621046961
2370.79358510156,4525.85291351067
4553.93787962469,5788.93804240468
4168.84421327525,2487.01381933819
3889.38065185537,1649.20034871951
3673.83634642028,7317.37076186338
4030.2249364116,1336.79626286719
3904.53312453797,4892.92890631039
4472.24035650225,6958.02414021384
3296.35813350454,4377.86287814787
4397.0106332172,2826.64037488596
4003.83580881425,3691.22164009046
3502.3621683874,3962.93447076258
3550.12069138695,2985.59885262879
4000.62439352559,7340.61511506242
3364.13901697808,3623.98976930855
8816.97797508699,1511.66752373714
4106.06478523528,4903.78360062764
4110.72922928531,2360.10861540278
3284.48317320403,978.756263946143
3849.92881644668,4838.31376768056
7915.62160543496,2221.21187080528
3782.1092818656,4191.51141432924
3786.46741388995,7152.61620718224
4498.80449687178,5587.29909266273
4067.59582845896,4637.18604993821
3573.45011940057,1356.68737391836
4298.66211276518,2519.97623193727
4396.77458761631,5047.34084438437
3910.23576818277,5062.4012570374
3865.20042756143,3794.42834428624
3893.53248425788,5196.69458793467
4144.14981708909,4563.30478031958
4021.41152237505,4267.438880512
4256.80384900218,7223.99671084091
3191.23813773955,1096.5116202263
4348.18580155607,6116.51639468661
4508.5347899888,6299.34420569083
3828.86331209982,4034.99703994262
3997.46134815757,6588.21988532862
3317.29454117814,6212.56204519082
3877.56917843002,3761.23843556162
4680.72005064095,7198.76324653675
4284.30657719254,5856.39740931212
4516.68814113148,6891.7014082236
3521.65837402322,4964.30940996905
3460.53216407606,5363.09785524312
4635.78880099058,6033.20122439724
3640.78868330385,5559.96319204594
4043.24879063554,3773.8551677137
4429.82001526007,4382.57982848324
3556.58379976698,5273.30369678356
4705.40836981575,7083.62229856551
4309.17022713116,6473.24934802391
3795.39338428908,4880.31217415831
3540.38215939844,3258.16373663357
3731.17408106698,3439.45700592851
3716.68253237282,4949.47649344157
4031.96747718282,3793.12087584725
8285.82721372556,3825.3445603212
3478.68447543146,5513.64531916964
4088.17299217625,4011.75268674358
2545.32520233425,999.670367565564
2843.4062945603,2518.89647105144
4536.10265034912,4850.64591824809
4005.46250149267,4106.77545039336
4026.86553602608,4594.73265120938
3837.05736265426,6048.65912098709
3463.93345762695,2034.00814222637
8982.51290133016,2183.93020323528
3856.63843615901,1695.85925435649
4265.28100214773,4418.27008031258
3679.29646276919,6652.8943275468
3683.40886119599,5004.1487175304
4133.07606296085,5286.43208379048
4283.34612097858,5309.61935153051
3940.51856733364,5577.92185459575
4701.96702126713,7051.34152863255
4326.07194281149,6265.52931690384
4007.19282389822,5714.48845532744
3582.13946100957,4058.86637320403
4172.29001640922,5207.49261964817
4350.38848465124,4680.54858745871
3736.17841466387,3298.00283276729
2880.57405264058,1489.9578179612
2962.65765370818,3660.3054240555
4507.99144646825,4376.49874710512
4787.5081845996,7204.90141337388
3762.27382545091,5586.73077520412
4049.41901480758,5048.02290990575
1762.72886543845,4005.72869082447
3726.94880236552,4935.15480891368
2772.86084547692,5504.77931310226
3690.27558962719,228.918251348444
3255.93137965223,3221.05269115772
3941.77559109153,5624.80804493065
4163.98675799134,6102.25179561772
4150.93293656716,3157.57175788814
2861.97397064366,6853.28289430877
4805.89665761744,4770.11567264798
3925.36943473683,4696.34772823687
3293.28090343924,2030.08679404752
4235.75663097971,5515.00902735714
3996.98246490193,4614.62376226055
4217.91343265836,5209.19757202398
4381.34674094459,4741.92687298803
3857.17197982814,4014.65135949562
4712.31750105382,4468.50951279534
5644.37128706313,6586.96950234864
4904.32269011043,3769.13821737833
3976.55586334419,5775.46925691994
4256.92403489941,2648.24556691543
3602.22837505068,2434.21716971932
4478.19316923485,5956.19420875628
4134.36673303017,4865.70633090111
3315.71007826417,6262.28982281875
3206.72176975168,2398.58379192137
6716.49556147984,1402.72108806535
4378.87749733441,5456.13150778778
4156.56380994013,6163.63008114705
4213.98318249447,6703.41791875887
4093.67546834409,2924.10681903669
3962.49060556919,6506.15467516398
5118.12904631407,5593.09601531155
4336.46754820542,4289.88742012689
4217.96387036875,4720.55830568659
1931.85030583617,388.501788438992
3882.5417481821,3373.30489603243
4523.75706911925,6256.09499337785
4006.28629142513,5561.38398569245
3913.56059905342,5544.50487260084
4087.12194649521,3540.50397692503
4039.05658357037,1943.19088548474
3877.28535636388,2002.40964924242
4065.24765732166,3450.48253376755
1779.8800852359,1274.67914349892
3399.29576337465,1781.33415784513
4434.04663195872,6309.80099321601
4927.18378502207,5849.57759980886
4171.46934372693,6443.81058823923
4218.19768998145,2588.79951845984
4182.71274198589,5801.44102649398
2051.31788450449,1819.29767950889
3658.19088018058,6339.35350106346
4610.62282942668,6353.16395359176
2861.03297275165,385.830717526312
3917.63921444137,6534.11597869839
7283.19216236237,1081.50808160466
4285.32073840155,3081.92866186231
3691.11380695747,804.453320534802
4584.38483261616,5938.00805008093
4086.09375428801,3846.88396114442
3868.58496532762,5839.74579234605
3442.38145607707,2426.26072529886
4296.50945177327,4351.54986438552
4569.5955678772,4447.02719743113
3118.21039949096,1845.61090469887
4827.81211507185,5466.36122204267
3178.37722557295,1341.11551783811
3876.1486540961,682.094603411324
4117.37822045952,4594.96014733492
4409.11369804823,6413.63267747416
4089.36678680478,5532.57020597013
3442.85602519457,4044.03303382129
4011.52620545191,3292.88797563985
4619.67729416393,5737.27823913065
3547.22465712837,4346.037100466
3792.05839503338,5854.35163560324
3976.65422120782,4474.53350871445
2463.88445259868,5077.51833229419
4604.15549246413,6680.11690295607
8364.79517727639,1056.44523939466
4305.52708520347,3241.85315242818
3881.21812055799,4501.8698321865
3342.9230069547,5457.66604949707
4100.48999636042,5033.30331858578
3181.67675567532,1193.63713733016
4454.67576286077,7578.57014240656
2150.45071304413,537.62827371983
4129.69230537927,4511.36081831625
3413.64415897056,4439.58198501026
3859.7467050345,3648.14326129926
4197.49974688677,2993.55529704926
3447.07882310507,1141.63608986782
4360.94799961089,4265.84767619896
4037.25076191512,4754.88442647317
4319.73853060477,6513.88404631416
4567.33247428639,8086.19095814821
4605.15364876172,4951.01103515085
7828.26268188329,540.185702283552
2363.7991660898,2202.28698400479
4834.25488725954,5992.33902998145
4108.66341703683,6145.38683701268
4125.14690693717,2378.80621750535
3777.54685302981,932.438391069849
8436.3174322527,5683.97014608456
5001.35415778361,4399.91351097069
3421.47625687022,5262.56275052907
4273.5561840853,4200.26367233386
3950.33626129717,5335.19363716772
4240.49309999492,4003.96665298965
3741.1931442077,5859.06858593861
8408.21445847922,1997.91998360496
4801.47880850876,7187.22606384287
3909.32054183674,5216.3582028603
4138.20694809324,4592.85728816703
3628.84613833397,2367.95131176047
3857.1486145014,1270.87143766903
4558.24571130329,5791.04090157256
3786.62180108415,3599.15421179647
3623.34499701316,400.095475165912
4560.77224571648,5926.01629799121
4634.19977275465,6001.14795058982
2969.62950654349,6846.63391832729
4111.79343849686,5542.62950955849
2551.12739668123,2342.83180694672
5122.34798072876,3656.15636832349
3124.99001927882,4774.60512685781
3348.40999743697,698.518935679479
4409.57895468464,4389.79754477857
1500.85865975398,3553.63215250432
4104.58670704164,2437.2293791065
4273.63362087063,6560.42899246074
3954.90622633823,3274.47453226658
3400.3752434206,1076.56374085756
4286.73931372416,5657.94086819626
4673.87466751483,4091.31713094826
4737.64599874062,6254.21963033551
3207.80306836006,1977.46055509519
3678.39381380745,4530.96777063812
3982.30211071207,4342.96801704743
4385.26359976957,7442.40060275644
4485.63756217587,4467.88453273298
2579.37972191266,5195.95585980954
4558.7859566889,6908.69384652274
2995.15673675487,1957.11466322056
2252.27633469433,2017.92463129128
3511.88769241106,2117.20977588059
8458.6434566439,2729.51496349592
3750.7433842837,4909.2397019434
4583.14723618981,2876.93646997249
3942.20216872632,1449.32311967095
4472.44021426553,4613.31671667681
4611.28176109449,5315.13211545002
4089.00698317997,7739.85812973232
4054.78819149678,2760.37451692712
3794.05031441259,4513.91824687997
3762.61827271144,3890.36024672769
4445.46178996703,334.00016001586
3529.53856640621,4703.05421253261
4212.31930686368,5886.4044865554
4183.72898090932,3903.82945506768
4128.62300084648,552.347706469077
3903.20460922775,3534.42289554691
3771.47522694715,2276.22491622718
4759.88703125018,2238.31826859481
4430.2549935911,5694.19986033945
4065.69349384596,4647.01785740102
8435.78722666474,1239.89813617507
3842.61776899329,2510.31483514099
4102.56266904155,4463.16715954236
4327.27940957038,3775.10555069368
2105.06452581586,1771.55901298608
8598.42214447945,1451.88054823467
8262.09043342518,6171.2452813792
3991.60077184445,4799.04277757782
4505.82335325646,5812.01198493718
3080.94192352494,917.775779495082
3294.60870307507,3385.46684736105
3109.35576204274,4826.03785686155
4199.72548279959,795.132903642301
4110.1380775083,5096.67071522022
8562.5171858589,201.582192160933
3677.82917515823,4789.60887690708
3911.56782398869,2327.7145202623
3761.99592351505,3960.54745286539
3780.7907666729,4907.19350537927
3961.52339265014,2782.08432841687
4072.80802083081,5788.19931427954
3351.11164704875,1783.38014298164
4191.04256021546,4856.04493410483
3870.83726739488,2316.57545578812
3298.78305699544,1358.39232629418
3910.99665587837,4940.15591797835
4396.237174088,5825.42410781816
4328.47407400388,1602.31415838461
3377.01466402131,2215.01725279201
4216.73427427105,6011.49141290748
3843.14584482132,6418.34962780953
4300.2767095182,5561.55439635898
4777.30897479853,5815.53563775158
3822.10667431534,5006.76280869789
3821.6288714444,1225.63332567856
8775.73973299205,6663.23778986446
4397.45141985161,1747.68978543849
4039.15994243456,6329.97626299648
4210.019600346,6346.3441440885
3146.04198178074,1769.05845845374
5795.46876671279,6426.87438968861
3527.30113846698,5890.89436362048
4331.82231199772,6260.64153304669
4630.9897268615,5566.66925348642
4614.0791236283,5766.37617758226
8829.43597666784,3235.26062762284
3858.74822720147,2657.28177222172
4841.86529640323,5976.14198241121
4252.55607672011,6035.70156750195
3920.00841495572,2785.09632637643
4614.26476211839,5535.24138259663
1635.43364596382,7979.23395072298
4094.89001074704,5788.71096913438
4206.24531924297,3259.30037155078
3917.58935517549,4200.94573785524
3878.49222257612,6281.15804701548
3380.53235149319,583.150491582697
4764.99449566864,6211.48207287737
4065.38228988957,4887.8707117867
4107.70475132028,4923.67471167881
4334.32615402641,4819.16138475453
4725.90112339821,5045.92005073786
3949.51725953196,4034.76954381708
2388.74972142297,4841.78033503595
4359.08205425879,3810.05707439788
3074.34450788262,1462.84909632851
8555.98193934446,6480.92163371508
4659.02167635048,5247.61566308357
4239.42707083456,6510.13289737422
4415.11976705043,6382.9435347095
4644.65948337974,716.193650927614
3348.33365745194,4042.83973630032
4780.6846371143,5433.51255750636
4804.05534993351,5096.72737782398
4070.45124910504,4599.67709767029
3982.60446874717,5913.51331390191
3732.99513107879,2229.73663268435
3988.69999459845,1525.87546020226
1424.39709124819,776.321606333863
2927.15588301983,2143.18196830989
3532.95433697992,6012.91220655399
3976.50373332628,5059.84382847368
8634.5657280864,3448.55008526619
4664.61498565044,6506.38217128952
4646.98994919175,4693.84738513216
7990.35508687316,6191.64804728522
4583.50013725763,3578.86519395323
3910.11556264711,3958.50125630126
4532.61126474539,6296.50261839781
5028.44138689526,6253.87880900244
4078.29837383104,5250.74140910589
4132.94786034539,4671.68300424657
4006.96812968462,5575.59192215757
2806.4123385042,414.98539786705
3861.49841678027,6349.98112211042
3926.21914621745,4845.41773591312
3982.2881249974,6163.57299568804
3823.21639477109,4346.3212591953
4097.78150874246,6390.44540973414
4378.96200106881,5908.45554223347
4277.28075086331,4297.04805096321
3440.29949124634,4719.59208143591
3304.73021402917,6832.42598186217
3805.33012580863,6904.03398164638
4139.384729265,6612.2029666528
7706.67874796552,2483.5472519828
5086.59247287449,6484.67235979977
4517.30135782205,4992.27071350346
4622.56021765076,6700.46258340308
4140.305230829,4536.99176655723
2879.62290233623,5717.38712807948
4121.10970447556,3111.0263888863
2860.48024763905,5878.16388340563
3852.04365206963,354.06176101892
3770.53804242906,6450.00499482487
4817.51126170894,6424.99902664626
4357.71615839085,6581.28632776259
2960.85635395993,544.902758332735
4381.48197940878,6049.73909330054
3395.69030742282,6528.71696284164
3784.83878194194,5456.30191845431
3923.09049801529,6265.87013823691
4283.69591043366,5904.30648650146
3854.68412190899,4132.00891469752
3834.81853602621,5324.67976418353
5067.40056835849,5059.04801488953
3879.02109016543,6892.32638828597
4487.17284466249,5095.70449096954
4177.28027556307,5654.75845957017
4512.47778716789,4690.66455365082
4719.61732398341,3602.33704327781
3628.14966033521,4440.0936398651
4292.66288018751,5625.49011045202
3798.92825097285,6373.28213791322
4135.11366468942,5559.16737846179
3863.24309049575,5137.13500284394
7830.09147080057,4424.52157235723
3749.91725153995,3706.3391382025
4303.91421720335,2807.94277278339
3858.49567236933,938.178439687283
2726.78273509402,6022.68735141305
3100.77917955193,2692.63120271799
3464.52242933447,5522.34049171525
4029.69018012975,4880.88049161691
4422.041174769,6506.21176062299
4406.02465473671,5383.0460517533
3704.30649902961,4414.86017556095
8778.91903116903,7392.04784506615
3198.04759813413,3598.58589433787
4436.53527680904,5743.41598311253
4243.01863528607,3241.22796093819
4006.60838957866,6343.10465000341
4082.92155974413,1465.12236616293
3780.22658733861,3761.06802489509
4212.84985766385,5141.73820511654
4374.86867310373,4435.31960407072
4180.94633688808,5280.06684368305
3314.69019163354,734.152472048146
4477.87016688278,2449.90277386234
3630.84607120717,7202.74146874698
3403.74193040408,4864.34262271361
3781.41424772832,6042.74887313075
3753.06346537003,3847.05437181095
3893.99346502129,8135.40708092128
3779.81291171689,469.998496145854
3789.64870724001,823.605597747022
5049.60331002868,6458.75725282949
4846.07391896315,6834.86966236312
4066.07922219427,5964.88938130188
4318.09051238631,6553.55252035373
4621.56314419256,6188.92020805496
4293.05752406777,6431.25051869091
3537.95111494169,4441.57109611537
3133.78372438136,1565.82819868494
4384.76819327585,6167.09664850244
4236.67975648844,4458.33646114422
3704.28260012569,2566.63513757425
4462.87933486839,5219.71144500817
3751.27584854345,5199.30867910216
4641.97395003078,6459.72347708017
3065.71720937972,890.894448274123
3516.81329311313,5515.52068221199
4142.33340701142,5298.99173048354
4438.6880136053,7229.28155577963
3971.16532173242,5229.99782186682
4569.37434301729,5962.84318473776
4019.09106130518,2832.77833029547
4076.12643172222,5922.77680390611
3919.22807065928,6626.80838705474
4163.51885748033,4449.41421532832
4222.01748652219,4807.68128751966
4464.09149027666,4599.33627633723
4500.77002317344,2352.72048844091
4055.4397313425,5545.24360072597
4077.95049494707,6194.2621384527
3714.46170170885,5401.40262109519
4249.30320768086,6339.12642779317
3461.1029059961,1350.60639825405
3936.06594372808,3598.69964240064
4559.11138672676,4356.38056278366
4723.49267454689,5640.09595370922
3955.42202337152,4901.90823758529
3941.3280968976,5009.60439599091
4261.35335073897,4345.80960434046
4266.75124264747,5790.9842389688
4703.92022475401,7391.53619021131
7649.24244866984,4395.08281257255
4244.3268970209,3682.58313014861
4272.58330681161,5963.24109152983
7823.94889366086,1735.24356966676
3671.08201592952,3534.36602151552
4499.09807184588,4991.58864798209
4412.50932758717,4079.15539104727
4073.04937557784,5704.54289980186
4538.58312266839,6866.63835458598
3998.42104738228,4421.85081858599
3749.45504694907,4717.65963293455
4152.61713441733,4819.44554348383
4253.79248976271,3690.48291196532
4397.26668418183,6437.50201073557
3778.84850219604,1622.31891178474
5708.96779452746,6767.35363285192
3684.45897085727,3365.00741885128
4410.97528133246,6645.39245252217
4018.39482265457,9327.62378386672
4274.01111083531,6405.33541172063
3904.47005231907,6287.92077105972
3222.98778748038,1012.17335165487
9013.41307347239,1279.1120408188
3780.35666365782,4390.59335836272
4055.77218111879,4761.8179840392
3915.15827970759,5874.81106411302
4047.22892582292,3781.47036794585
4277.85520904512,4751.19036299224
3541.50508764382,5956.36461942281
4249.52504079073,6265.52931690384
4106.6310952784,6033.03039087545
3726.56213117971,5432.77382938122
7988.85735236211,753.191106911408
3382.86507880677,4416.508465333
4283.60687487603,4058.9801212668
3937.85038092107,4207.82220996225
8443.88814735536,1676.0249116229
3021.23903785937,1729.9014278414
3794.55347934017,4571.65913153212
3753.58467745984,3913.77501059326
3760.62403871609,4638.60684358472
3180.99612764071,4200.14992427109
4409.81664251537,8081.41692235382
4471.52052905114,5205.38976048028
4191.94150380319,6289.73947149831
3117.79142490341,3031.63256677578
3970.90896069288,6952.51137629432
3275.63868289893,5459.93931933148
2770.04002041494,3843.70112966308
4213.9731928325,6204.49185270758
3749.69759090994,2079.70082361267
4223.54531028953,5010.91144157465
4154.50841591885,5227.44039330309
4434.06835973686,4711.80604768197
3636.07746509618,2210.92528251901
3830.51694085378,7354.08474625765
2982.36506577975,3815.45609025462
3728.63717885086,4926.17547763877
3714.61794180193,3787.32437605368
3593.75396539832,5711.13563603482
4448.93626466054,4679.29820447873
3691.17456529298,6159.76518414433
3251.92431837472,4056.5360179106
3702.62614675301,2075.04053588106
3583.26112072269,5181.46376461511
4044.61145828346,6865.84296385709
3842.10252388302,3320.6786570801
8918.41567282103,1641.357546648
4575.47265326665,4887.8707117867
4139.04829955277,5304.39074634029
3909.12980931753,2308.90317009696
4537.99780807161,4879.28928730387
4147.56555707376,4272.38332697291
3954.60700475114,2617.95433094284
4171.28786089362,6778.49248589847
2966.18408730634,3174.79169231281
7221.9211121174,2024.23299736732
8129.67028048275,1555.59848443005
3102.7295188447,2463.14448607678
3613.6516996091,1472.62413547375
5013.40687904282,3294.59292801566
4454.18587141718,5834.63093521861
3895.44505153691,6693.52902583705
3794.36271644749,3542.66349869668
4078.65728765026,3547.77856725174
3819.63693256913,3355.9143395136
3829.1079026296,900.328454658676
1453.64537831235,2932.91573964507
4069.23439657412,5656.34966388322
4522.65874816619,6061.27585313916
4792.95710893302,3824.66249479982
4642.00823114091,5689.53957260784
4210.00210235603,5813.65985185398
4184.16381840494,5605.20109260878
3751.69104546433,6377.60160431177
3759.60166914078,2767.02391576384
3646.09282104082,5538.87836061855
4278.32954279053,5168.84703246304
1638.90654420797,600.143194166362
4145.64860251383,1732.11782364443
2253.23179800356,2641.82366420425
4212.85257544872,7031.96207243623
4717.77420664595,5655.72468382085
3868.36214319572,5853.10125262326
3161.42211129796,3687.41382854675
2671.34152580969,1706.77092841894
3767.70019780093,4674.8087502689
4210.39918277047,4516.81649677676
4450.91138789377,6416.41760216343
3870.76526656725,4937.14392001879
4366.30164750623,2708.31680686101
4233.69316730311,3293.74045182776
4135.58154212891,4133.31596028126
2527.85817949649,5454.42655541197
3997.83304746226,6190.05684297217
4233.25284076213,1002.28467016067
3828.27618573734,4943.67957079275
2288.47051272857,653.906015178999
2369.45647008493,1375.55549240128
4223.60938990255,3951.28396286118
8455.19529055131,1892.78125376307
3847.11007366733,5727.73059039714
3773.76645324782,3090.6807084393
3285.6635090253,1831.68712696305
4337.17291660497,5413.67810905895
3413.87040613731,6218.98394790201
4441.88427562541,8507.03003624509
3801.09558204035,3626.20637653921
4407.33230119913,7681.03727276671
4375.0896984177,4602.06411556748
5024.15106282815,5567.18090834127
4376.71155784714,3530.38779930529
8790.55564035039,1272.34910534693
5235.33441471155,4984.03011035369
3879.78003412639,4816.5468707318
3737.78955961648,5434.19462302774
3610.69110484278,2630.05940824008
3259.46541965877,3884.39291341234
3078.19359495816,2956.72819887509
3648.78443493366,6048.43204771679
4245.03908894453,4767.04658922942
3852.75337430276,1859.193649674
4407.63754996564,3795.67830441097
3304.47398498857,1937.73520702424
9770.08099982795,1914.66147591935
3429.00009905745,7219.56349637959
3643.56831394122,4412.53024312277
4959.36165283552,5015.17382251419
3372.18756733312,2853.12401074248
4297.50421289985,5541.43578918227
3302.6970777413,6311.6196936546
4151.8532024362,5420.78207729151
3425.92532980723,3247.59320104562
2039.1119784464,4141.04490857619
2014.6033702019,1572.76165053716
4335.04775051961,2859.4892508499
3738.771841838,5486.99106121897
4682.93340570641,6117.31220827075
3461.42683176659,5885.66575843027
4426.77736357911,2884.09731223644
3523.38318235914,5145.602679264
4000.25681861331,4065.85659337382
4376.22304726633,3118.98283330677
4466.58921337839,6098.78480540708
2944.1612038235,6439.32071117415
2850.08244227944,2965.82127821276
2767.74644375128,1213.75553307924
4581.41784706569,6601.00702814723
3390.97235180614,5483.69490453012
4154.47216249315,4827.23157723777
4522.09728602897,6913.63829298365
3736.36403507837,2587.60600951124
4189.96637786799,7821.92333989695
4343.2414438794,7230.92984555168
2925.11170003509,142.875003972744
4041.15448238264,6397.03772311185
3152.24686685674,5923.68636555303
3763.55612436509,4743.74557342662
4218.47459243407,5483.01283900874
5511.46129730115,5411.68899795383
4822.08066773604,4797.96322811962
4094.62342275855,5099.56896511701
5012.56339160216,3046.63610539742
2733.12415903996,2474.17001391582
5061.61049090793,3814.31945533741
4497.57973307531,5575.7623328241
3684.32894186581,3323.80440310243
4095.21560500388,3596.08555123316
4457.09352550958,4383.65980079669
3573.15649611809,540.697198567678
4348.82925817125,5737.27823913065
4123.02338388996,5482.16036282083
7071.48414919429,1639.25479319392
3314.63888984107,4928.78956880625
4782.35834866965,5053.30817769972
4618.60950165605,4976.24407659976
3061.01883526101,1051.89869972582
3978.24916585528,1302.81085769986
3821.62200284654,5787.63099682093
4273.04600280315,6003.13706169494
3318.12882733027,3420.3048344301
5331.37208274063,6107.08249401587
5471.53426993979,7016.6175010539
9042.63454383748,3522.60197697898
4154.37872980016,4754.88442647317
3839.78891529103,6741.66559915193
4813.28386329212,5346.73039700635
4126.84488785946,4167.18751167201
3488.87622633616,5994.10064496102
3335.68250388135,4447.25427070142
3845.2948408211,6975.64198143059
4236.78561073564,5315.98459163793
3221.41276679121,4087.50931940456
4270.71147670458,4159.00399398125
4746.48245284271,5133.72509809231
3402.74653789497,3209.00448789188
3369.14047069076,6227.22455105178
4130.75532571388,4331.03335041673
3333.65604194468,4573.13658778239
4102.24679769051,5417.25842447711
4132.46116156113,4043.805960551
4632.92537821449,4841.15535497359
4781.45973053589,6182.66871601031
3039.14648337671,1887.04120514563
3699.61261824494,5088.99842952906
1632.63887024374,558.087702229604
2262.09040585751,6737.57362887892
4167.25137062006,5332.86328187429
3590.52885185719,4333.87493770976
4186.63308120681,4475.3293222986
3635.91442108282,2748.43985029641
4041.56995036902,6143.45481136658
5003.53751690173,4121.15379752502
3921.72440456916,3351.19738917823
4171.10291064557,5429.76140856642
4297.00435576165,4909.2397019434
2207.42688944572,4421.73707052322
3561.03160240225,3812.84157623189
3322.40177736459,5287.34122258214
4182.69092422403,6564.91886952582
4094.98737049739,4910.77424365268
4062.46539559105,3375.80545056477
8572.88403537333,2010.13880896497
4288.74877588694,6637.66350422724
3622.05589709104,1699.95111891568
3851.71881612056,4999.09052300672
5527.58975557683,4148.60344620458
3490.14825495761,5962.44570080093
4823.70973180328,5564.05516231894
3716.0278609103,1206.36740611738
4177.08250772842,5650.8368999637
3479.78439305688,4719.59208143591
3748.12682057767,3890.13275060215
4677.47077870267,6130.61058308895
3703.88810821235,6781.39073579525
4123.00520382225,5809.96578837305
1854.872130291,1519.79448453795
2951.81043348235,1029.33651776197
8989.88966823,5349.40157363284
4165.01414107014,6222.05303132057
4593.38958850021,3073.23327788908
2566.63966763968,2137.21463499453
4514.94082157307,3689.17586638158
8770.06807335394,2999.86366312529
4189.69063140492,6027.51804981119
4612.76841504419,791.325197812411
4002.16003854164,5591.05024160267
3610.03740111287,3986.00799043984
4247.10366701917,5960.91115909165
4711.68155454156,4116.94850204449
5221.39767122479,6182.95287473961
4065.27134077674,5896.97544499861
4085.0175240431,2844.37196416549
4645.23162695382,5279.04395682862
3486.43468945822,3997.60183573747
4656.8522238904,4351.03820953067
3428.61519169887,6006.49030384281
7987.43713216257,1083.15615994909
4949.21473165699,5444.42433728262
4494.62787448069,4474.36309804792
4060.75347715925,4094.84078376266
4162.05684104297,8221.05302935933
3488.35689427927,4232.4873568078
3878.29933564263,3573.12535676342
3947.88599423708,4684.69722033547
4347.91068593374,5164.41424085697
4147.2629511902,2553.56383602634
4068.86133825468,6356.40302482161
4601.72577838438,7286.5682938912
4156.65876636014,3480.26232631291
4046.72265503208,5007.6723703448
4160.74427079027,3117.44850302511
3691.54015556055,6024.27855572609
3747.31157501657,2411.20031264583
3616.09227928486,4510.8491634614
4351.5798912222,3098.97818562045
4254.27507778785,4880.48258482484
4168.84057693675,6141.40861480245
4028.23270300895,3674.11545372855
7987.89827278399,857.363665359531
4174.64626701232,6714.04511695058
3425.76063480124,70.3577002190344
4350.52017323945,4858.43195200202
4779.41148935218,6617.14699025846
3734.0631639204,6124.30242844054
1288.23091993029,334.22747114223
2618.84740344823,2955.36427925996
3603.62019311647,5660.49829675998
3792.27259592156,5187.94232993006
2713.73935652219,3892.91767529141
4021.24029081609,4361.09751311903
2471.46910768561,4307.39151328087
4104.24349244697,6003.70537915354
2078.90492498339,4729.87845829456
8229.69576065193,3804.08974108253
3620.85421933265,6329.91960039272
4374.44426554714,4065.00411718591
2032.96024722086,2415.06499822092
4105.62365720842,4550.1197307089
4086.7766640346,5779.61788979671
4137.57299862368,6160.90181906154
4385.05298394337,3586.36706897786
3921.25361821869,2405.7444227577
4356.55071588975,4653.89475236329
4283.12330229234,4556.25789754603
4224.30315901168,6349.52655271459
3834.6192846972,4124.16579548457
2857.63381554715,590.083996291819
4114.56347694939,3221.22331325188
4102.53334487077,4101.49018259939
4431.95499220488,6374.87334222626
4330.74511912558,6221.54137646573
4064.54885443183,6060.9350318061
4012.03206285861,3943.78208783655
4263.8526675692,5829.40233002839
2463.02822921144,512.110862113998
3673.00519800414,6025.58560130983
4410.58698726479,7084.24727862787
4257.94180891988,2908.87599571713
4311.50073471714,4425.54488206692
4371.04932266973,7198.93408005853
3945.92977914903,6208.41341231406
2202.16227806552,2541.06085193703
3519.7528231786,4876.10687867778
4291.68150116217,5378.10160529239
3741.93684041405,8186.95398184304
7911.45326013785,4797.56532132755
4411.31086483356,4867.97960073553
4340.32452864302,4606.66731784008
4391.63182739841,2575.10302542194
3192.96463386459,5820.25258808695
4255.82067413024,4614.51043705303
8468.2376181164,4878.66430724151
3667.03149346034,5846.22478051625
4088.97183462891,4911.39922371504
4028.39078274555,6721.71740264175
4682.66389352537,6424.14655045835
4321.09148352711,5001.70503702945
3792.7655743956,6009.50230180236
4216.6833233594,6304.28865215174
4699.44424135571,5816.72893527255
2959.84430152049,7372.32756753677
3826.25808502101,4019.19789916446
3946.95178290483,6324.4068364732
8670.95110639054,1239.55710341438
5165.86163072076,4664.86319474332
4338.12865611047,5026.36976101975
3597.18880800862,4759.71512487131
3594.78689340655,1625.72881653637
3601.09863709396,5823.15083798374
4071.5809693226,4456.6315087684
4193.48187108424,7027.58594343392
2817.03854686903,271.59890834674
4050.10605680147,5216.86985771515
3591.33460955603,4702.2017363447
2261.74385154453,6810.77283297617
4988.84921858521,5066.60655251792
3550.00822075099,4390.08170350788
3728.95571723864,5367.3035735789
4755.20786008246,4501.52858799818
4091.39944889143,6824.12829325339
3317.11545811652,4324.27062637249
8234.10907997473,2865.8542795297
2834.68177282204,3659.4529478676
3409.77715855841,4882.18753720065
3648.37042837653,5625.03554105619
4373.00684533684,3831.02773490725
3824.16650386955,6182.72537861407
3210.56370935051,1412.32561083025
4145.33700085351,4201.8548766469
8324.40771194394,5243.58077826957
4268.54013825324,5551.09718597855
4032.95361062126,2598.40404122474
4395.64696509276,4961.2974120095
3831.8076918325,4488.40062384651
3612.01839277047,5187.99941538907
4434.90568063981,3916.33243915698
4640.36899087777,4883.21084691035
4442.77140133673,4479.30754450884
4300.88400015679,3639.73224748296
3697.69065056852,6128.28065065078
4166.33805270004,3158.70839280535
3862.29945151178,7128.74687392084
3545.58325166663,3831.93729655416
3002.50571210719,2135.85050395178
4606.86718150747,6771.44518026967
3212.1653001128,1508.71229409516
2809.38108934184,3825.17414965467
4584.1897962331,3443.3216915036
4943.54155761642,6339.80849331455
4218.08998866292,6391.58204465135
4012.47686704702,4549.89265743861
3608.07746613015,6018.59538114004
4954.62199017696,6359.52877084393
3276.58869351685,3945.60078827513
4636.01520115605,6266.72261442481
4533.0388940531,6755.64603949151
3845.0359574426,5944.03204600004
5138.91800676004,6017.96997822243
3961.99702391856,4581.60468705771
4207.29528253741,2593.28918409729
3656.1757917975,6982.06388414177
4646.68378757551,4235.4426921636
3903.08337813978,6304.28865215174
4238.99431400526,6099.46687092846
4034.48991563568,3220.02980430328
3530.64202628512,4380.36364410783
4250.15940997873,7089.24838769255
3470.19954966802,6316.45039205274
3681.38791128462,4800.2931605578
4372.14814562297,3751.40662809881
4134.31128798852,5646.91576321248
3248.4002455659,2475.93162889539
4290.15963281479,672.774186518823
4190.89270543038,4972.03878111923
3959.00870698319,3884.22250274581
4636.90060750415,5773.53680841858
8244.76268931295,2790.89324902524
4149.8090622948,6014.10550407496
4646.8879016008,4848.99805133128
4046.95374680292,6753.94108711569
3610.01378611949,4547.90354633349
3430.12594941797,1155.67350995259
2659.52254933124,3391.20689597849
4196.0911309707,4770.79731531411
4009.86906348371,3449.17527675618
3841.04362799553,6122.93829739779
3773.6681021054,5057.34306251372
4328.28657874451,6708.41902782354
4139.63896225602,3490.2078818385
2941.68206424427,1199.14979553586
3958.46725441561,3793.29170936904
7920.26202748152,1883.57442636262
3794.5707152344,6018.70912920281
4721.49021754652,5141.51113184624
3571.25399734847,6495.81163570158
3474.99308031724,4234.98769991251
7265.01694795762,445.33356072793
4298.52625151602,5264.49477617518
4551.35650112193,5340.13808362864
4265.88942606496,2440.46866176398
8012.88633460833,2157.1057460457
4391.78264613571,6326.16887430803
3926.46300168414,6152.09289845317
3789.01132562167,4639.68681589817
3650.8091381004,4015.33300216174
4811.78766128189,5143.21608422206
4931.14258358988,6012.17347842886
4094.49585333172,5195.61461562122
4090.99501303288,3241.68274176165
8272.85345967121,2739.57426708428
3688.60250124984,6089.80547413218
4496.25324392003,3509.53067543106
4129.21753630094,6121.00627175168
4243.82587361672,4518.00979429772
3577.50409666462,5962.33195273816
3448.06947117792,4027.09725812592
4492.9489710667,4163.94801758691
4116.00123095665,5991.5432163973
4487.56315276016,6351.57232642347
1645.22992815854,2726.33234344221
5232.84403693056,6390.95706458898
3403.79617190671,6494.78832599188
4534.8927111975,5996.03309346238
4008.25920729069,786.380857065312
4208.18110008813,2790.49534223317
2919.08388402818,2551.00640746262
3649.87499794536,653.110413022477
3972.83905594248,6374.98709028904
4508.64265915863,5471.02150977428
3841.17079946928,2044.0672343871
4282.83783808965,2804.24870930246
4811.11081805996,4420.88459433531
7858.53169685788,3803.69183429045
3955.68335169723,4745.22302967689
3923.95818957034,5368.26979782957
4620.28634033853,5524.84125767521
4626.5377302387,6047.74998219542
3930.88568023032,4561.71357600654
3686.74949581847,3249.46856408796
4065.01811726994,5312.5746868863
4171.48711562811,4336.48945173249
3889.93861821269,5188.28357411837
3339.24543302867,2619.2045024952
4238.54665151959,5647.93865006692
4185.72892236593,5488.69601359479
4363.17032950907,4538.58297087027
3845.78490412931,2871.02601068853
3654.51745416246,5584.96916022455
4153.25840009313,5155.94614158166
3897.70125664731,5093.31747307235
4724.99706587642,6334.18198133226
4174.4361776705,6617.82905577983
3559.45236301243,3450.70981846546
3357.72137026643,5483.06992446775
4652.2559535848,4012.43475226496
3613.98965798129,4613.60087540611
7883.9517850274,2848.69121913641
4461.76316143797,6956.31918783803
4328.45824515901,6066.95902772521
4162.16459560212,7163.92504804007
3787.88894430505,2164.3801249448
3937.93745658567,5770.46772500002
2776.37498398941,208.061008546183
4311.60105147318,4478.45506832093
3933.25248971901,377.703756725501
4384.72097599372,4420.54335014699
4619.19223395029,5909.1371848996
3764.76516079294,3921.67436955472
3757.97442424822,5596.05135066734
4679.82170309202,4436.5699870507
4196.45541298244,6622.20518478214
9446.77453524732,3282.03306989497
4660.73413293705,5318.25786147235
3746.08535326978,1573.95515948575
3663.67046966139,4488.28687578374
2962.2322284518,815.194531073815
7823.68262641144,506.541329876908
3959.0027487808,5207.26512352262
3611.7730000756,3717.53465385281
3976.41153166016,5265.1201790928
3265.97373010512,1071.84668480838
8133.18822642438,5543.59573380917
4321.62423008397,6670.91007555562
4681.57504117972,6563.32766521278
3673.62114378847,308.596364330533
4710.64401888885,5320.64445651429
4374.56417260962,5136.45293732256
3475.06478522179,2153.0137757727
4855.67540267939,6626.80838705474
3428.96883746764,46.1473771431794
8589.87532480246,6919.8897850283
4293.12433655198,1839.52982332074
3758.60327502145,4116.43684718965
4053.30167842692,5460.45055133108
2762.1317564591,2499.97158425095
3996.37217294868,6395.27610813228
8508.96122381178,1607.37224719448
3453.60171588444,5150.37671505838
3893.71766340148,6366.97398326481
4603.92798651735,4951.97725940153
3169.37737394599,2199.50205931552
3598.17949422018,4101.03561320356
4256.27610083076,6053.3194087187
4041.64435980499,1192.67091307948
4469.336273988,5543.36823768363
3467.59746565632,6683.5268077077
4284.8235662981,5127.47360604765
3030.60718996323,484.376948991319
4131.79132819119,4406.10834041158
3338.27640198088,2332.94312545252
4125.72106960993,3499.64199393686
4712.41787889232,5071.66474704161
3931.86703033134,3522.71551361412
4160.05989794353,4831.209799448
4001.07157020702,5873.39027046651
3976.49140292704,6642.89210941746
4072.97112971454,5960.56991490334
4011.90567942333,6177.89468021593
9023.01458189484,2343.79781976977
3769.96230947503,6313.66589021872
4446.39163575305,4194.63716035157
4110.77392126122,2578.00148674635
4698.69129956711,4837.63170215919
8490.29820835543,2070.09630084778
4671.34617611672,5636.40189022829
3831.44797117727,7257.64076610611
3313.30832918802,936.302970931125
3766.6488731945,5979.83604589214
2742.52034886563,2941.8952823476
4303.56091720527,5012.38932068017
4317.4438540453,2793.9052469848
7868.44094908677,795.644399926427
4536.30126142744,4753.80487701497
4303.67604268112,2965.36670881693
3987.58954527393,1586.96958700228
3572.84182827449,6817.99054927151
4626.88211482654,4263.97189030136
4677.4844658502,6320.8831836588
3987.02530243029,6242.34204916382
3494.7440423394,2388.35407766649
4197.74927015876,6355.03931663411
3628.47286314584,4126.26865465246
9012.54395946734,2660.80542503612
4404.73871599632,4426.90859025442
3827.29038512935,6707.1119822398
8035.70578092605,1946.20309487192
4848.26681155927,6121.29043048099
8645.81948798076,2585.95793116681
8143.38015318435,4758.12392055827
3856.17863662902,5560.8723308376
3879.15916944918,2261.050966939
4575.78285354947,5591.05024160267
4088.77722215287,6127.8827438587
4665.59944487483,6268.93922165547
3792.45092859637,5520.06722188083
2934.47180229848,1445.1176127628
3974.12660796855,3431.9553423315
4127.15483012137,2646.76789923753
7627.44069385727,3383.76189498524
2320.15014354725,3597.61967008719
4173.49773510482,5264.38102811241
4898.10550115916,6026.89264689357
4446.68354337445,4009.1385955761
4556.10771761798,5927.5508397005
4134.30220282255,4246.58154521015
4627.73722692984,3957.47836944682
4372.71605117194,5059.38925907784
4758.84732501245,6945.52115612453
4043.52266075398,4878.32306305319
3898.88587218981,3851.54424887603
4306.21084926132,6946.94194977105
2761.7923386861,2382.32987031975
4623.37774652519,6973.70953292923
3992.84460624288,5035.12201902437
3146.37008206706,6586.40118489004
2140.90747075105,1359.52896121139
5415.57736416871,6131.57680733963
3146.51586752624,3962.36615330397
4384.11561375898,3251.57142325585
4110.21107590625,3042.6010091558
1970.81949019576,660.157507223652
5030.92587885327,6739.44899192127
3967.58977864486,4989.59953687697
4137.25113981266,5498.41449585008
3702.30504958857,3913.54751446772
3744.1608091561,4688.56211733819
4364.78719256777,1536.95765064505
4628.28593004789,4741.87021038427
4783.30877571011,5339.74017683656
4204.00348064329,4302.6745629455
3488.71517295869,4633.20782772798
3848.95565506966,5924.879663074
4039.52249201031,6762.35210093199
4090.14732056802,6074.00633335401
3943.80692981374,6376.97620139415
3644.89277988822,2573.39807304612
3807.16615540182,2816.80856742315
4089.16148762464,5478.97795419475
4189.78765472204,4388.83132052789
4298.15192447837,3179.84967540887
8480.94281844074,4861.38728735782
4502.25495612959,7067.3115029325
4463.11200498257,4911.91087856989
4303.40635742645,5458.34811501844
3854.36661946121,5628.95667780741
3963.50588593774,5344.62753783846
4474.11848593322,3462.92864382547
4623.15550113593,5041.82808046485
4309.76113427988,4778.35627579775
3645.58169368072,2289.92140926508
7996.19396408613,1258.53896996007
3474.82700356297,2828.856770689
3520.52651874506,5130.42894140345
3336.94489116164,507.734785968597
2931.34127828278,1227.11099335646
3673.02696651377,5419.6454423743
2888.27110087777,4480.27376875951
3884.23223596324,3265.32457889751
3626.5010539278,3670.13723151832
3839.5330435337,5161.3451574384
3405.82725973944,1115.94816188164
3737.32514273796,4087.50931940456
3886.09223979091,3744.81389186584
4771.16688062815,3937.98516518773
4323.47591520212,3621.71649947413
3813.56369096826,3968.73097055615
4799.33437988484,4721.35369641549
4158.03942372319,5269.89379203193
3804.66339233202,5973.75496451402
4611.63213801574,4914.9795391332
4599.87929476293,6640.44800606126
4502.81895244003,5347.2420518612
3784.30986701785,2137.49879372384
2126.78549736627,713.238368428725
3225.35435386783,7084.81559608648
4151.42829105994,4958.45582471647
4193.59172424412,3103.69513595582
4412.08503776333,5859.35274466792
3801.60890979182,3490.71932526572
4315.23458713204,5225.05379826116
4012.50823346158,4148.26262487152
3854.83363500249,4942.42918781277
3575.39400240506,5321.4969327022
3290.50949430857,2298.33263450901
3531.11291997203,5464.08795220825
4123.30371659273,5852.7604312902
3626.11396568871,2804.64661609453
4155.71358816041,4033.40583562958
3674.04626513216,5315.92750617892
8196.72885731687,2112.72011024314
4351.08691914077,4961.52490813504
4470.73843705734,6719.15997407802
2382.04276938226,3007.081167993
4274.80546474036,6510.13289737422
4243.76904687838,5748.7012509065
4322.24344798226,6216.19944606799
4172.51870785991,5763.07959803815
4041.35609053431,5549.96055106134
3960.12849747457,6163.51633308428
4139.41639209254,6872.1511185055
3140.18265022604,4570.86331794797
3996.8405699967,6114.47062097773
3778.02006541798,6520.81718102494
3678.29725253403,6551.16550245654
3879.69928213557,5807.86335206042
4430.82056536833,6648.23403981519
4382.21012623924,90.7034599513969
4186.84814842855,5916.1844905284
4182.7708865699,3503.67687875086
4695.30369725324,4987.49710056433
4354.14286502736,4925.49341211739
4292.90094953331,5139.40827267836
3731.9622778591,4409.97281455905
4726.05218129131,4948.68067985742
4607.41098536261,6297.86632658531
4166.45661532203,2653.36042404287
3766.5234433272,5318.54202020165
4854.8213773725,4866.67255515179
3394.59747644807,4489.87808009678
3845.83850735393,6745.53007329939
4136.16989594126,4410.37072135112
3846.04199720673,3929.63081397518
4296.96346548055,6537.41213538725
4604.54098900193,6636.52686931003
4553.50915559203,5706.41868569945
4136.13756617661,4032.95084337849
4007.73308656303,5022.16446553923
3923.95835260505,852.53296696139
3335.24965181504,742.506717546875
3182.51316229051,482.785638964463
4502.59410156478,4417.36094152091
4730.29740709381,6091.05585711216
3971.05678053789,5908.91011162931
1940.34596482885,2170.91577571875
3916.35140430161,6182.32747182199
3781.39835244675,6389.59293354623
4278.30810696733,6224.32630115499
3654.2233910139,4483.1720186563
4240.59171625873,4954.76176123554
4350.49216883695,492.844889695913
4280.63502551807,3468.04350095291
4456.1380390756,6032.51915887586
4780.07564031527,5606.50813819252
3886.35801125057,4180.08840255339
4144.50738138811,3652.9739596974
3035.25105074425,1361.40442996754
3211.94714837203,31.7121130339052
4647.8760162385,3472.93107338244
4852.23035637919,5133.55468742578
3759.36680476001,5251.42347462727
3422.46762139213,6836.1200453431
3702.52868124246,1416.53122345221
4026.43351418982,6294.11560050062
4254.51550691502,6399.08391967598
7948.39931852851,1381.52282571663
3923.1317684528,4685.89094071169
3609.08409207403,1079.12116942128
3923.03709800262,1106.45717575189
3902.08452481001,4395.70821549016
3033.31004710623,6112.4244244136
2905.34693681848,3610.17973963551
3888.71202842058,6371.97509232948
4205.15104970748,4955.78464808998
4243.66756302401,7321.8039763247
3964.17269867856,5276.31569474311
2727.75157891935,2003.14837736755
3845.46846358463,3950.65855994356
3729.25614051349,5490.00305917853
3544.00535423479,7359.25626598886
3772.55059268806,1643.97184924311
5178.84144424417,6599.64289710448
4729.73481633622,4894.69052128996
4101.16461645813,1330.43112847358
5003.38030233215,6589.35652024583
4358.20079505878,5240.90960164308
2511.76578686731,752.281809549022
4528.72311904961,6067.86858937213
3845.49098462742,3732.93631069415
3890.26315117444,5946.53281196
4333.12748546499,6995.93057641858
8187.13757571284,3269.70070789982
3055.66501979934,6914.94533856739
5523.70203937891,4645.71081181728
3384.60642370159,3620.12529516109
4658.10251472345,6249.33226933361
3153.22810764906,3995.10106977751
4042.4970635025,5383.95519054497
4542.71926705404,6790.54090059194
4742.59672296052,5972.22042280474
4526.09249595285,6440.74150482066
4117.84340467592,6390.7862310672
2989.20303225417,2249.1163003083
3740.37464655044,4384.73935025489
3948.1364030076,5808.77249085208
4134.82651219528,4183.15748597195
3974.02772456943,4165.14173796313
3169.51291568896,5762.39795537203
4021.45030567907,2987.98565909835
3685.86078892722,1233.07832667181
4646.46075660119,7194.84168693028
3910.84957817334,6004.67160340422
4063.31196347167,2812.77347118153
3226.1916423305,1561.33853304749
4312.80882567673,4522.27217523726
4360.05254631897,3158.02632728397
4315.17808365114,2977.86969290624
4588.8723918867,5362.30246451422
3899.17962956329,5667.71601305531
3275.38142486007,5155.43490958206
4160.63458281668,5800.87270903538
4203.87479216546,4867.35462067317
4140.728351473,4636.27691114654
3454.05365373629,6577.19435748959
1010.54748747732,1223.13277114622
4300.26009929054,4957.2625271955
2574.10193506264,4739.42652988332
4360.29689048453,4123.2566566929
5220.54447742557,5375.94208352074
8104.45435824073,28.8136946557318
4144.72996904,4046.70421044778
3341.71381500925,3110.57181949047
4578.87394725887,5363.7799207645
3439.95818688877,1822.30988889607
3741.65017799158,2629.54796481286
8075.96545576283,8055.61514059106
8263.75045239786,1209.43627810832
3592.96786776773,6078.72328368938
3886.61272590808,5589.40195183062
4397.10980091827,4821.66172785924
2605.4471000858,2551.80200961914
4473.68128460734,4216.06281311202
1948.14718935542,1091.45363713025
4950.74393717371,7274.97444859356
4637.05630916319,3673.3196401444
3953.70365091368,5712.3860190148
4356.50871433649,2845.56547311408
4436.47965885934,5140.54490759557
4389.80227318355,5756.20312593114
3748.20964973407,3789.37014976256
4363.00476039725,4254.70840029715
4054.09429534239,6617.0903276547
4596.52011786269,4350.58364013484
3901.07841883722,3675.19500318675
4198.94029938884,4681.17399037632
4129.11192260544,3487.08213581617
2919.54158325392,1675.51346819568
3123.85537218593,5749.49706449065
4824.15124648451,6357.59674519783
3001.21763027696,1775.93514198839
4182.32300853318,5947.66944687721
4454.42762262756,5389.75211319379
3717.3471509075,5856.90906416697
4281.32430972252,6524.73874063141
4085.26317196125,4356.38056278366
2863.84912067832,5074.3359236681
3490.27053219004,4850.9871624364
4059.63157366063,3108.98061517742
3141.38145818216,3926.61881601563
4132.51162025263,5178.96299865515
7094.2787343393,1754.56636325932
7979.70900385086,2629.71837547939
4054.75481299143,4769.20611100106
4452.10358241757,6472.1127131067
4162.6423721202,1790.82514397489
3391.4648247807,2445.58351889142
3810.24961876601,5539.21960480686
3621.10547945718,218.74538469649
7982.84564956857,2078.734599362
4148.77687344995,5438.6274146338
3958.03912100732,5878.67553826048
4490.88367898076,5673.28543957859
4353.80171021579,5665.27233255436
2938.40653642427,4372.74802102043
4532.01513681535,5660.44163415622
4674.62026882671,6440.85525288344
5134.57158300577,4561.71357600654
3756.0805162994,2658.36153310755
4086.45656629654,1674.49047562742
4028.77540672193,6330.77207658063
4345.62177498289,5464.25836287478
4697.26314930011,2594.53956707727
3593.83811413263,3589.60656306296
5105.22647110669,5134.86173300952
4454.93527753948,2327.1462028037
9036.12519551318,2169.09707528017
4315.44945874219,5739.43776090229
4316.10684034644,5171.57487169329
3907.43357146842,5858.78442720931
5204.69220404719,4365.8144634544
7806.2222774682,5445.95845613665
4454.04553784604,6555.37122079231
5056.134099177,1304.06113496603
3669.44013561145,4532.55897495116
3264.91292721501,2861.81918328808
3513.16615547389,6000.35213700568
7256.06595702604,1032.51913781569
4079.82838477938,7229.16823057211
3954.09251184346,2011.04815918426
3226.98943115496,2385.85331170653
4188.58068100527,4823.99208315267
2533.15352850576,2317.31439534088
3061.12322971405,2618.80680713075
4129.61722973283,1887.77993327077
4260.86807991264,6231.77109072062
3978.64244811335,4881.73296780482
4003.88264853563,6335.03445752017
3744.49220390222,5480.39874784126
1688.05609814003,6441.70772907134
3278.79193425411,1063.49243930965
4151.96609459771,5345.59376208914
3668.15514478871,869.298331990233
3845.84995089397,5172.88191727703
4824.17402310554,6786.96058517378
4364.46512536817,5034.78077483605
4066.26409122333,5173.05275079881
4045.72144563601,5538.99210868132
3719.67563761712,4636.049415021
3903.91008395166,6121.46084114752
5283.78422130412,5423.85116071008
3241.28880480749,2848.91850383432
4555.77544966918,5818.71804637767
4313.05721488356,4514.0886575465
4617.29215582976,5954.31842285868
3332.6960345556,4908.44388835925
3828.62461117004,5032.3370943351
5183.29123774011,6124.81366044014
4321.73690385311,6526.78451434029
4662.70524160316,4073.13097227291
4930.40024476895,5939.2013476019
3914.10987901079,6136.18000961223
3820.52713579603,5015.5150667025
4785.44812326319,4972.4366879113
3302.70974462302,4753.86153961873
4353.92154165878,5858.21610975071
3837.07867329314,5611.85049144551
4681.52116852054,6216.42651933829
4618.99574629485,3480.14857825014
3812.01690594797,5769.0469313535
4180.09816487585,5295.46807766914
3060.84843201191,2984.63262837811
3726.27977722862,790.131741720723
4610.83218175679,6406.75620536715
4915.8158370088,6281.10096155647
3749.40673439831,6299.74211248291
4088.91278050424,2826.69724891735
3338.17700587846,1860.6713173519
3863.88319725547,1017.57236751162
3906.66994127269,2893.19039157412
4805.85737610913,4273.69037255666
4979.054837296,4827.23157723777
4641.92543669887,5067.2886180393
4324.82301239126,6232.73731497129
3867.57661505405,6385.67137393976
4523.46187894449,3523.34070510411
5025.12032157526,5083.14484427648
3447.87527104275,4048.06834149053
3836.42122849274,1119.58535133119
4380.68984538267,6449.43667736627
3879.75039943963,4686.28884750377
3847.46366077233,7257.0724486475
2850.91385747882,1990.2476979138
2857.1224013202,6242.56912243411
3622.94176257871,4341.77471952646
4120.90740358144,3737.25535423745
3858.66046069397,3492.02637084946
3911.13518986272,6237.05635851459
4410.36746419313,3510.8377210148
4131.13128272246,4882.86960272203
5389.26811107985,6284.39754110057
4305.80049923369,3111.87886507421
3245.70032593119,3480.14857825014
3751.39519823593,5361.3929028673
4010.56388252281,5530.01277740641
4382.18316541801,6426.13566156347
4706.39649695101,5332.18163920817
4036.45490409138,5488.86642426132
3047.47683115022,627.53612738526
1308.68005375927,367.985538754739
3600.63928940126,5523.02255723662
8158.66984089299,4673.10379789309
4188.63343739744,6721.94489876729
3390.66505286814,5596.50592006318
4557.72544925067,3744.41640792902
4346.48402138008,7996.90845454349
3643.34611317541,4716.52299801734
4461.05873702489,4710.3285914317
4191.96113087924,5665.95439807574
3179.37516670399,4141.84072216033
3883.51045574356,6799.008577012
4178.26633025138,5008.63817174023
4027.77497746701,4061.82170855982
4137.81726460885,2810.04563195128
3025.52317346602,2543.78890259491
7311.77026983181,551.211071551867
4189.97892746267,5936.35976030887
3524.93405451771,4232.03278741197
3394.5921478595,2553.45029939119
3164.69639755936,5208.17468516954
4619.77645210605,5101.67182428489
4898.11598053462,5724.32068564551
3900.18137998367,4418.72507256366
4823.22487809585,6552.98420289512
3928.10059339591,5641.85756868879
3559.93837883179,1167.43766020295
4632.15300086523,4121.60836692085
2695.5489976191,2565.55537668843
3880.03706671935,7704.62244729882
4511.46343600287,5298.25300235841
4585.82973925095,6526.04578621515
5567.30570779683,4836.60881530475
4225.93256377393,3766.06913395976
4062.90084769606,5127.01903665182
4586.06000753052,5872.31029815305
4298.09174274435,6178.51966027829
3750.26930300444,3020.4935023016
3161.78155463637,676.695587554578
4436.8201411614,5814.45566543813
4650.30756317517,5857.76154035487
3531.16080731053,5361.62039899285
4480.02912187477,5630.88912630877
3690.45841432466,4379.68157858646
3657.50809141404,5990.52032954286
8887.65488979701,1750.19033997083
4439.04622262229,4483.11535605254
3974.48020599258,4065.06077978967
4554.04503216375,5501.02858701756
4092.90940605731,4674.86541287266
3444.22772574502,6599.58623450072
4156.70415526372,4351.43611632275
3624.19813976295,6316.84829884481
3607.0504420092,2626.70637751983
3724.68915973739,3545.90278135415
3583.91242766924,4849.45262072712
4068.64022644157,7473.43141256467
4086.82724503079,7093.34035796555
4280.36004517829,4528.80782601122
4338.31760307378,3903.54529633837
3587.86360303654,321.838155830335
3475.49213490808,5821.44588560792
4325.60256128591,3678.49158273086
5010.16946268773,3574.94405720201
1929.04544350097,4889.68941222529
4238.2463572075,6787.86972396545
4363.31754725862,3849.27097904161
4276.04130585923,6658.52083952909
4056.30057491061,5992.28236737769
4212.53474764517,8547.15307968049
3241.32806171133,4271.473765326
4185.47675302114,3852.56713573047
4225.71844845074,6539.68540522167
4011.82609910809,1793.49610917375
3611.43228148541,517.509877970744
4823.25549825228,4791.99589480427
4167.09163923272,4952.26141813083
3720.26475098384,2940.19032997179
4146.66996618642,4791.59798801219
4618.85718397226,7188.93101621868
3823.27209045053,1979.73382492961
3642.370787446,2552.37032707774
4116.20321749921,5602.98490823337
4373.58909779445,5395.4919503836
3578.77718717075,5998.24970069304
3082.3267182512,3143.70464275608
754.226458857701,3188.37443728794
4484.4580361039,5351.61775800825
4395.78184571948,2027.18833272311
3878.58480010699,6450.23249095042
3558.55175700318,4404.34630257676
4383.44706135951,6028.76800993592
4634.51801486229,3658.99795561651
4776.47023285201,6989.67908437393
3796.03244756481,1419.08865201594
4099.21610125059,2175.46231538759
4011.41610686312,6544.62985168258
4155.4345594093,6094.18160313449
4124.60833521879,5779.10623494186
8759.81271328751,8102.55883924023
3448.60106996058,6889.42813838919
4123.69038146085,1839.7004454149
2801.4465430799,1886.5866357498
3981.56387541707,4681.62855977216
4541.02408587328,3054.2515170572
9012.84976665527,66.4931401790989
4246.24562761249,5905.78436560698
4132.31585455829,4385.42141577627
3647.97286159862,4292.55859675339
4403.60061883358,5034.95160835784
3244.00436138819,4488.91227870136
9043.22804026799,3001.79590019903
3430.94931689306,2563.907298344
4647.08965517367,6659.08915698769
3534.29242125613,5610.54344586177
4415.22328236879,5417.25842447711
3793.01681404995,6050.25074815538
4337.07666357125,4900.77160266808
3842.13965888041,5185.32823876258
4152.81775170985,5175.15518711145
8547.1989453834,2188.8177756648
3816.98929339831,5350.82236727936
3935.91912893037,4778.46960100527
3452.97795064484,2023.4373952108
2143.07426039858,5578.94474145019
4115.96861645946,3147.62620236255
3916.21789606766,4921.57227536617
3399.39410208203,1635.10605460335
3891.00609936075,5763.3070941637
3554.02893174477,5548.71059093661
3673.95339771982,3455.88154962429
8374.61395243506,111.617543749478
3206.51729111919,3753.22532853739
4240.56120116597,4152.80916454036
3998.27898829451,5631.00287437154
4193.14222842713,3727.82145356671
3162.72513629423,1660.68034024056
4252.11739625791,5757.51017151488
3772.31662876125,1619.59107255449
4485.11613971612,6593.10724633052
4255.83968759931,1665.39739628975
4742.64581219887,3861.48980440162
4175.96671170307,6374.2483621639
2961.08452765565,627.877107289041
3461.39298454133,5722.44489974791
4119.27077418188,5744.78011415528
4450.83064875335,8343.12711204135
3978.69175336306,5679.76442774879
3733.16293317024,3875.47024474119
4007.37182675128,4375.98751510553
3755.60297730697,6226.42916032288
4132.67205715041,6478.47795321413
3746.33008695779,3638.42520189922
3223.50930833792,5194.08049676719
4238.42368111369,4705.44080757455
4535.61460714706,5028.64303085417
8388.29022402662,711.988091162557
3762.0751588741,2234.05588765527
8517.54948618858,7055.26308823903
4350.47506245934,5227.89538555418
8493.45082405884,4944.07747758482
4280.33319313589,5652.08728294368
4072.90467585501,6616.52201019609
3648.04901885589,3343.63885154984
4025.11363048966,5132.47471511233
2560.97845946581,5729.89011216878
4698.68448289426,7015.99252099153
4150.65212880951,5930.61992311906
4408.25089041476,6654.48553185984
3525.42878393006,5364.80280761893
3437.29892730385,6377.99908824859
4698.57770929713,3916.95741921935
3787.03575186486,4467.77078467021
4706.9577815687,5082.51944135886
4272.20622972047,5250.00268098076
4511.92953711237,6842.54194805429
3999.39141298945,5349.1740775073
3534.95778967774,3863.76307423604
8554.09670030365,3235.31750165423
4169.69501712386,4578.59268909815
3009.57091828557,2061.06009554149
4450.07263969832,7046.73832635995
3940.24483189983,7142.55648073863
4522.62660227638,2354.88001021256
3930.67211504375,4551.02929235582
3149.16820123721,6660.2257919049
3788.51827595922,8928.03994786375
4343.91819400184,5655.27011442502
8432.78757052764,3772.88894346302
3588.13668831978,5037.90652085838
4039.25803052451,4494.87961201671
8313.24912719442,1220.74585896285
2965.08534132408,2505.71163286839
3969.55547204498,6256.37915210716
3874.26493361542,6082.58775783685
3987.36913065147,5001.02297150808
4825.0256036507,5167.93789367137
4096.26651938004,6031.60959722894
3541.68081176938,281.544463872324
4714.26985502025,7433.70585306609
4694.51438680653,6175.73515844428
3987.30167302767,614.407951805963
4372.78511168092,6530.3652526137
3937.97142179662,5317.91661728404
4014.1010578943,3348.92411934381
4183.90536637688,4630.19582976842
4071.70539945527,2419.89569661906
4063.2422572525,5124.63201875463
4088.33955698765,4585.07125441309
4112.61873141062,2504.23396519049
3660.07967632781,5647.19992194178
3634.15730049368,1779.34504674002
5064.7326852347,2293.33131401671
8260.01774414101,1406.6424362442
4989.22643948022,7224.56502829951
4361.38339855987,692.267443634826
5165.09456395917,6154.30950568383
3500.71084423017,6174.82559679736
2703.38897871124,6216.42651933829
3938.66347104723,5474.88598392174
3982.85356787614,2046.28384161776
4638.15886188059,4288.86453327246
2102.45438704874,1653.2922132787
4498.21045343204,6353.05020552899
4051.90944604871,3331.93146961705
2363.58343585449,1056.72939812396
4159.73239811811,4297.33220969252
3995.75122837228,3967.65142109795
3800.21241216044,5407.54036507707
3625.05414870682,1003.19391466615
3845.17660461558,3263.10818309448
4785.46767829449,7217.23356394141
4218.01288682081,5232.61233588955
3947.37446564223,5767.28531637393
3791.55148763061,654.417511463125
4073.83842903537,4782.78906740382
4193.19740823245,5497.73243032871
4341.85451801469,7033.38286608274
7299.42648651302,2711.32880482057
3383.66399839668,5862.30808002371
3527.75966980698,6650.39356158684
4212.92567276381,4530.74027451257
6025.75578265071,1455.74512809595
4061.35008675206,6257.91369381644
2391.9305815938,2321.40615418626
3880.32535499823,4332.45414406324
3273.58505094976,1309.6875412345
8324.05603876232,7907.05763348016
4539.80882240773,5461.41677558176
2655.68729955005,3479.1256913957
4269.33646887268,4641.10760954468
3606.19341765127,2167.10796417505
3813.88479069911,2659.55504205614
3961.16715289112,5705.0545546567
4898.988243487,4250.16186062831
3973.36169390562,5199.30867910216
3651.2281249026,4137.63500382456
7860.10856938156,1670.05757830754
4423.48804451054,4230.83906703575
3758.52622499036,4378.0332888144
4145.53818355428,4045.62466098958
3411.78282685531,1762.29552298187
4323.90891376877,4113.08360504178
4773.54106221905,5540.01499553576
3795.8485614363,6430.79594929508
4343.33903428585,5991.71404991908
4661.62414525672,3273.62205607867
3235.51783208702,6625.84258565931
3990.44830833387,5618.95445967807
3628.34280208269,2273.78123572623
4602.67856253642,6355.38013796717
4441.80873885105,6620.38648434355
4021.51828131886,4933.79110072618
3847.0133737152,4824.84455934058
2322.84148981872,3178.59950385652
3857.06592573925,3220.2570890012
5705.56502369202,909.819335074614
3496.94162910171,4130.41728752922
2849.36309287615,5005.85366990622
3534.21436508621,4735.39122221408
8104.98591626874,3414.84894454197
4669.37742441496,5934.48439726652
6633.56119949621,3110.79910418838
3963.35312139886,3061.46923335253
4016.6219429168,6533.60432384354
5025.9206428302,4284.82922560321
4970.60663590094,3149.27428070698
3981.3612874208,6163.06176368844
4266.09101911999,5116.90264760445
4258.32307140422,776.605765063165
4070.83953232723,4731.12884127454
8270.09806099604,5365.99652799516
3694.54616977498,2293.55859871463
2771.33499798166,2436.71772425166
4327.31304207721,3569.26088261596
4333.13519153924,6516.04356808581
3947.62831786854,5627.08131476507
4592.73282205321,6226.99747778149
4177.04972286674,5242.44414335236
3797.7207249453,4993.74859260899
2833.02383812664,938.917273526232
4161.01713604062,4221.0639221767
4093.41489828495,4914.07040034154
4319.54555954085,4772.21810896062
4623.47272999273,4221.46182896877
4111.89282073363,4648.72280977684
3671.02410894463,3457.3023432708
4213.63072096332,3020.03893290577
4163.3979793479,4190.48852747481
4771.70926718812,5722.33157454039
4264.69618009667,2936.43939245947
3601.48952890582,5544.3344619343
4640.74465969851,5697.38226896554
2820.26940732703,895.611398609493
7087.99810828765,934.370733857393
4396.36233874211,6481.14870698537
4443.97162797967,2289.40996583786
2924.05962196291,4404.63046130606
2057.82804432173,2128.57612505269
4418.99293060094,7538.9579081155
4162.17004088241,4674.12668474752
4896.63158391179,4379.22700919062
4916.61131550025,5527.00077944686
3590.5423088859,399.129330200594
4174.58967813162,5603.04157083713
4446.49953646914,4083.47443459057
4235.84631330341,5485.39985690593
3556.19766357519,5115.19769522864
4794.94450239586,3240.94380220889
4298.02671105293,4712.82893453641
4491.81118016436,5951.47683556566
4716.62521896963,5463.69004541618
3452.68000593527,4879.34594990763
4662.37330285136,6381.46607845923
3660.52516592454,309.164681789138
4410.28397204642,5100.53518936768
4132.94865493407,5650.95064802647
2172.79236601744,6713.19264076267
4893.57094609957,6222.16677938335
4481.64470926463,4763.18211508195
3752.85277065281,4703.39503386567
3759.65955160658,5499.43738270452
4757.27878531215,1062.86724781966
4582.98445681666,1986.38301233871
4255.09550066913,7530.60397975822
3487.29856718514,6275.98610442902
3417.02726554552,3095.0568374416
4930.02477523966,5478.97795419475
4012.27797675219,173.791471078001
3894.86894223532,4431.62554058979
4162.05251669872,4709.24861911825
7400.42588808358,2830.56172306481
4697.75526351002,4274.9974181404
4635.07628405931,5894.92924843448
2620.80223491498,3850.46427656258
3814.35697113973,4104.90008735102
3358.38030510155,4692.31284342288
4296.12597176593,5644.92665210736
3422.97389286464,3185.13515463047
3968.46853463379,2579.53602845563
3865.10864627599,6791.05213259154
7846.8978000505,2953.09100942554
4155.00025797481,6337.36438995834
8411.46235474574,5040.74810815141
3748.64669171985,5418.96337685293
3413.62494907232,5837.70001863717
4702.6138310178,5426.23817860727
4441.85055494046,5771.77519343901
4146.99156889101,6490.92385184442
4185.3826037024,2873.52656522086
3902.51849272301,5266.7680460096
3900.97623105327,5535.07097193009
3631.1937597452,5427.31772806547
3916.83290798517,4086.77059127942
3837.08760017292,5524.84125767521
3354.06630155191,528.194214478371
4171.68722265721,4307.67567201017
3566.09175874781,6157.946906561
3989.47877321421,5708.12363807527
5469.18858326587,5738.18737792231
2730.33145502736,1881.13074586167
4048.47183958465,5233.18065334815
3778.9168756774,2018.09525338544
4019.21958756144,5065.6407511225
5154.24777254289,3934.00694297749
7207.07179969303,5484.09281132219
3089.29558326443,3497.65288283175
3497.44673939081,921.072041897752
4033.14008279245,5438.91157336311
3489.74894461643,4959.81995575923
4118.49987255649,4119.7330038785
3273.70606019731,4890.42814035042
3589.59938981489,1355.89177176184
5065.15085778085,7007.75191784176
3911.73695751008,2971.73194892436
4200.52792685995,4000.04551623843
4685.99596485558,6225.69000934249
3919.44175258913,5549.39223360274
3770.13389281287,5172.82525467327
4113.22851022355,4236.01100962221
4261.29306032918,6050.0799146336
4458.75967483509,2516.16863182119
4319.32829640756,5110.42408228951
3772.82063517662,1942.79319012029
4607.4737825898,5588.77697176825
4909.78556756158,5407.59702768083
4528.20315311213,5052.3986160528
3223.85518459053,1040.19142350685
3561.52984984324,5305.18655992444
3904.20457140941,5537.91255922312
7828.2439167721,2990.31580296416
2191.89001774372,1825.20835022048
4355.98874332153,6714.6705198682
3918.97980265032,4825.07163261087
5479.12722028373,4855.36329143871
4379.4696444959,2560.27010889445
4098.44378552849,6063.54912297358
2733.68551069007,4686.7434168996
3490.54050284951,3718.21671937418
4236.44250745581,2693.25639420798
3726.70843989576,6739.79023610958
4050.81622016676,5428.90893237851
3553.49895359573,2513.15642243401
3800.60842472134,3634.10573550067
4693.64220536205,7091.57874298598
4631.24661579689,6320.8831836588
3707.13543295419,3706.9074556611
3990.24530639771,6500.64233409972
4090.45674667467,5708.23696328279
8456.65577092113,170.154241985776
4016.0086244932,3388.13802398754
3696.27723447927,611.793702067762
3224.20150046879,2798.28137598711
3527.2918975887,4974.88036841225
4348.55199627175,1597.31294360613
4033.19590657728,3977.71072468631
2858.9415892471,3028.05203992999
3679.03208476343,6363.90489984624
4976.34986517377,6598.73375831281
3561.99537048239,4896.16840039549
4638.80928153081,4996.13518765092
3966.98800349603,4591.94814937536
7781.05626040213,3789.42681236632
4490.22599521706,3096.02285026466
4228.61435836211,5031.20045941789
3325.71375378637,5364.57573434864
7764.02672801324,3827.21992336354
4301.50075395802,5657.65670946696
3496.87035046931,4886.62075166197
3767.99309379997,5919.87855400933
3819.16309160126,5611.56633271621
4283.02194208336,4653.21268684192
3540.50597662081,2523.27260005375
4372.67139373145,5794.33705826142
3831.96784792,6269.62128717685
3599.76176108238,4906.22770398384
4461.21175710184,2556.57604541352
3911.9674627493,4925.43674951363
4247.32374795856,5938.34887141399
8736.68477257344,443.571734320729
8662.97043046855,871.742118204996
4894.05595236954,6729.78759512499
4531.5395168506,1897.83923685913
3755.1940110134,2619.26137652658
4380.20427631035,5324.39560545423
4939.40147999805,2842.49638969551
4939.1859086696,6308.32353696574
4553.49095955592,2826.46996421943
3547.91428191236,3870.52579828028
4173.10907250162,5925.44798053261
4434.15565046082,6617.54489705053
4688.23554141058,5314.27963926211
3813.54464296073,5659.13458857248
3736.18514257809,6197.21747380849
4631.62739421599,7351.69730550521
4094.58936399539,5321.72442882774
8811.76989670413,668.057130469641
3698.80553183867,1704.21349985522
4384.7769096309,5835.36966334374
4381.69209442746,5231.75985970164
4201.31573055679,6908.46677325245
4134.95649342464,6769.6835652901
4881.56988157425,7088.05509017158
4449.32905633057,2924.33410373461
4607.26163482915,4868.60500365315
4286.66445477506,5550.01763652035
4017.63334182345,5678.68445543534
4598.50064410566,6405.22166365786
8724.72362031239,2564.41874177122
3740.05617956876,4095.46576382503
4079.16049883729,4487.71855832514
3253.05961901409,2484.91117159792
4833.65704163392,3572.72744997135
4406.22372377135,5269.7233813654
4702.82671257627,5298.99173048354
3894.74168707709,5231.30529030581
4126.75281258707,4015.95840507936
4083.22670625199,7210.69791316745
4395.68869129024,5900.44201235399
4574.25061529117,6397.2652192374
4177.54995517684,4795.4057995559
3703.48369236258,1941.883839901
3863.27029289728,5302.96995269378
3963.01553449063,4716.69383153913
3880.06401744202,6193.23925159826
4168.72101174164,4313.47259465899
7973.79703345113,6328.44214414245
4300.43046477471,6405.73331851271
2115.90723885087,2676.60456581429
4748.58812662918,4652.18979998748
4553.68582928026,5590.9364935399
4366.92656613402,5814.68316156368
2441.0544976911,850.828014585576
3976.8372201183,6804.46467832776
4670.44799680084,7012.63927884366
3663.93800807153,219.768350836288
4493.63628926865,3468.15703758806
4168.33118424159,6347.25328288017
4338.16487413459,6650.90521644169
4223.69142973401,5076.49544543975
3832.33232839147,2995.54440815437
3707.8386713793,5863.78553627398
8988.97605246896,2500.82406043886
7860.05128079284,1914.54772785658
3538.32337571415,4570.69290728144
8970.92107955963,1061.67384458488
4642.64968205348,5883.39248859585
4320.40339963858,6197.95620193363
4164.71905783859,4173.49608917567
4221.07528169019,3840.85954237006
4465.02914305061,5064.39036814252
3368.05012726034,3717.25049512351
4044.65433912469,5089.39633632113
4363.56032335001,5265.63141109239
5023.64028279114,6536.38924853281
4670.34733079894,6570.31788538257
4445.42557203563,5646.00620156556
3698.67923752368,5695.16566173488
4353.72110937994,6088.72550181873
4895.98560408437,6025.4151906433
4962.35507584723,5703.74750907296
3986.88407897849,1924.60703144494
4076.13779895027,5095.53408030301
4364.62204854105,586.560396334326
3172.95160739491,1230.23673937878
4083.77851636416,1835.04015768329
4641.57464079252,6576.56937742722
1821.64440472461,2696.77983559476
3946.60689228648,4395.65113003115
2763.68645473823,1617.4882133866
3000.45258281104,787.176459221834
6144.26305197113,2032.75775924639
4443.1865463971,7965.65099432022
4090.47610639078,6618.73861742675
4867.99212613746,5838.21125063676
3375.68056565236,471.078309888585
4390.43735770758,5607.01979304737
4252.5480933614,5073.02887808436
4727.63152056338,4751.58826978431
2977.89410483888,2868.75274085411
4132.12901808183,4631.27580208187
5108.78048371824,6592.76642499746
4347.85597052351,5943.91829793727
4359.0608346775,4093.64748624169
7762.24425244363,1104.29765398024
3658.59300927137,2501.50591453261
4111.86435454337,6017.23125009729
2768.80158441078,1718.19404590861
7525.1116222851,467.327425233174
8917.3313280251,3395.24199222011
4061.25471909909,5337.40982154313
4129.39674172843,6904.71562431251
4350.91090848757,4606.26983390326
4559.27536825305,4771.30897016895
4719.86952943232,6761.15880341102
4010.79736447511,5374.06629762314
4298.40017763393,1161.41355857003
3828.79840964158,4915.77535271735
4340.63613205626,5882.42626434517
4014.23322506706,7168.98324256375
4379.21521669661,5829.62982615393
4589.26149706742,4646.73369867172
2809.20603440293,1427.21561281675
3974.12796069232,4750.96328972195
3926.25257543264,4894.57719608244
4587.0169144449,5518.36226950501
4075.76674096507,7173.98477448368
3811.35623300771,6643.80124820912
3251.79941661671,5629.18417393295
4303.56695325165,4496.86872312183
4414.82426368386,4880.08510088802
3938.62846229226,5198.28579224772
4397.66209625147,4621.38690916005
3990.79869782021,2548.56272696167
5013.47202198723,5218.63147269472
8549.35041827318,2038.38405980105
4655.34037920184,4852.6350293532
8414.43769532987,1303.94749261707
4375.81938176898,6211.42541027361
4437.45377961259,5381.45442458501
3723.20260818341,4578.93351043121
3925.06917737916,4940.44007670765
3720.97823041886,5304.39074634029
3862.18211653109,4990.90700531596
4433.70891190142,4921.57227536617
4006.06407661413,6146.0122399303
4875.85918974235,6162.72051950013
4385.84877891714,5991.60030185631
4284.67655880344,5121.79043146161
3495.32301041445,7476.44298766897
4435.74917592834,4664.74944668054
4194.33781975418,5733.01585819111
3946.43418502436,5386.39887104592
4309.15058015286,1882.83569823748
4219.5812762742,6764.62537076641
3061.93175400242,3561.47484886202
4514.76769372833,5293.13814523096
3788.12163785058,5897.43001439444
2848.70341289473,937.837406926595
4104.06831344787,3571.1362456583
4096.15395892077,5009.60439599091
3246.35021031453,8153.08158474179
7719.91820739169,2075.21115797522
4425.99716549514,5961.25198042471
4319.27399012842,6802.87347401472
3681.77031022424,5658.96417790595
4787.20438877688,6406.69911990813
2989.6707272963,1446.19737364862
3749.77667304337,5241.02334970585
3996.39310658453,5336.84150408453
4245.50158942435,6046.61334727821
7767.72521591341,746.996436041234
1414.95838244305,1227.62243678368
3685.34580556768,4060.059670725
3888.3615411864,1933.1886673554
4348.17922068889,2919.90131212854
2283.5259528369,2326.35060064717
3720.63204928656,3553.34799377502
4302.21899519178,7234.56724642885
3813.63839237617,4592.6868775005
2216.61162705957,444.935706792762
2283.29742800156,5257.61830406816
2995.97662470758,487.559516188125
4585.6499099889,4168.49455725575
3461.91128151612,3601.65497775643
3163.04988272173,2054.75172946545
3867.51043289444,5688.8008444827
4471.58769658093,7361.18871449021
3972.11570990329,6508.31461979088
4590.73960194152,6035.70156750195
3509.43482270868,2382.27299628837
4832.61360704172,4295.11602531711
4310.71883808146,5714.60220339021
3558.56024049473,3230.25951855817
2900.53015315454,5196.52417726814
3120.66854113365,5307.28899623707
4257.60257494579,4678.95738314566
4741.03314751905,6718.98956341149
2872.6274174815,5881.34671488697
4350.78793163795,4267.89344990784
3777.96438424556,4633.26491318699
3433.41486076919,4911.96754117365
2085.91620473773,1341.45644488499
2907.53000982294,1482.45604865037
4253.09286921945,6052.06902573872
3997.5320983804,3504.58622897015
3598.64829233268,3751.97494555741
3775.27483983142,5082.4627787551
2935.93309967662,3853.59002258491
3623.9180467735,5744.38220736321
4507.79487521569,4760.738434581
4134.95808171118,4458.67770533253
2956.67629576026,4822.79836277645
4003.54657371083,5327.63509953933
4173.18845538274,4836.04049784614
8333.59490935026,5091.21503675972
4742.05250843202,6560.94064731559
3609.67247841235,4096.31824001293
5474.75543105197,6871.58280104689
5867.9378016107,3457.3023432708
3677.41936996892,853.953760607902
3848.14034630368,4404.68754676507
4663.82420322388,6877.26597563294
8668.39323286525,3566.36220986392
4031.16788866646,3474.23811896618
4721.3561000465,8826.19695185547
3527.8110927762,5346.84414506912
4067.8757769399,4940.26966604112
3808.16054697396,6424.48779464667
4210.34831175805,6731.89045429287
3539.54303189466,1579.41094366007
2611.49501949293,4046.24964105195
4690.10542385635,6015.46963511772
3189.03200343461,5556.21204310599
3962.85895843703,3066.52721644859
3748.48172070267,5334.11366485427
3410.2549385057,5186.63528434632
3997.13198166092,5512.79284298173
3779.58309197417,6106.17293236895
4336.21713938412,5288.7053536249
4431.27530710934,4412.87106445583
3772.6594475716,2016.39030100962
4197.47889547968,3995.04440717375
4015.76290065909,6016.7200180977
4210.98340960426,5280.23725434958
4922.70549929119,2553.27967729704
3893.78384839549,4386.61513615249
1793.37919433251,2756.79420150895
3589.25072822039,5924.53884174094
4737.32575120069,6176.36013850664
3801.84886118761,6750.58826782307
3511.88161122011,2760.7155496878
2046.49013265514,510.860531990924
4913.62745480068,4173.95065857151
4368.35737271689,6066.78861705868
4694.50133453673,5228.0087107617
4443.75788179674,5450.50499580549
3850.27449109919,2594.31228237936
8554.52227933029,4532.89979628422
4169.95771060684,3886.04078032914
4151.04702915281,4291.08071764786
3595.9240120386,2292.70612252672
1652.5199035459,579.285964578327
3579.88736196635,6476.54550471277
8021.36128224255,2730.1970290173
5437.4077119391,3550.2222477527
3633.12051217307,4417.30427891715
3189.98796200458,1699.95111891568
3835.95446613332,6775.93505733475
4245.76445846507,4409.1770009749
3026.80436361445,8034.01907716408
7627.38365204477,2491.9582657991
2900.78550378774,1558.49694575446
3748.92204126952,5811.27325681205
4311.64552013771,5498.92572784968
4151.58436210752,3627.22926339365
3633.71975450947,5543.87989253847
4327.55901407531,4791.99589480427
3529.03344537395,4354.27770361577
4384.44633270808,6254.50378906481
4141.30185405612,5734.09540764931
4088.20478960928,6939.15591601711
4266.78485372935,6181.87290242616
3757.80582114504,5815.13773095951
4317.36242157252,5746.88255046792
3581.1875404269,6321.56524918018
3977.66443062994,2683.82228210962
4785.86212403186,5304.84531573612
3753.49169936883,4523.12465142517
3456.45233744129,643.33532102033
4445.46756025372,6734.16372412729
3357.97058189829,3345.51421459218
4304.50394346293,5842.98528643115
3954.84772587548,1372.94129551998
4200.34950465414,5467.72535308542
3268.58926669695,1367.3717632829
4337.13875991439,5475.34055331758
3513.91877819712,7280.88511930515
4020.85042706809,5632.53741608083
7860.45393034348,2236.55644218761
3615.45471736128,4908.78513254756
3348.04644622148,4071.14186116779
3944.44893575618,3069.99399523161
4461.4026392237,8079.54198216673
3706.27222023291,4476.69345334135
4101.49222625548,5506.31385481154
3901.197387396,6238.1929934318
4891.62477469452,6141.92026965729
2504.02954541571,4440.20738792787
3813.15669851824,4299.71922758971
3798.67041739466,5085.02020731882
4212.67982231351,5989.8953494805
4041.63251886468,4587.45827231029
3913.33091928408,6142.71566038619
3909.5265133518,2563.45251752054
2786.23643373821,515.975389118367
4378.98862763751,5251.5938852938
3244.0801374242,5329.73753585196
3416.08930385006,1225.00823990238
7164.42889983536,2242.69418616949
3943.02587033236,5182.31624080302
4097.5849213453,5140.7153182621
4756.9202848006,6606.46270660774
3973.22004510947,1649.48450744881
4786.68061880884,3400.52726001408
4134.37350944665,4443.0489752209
4383.09638883562,5534.67306513802
4966.97349573795,6334.97779491641
4165.69723006773,5352.29982352963
4433.24193673135,4924.01595586712
3876.68382997985,4959.933703822
4552.9778955647,3954.46637148727
4651.54164446047,5090.53297123834
3674.32275363732,4933.50694199687
3962.16103858229,393.105175710764
4312.11658970066,3962.7636372408
3993.6542389428,4814.50109702292
4330.97016585045,4813.81903150154
3674.00792809923,4257.66373565295
4685.3616654157,5066.89071124723
3284.13720887915,6713.19264076267
4222.10833085804,5955.2279845056
3619.62027423134,4279.54395780923
4210.19070608865,1583.33239755273
4445.85037388225,4750.73579359641
4216.71328351631,2817.4904215169
4435.05629575105,5617.53366603156
4368.28042244584,6009.16105761405
3640.45813884336,4770.00192458521
4489.08899741504,3779.25418357045
4134.0703232671,6116.74389081215
3690.14158603745,5671.23966586971
4475.97966337405,5874.35649471718
4192.54033379524,4807.45379139412
2542.67630888608,53.080848816736
3921.34539254552,7368.00852399347
5043.16375649445,4054.94481359755
3933.17076885273,4782.73198194481
4277.8811160017,4588.48115916472
2662.40080701055,1914.7750125545
3002.61178682505,2824.2535684164
3443.55287314314,6456.14273880676
4343.82752003827,6904.03398164638
4056.08505724419,4798.13363878615
2220.42190055214,1731.83366491513
3788.00402063706,4397.8106518028
8387.52744068145,1542.12938180388
4540.21399181394,2719.05796454312
2917.01655376372,4749.25833734613
4366.67508597006,4662.64658751266
6821.42215555136,940.678994219619
4444.71493580648,5408.39284126498
4253.78690948547,1494.73164232795
4409.25550016599,4685.32262325309
3752.44462933961,2118.0622520685
4260.71330158935,4537.90090534889
3586.02940039135,7087.42968725396
4138.14933068607,5123.49538383742
3389.39271487774,6446.59509007325
4850.90774491801,7051.51236215434
4201.9099421321,3146.03478662188
4137.96902682959,5896.6912862693
4076.48654100824,3245.6040899405
3005.47443660141,976.142067064849
3677.13130535914,5455.90401166224
3530.20118054256,1068.26626367641
8174.49671263243,7547.14184866151
4232.18788590668,5037.90652085838
4905.41377407787,6891.47391209806
3096.61284323949,5910.67172660888
4100.74699823393,6127.08693027455
4543.31083190557,4965.95769974111
3699.31290507389,4408.8928422456
3150.25300040242,3349.77659553172
3892.08819518379,6660.62327584173
4048.76934039568,5392.76411115334
1775.5286454557,1655.73599949346
3987.82192703549,4399.11812024179
4377.39846234872,2277.87320599923
3133.77360456965,2106.24133350057
2147.74895920347,5014.77633857737
3876.91710776707,5356.10763507333
8816.69800007798,4805.23760701871
3609.77007592953,4903.44277929458
7762.84690124032,4744.82554574007
4180.12779587131,6026.89264689357
3679.4436613015,1693.41546814173
4296.8866393617,3184.4530891091
3513.32212994475,4609.39557992558
3814.37065608748,5935.90519091304
4117.25971213115,5578.49017205435
4106.58504791618,4908.10306702619
2418.11868794189,4043.35139115516
5179.6741949696,4680.15068066663
3734.38002657816,1063.54920762722
3487.46506985928,1782.35704469957
3387.87337193929,7086.29305233675
4829.60910039295,4841.72367243219
2236.15026651154,1191.19335111539
8294.22085220973,4603.7690679433
1033.14580768527,1708.02120568511
4843.12740953234,3850.29386589605
4093.06613374875,4679.07113120844
3429.62022757834,2655.2926611166
3279.53244718672,5814.7964867712
3280.50787899616,3062.54899423836
4066.23336585402,5673.79709443344
3625.42504638091,5653.96264598603
3202.17368931957,7150.5129251591
4290.57429861732,4090.29424409382
8254.21044612222,1440.34368268223
4167.01741786314,6812.19362662269
5201.63383865889,7637.73182070523
3449.20563480712,2561.12258508236
2940.81662836406,6539.51499455514
4662.87857300298,5422.94159906316
3104.7507892175,2843.51948797758
4105.82400478722,5506.37094027055
4808.22587848665,3548.97186477271
4487.56462927533,5345.59376208914
3563.36025767057,5197.77456024812
3801.44977876144,5312.80176015659
2865.69210539566,3393.87807260498
3371.50253241691,3649.56405494577
4373.6049788937,6342.19508835649
3905.29681258522,4906.96643210898
4009.95952691323,5893.56554024698
3592.14030476447,2536.23015353889
4360.65734139676,4471.63525881767
4149.11104004023,2212.68710892621
9135.46163631451,4259.14119190322
4031.64490413772,1828.67491757587
3508.5252904114,4688.67544254571
4304.30973922383,6618.45445869745
4034.4159760947,3576.70567218158
7150.32774241052,4951.46560454669
1832.14263493285,1762.52280767979
4185.43842164755,5529.67195607335
4799.05146160534,7153.46868337015
3824.36921955226,3075.73404384904
3694.25342631594,4439.86614373956
6598.22319733276,1223.81473095379
3924.98198584001,2955.53490135412
7933.72101658745,2538.73070807123
4291.08886414602,5367.53064684919
4481.93245573539,4111.0378313329
4325.20630432602,1062.58308909036
8899.91300573431,572.636671455413
4096.43578015125,5813.65985185398
4780.54576329792,4717.60297033079
4073.32641139869,4427.81815190134
3332.14905306858,836.222277042194
3930.55154721451,3621.71649947413
3443.3278535844,3498.3347369255
7581.33958373989,1558.61058810342
4229.05548021043,5698.23474515344
4367.15365519871,6689.60746623057
3608.012990004,2965.59399351485
4215.80649004904,5656.46341194599
3987.23481354424,1351.17471571266
4053.090017053,5774.21887393996
4583.08054631549,4985.79214818852
4601.08040981938,6441.70772907134
3545.94432977359,5967.50347246937
4075.35636398285,7731.50420137503
4560.73641658208,6099.52353353222
2671.0487000109,2122.77920240387
3701.10618194212,2400.40228093234
4144.42342352194,7235.24888909498
4148.30330003319,5606.84938238084
3460.40524526698,4776.42382729639
4275.14141652753,6105.49086684757
3844.64380152068,1288.88707996404
3600.59152754316,4127.34862696591
8796.19108887598,2834.02850184783
7739.77221385408,324.168273267687
3097.07626279566,4299.54881692318
3837.60815266,6911.36502314923
2908.81792382036,1496.15243597446
4129.51498466534,4281.24891018505
3824.62564089753,3031.74610341093
4661.87490011122,5459.02975768457
3955.31889415881,5746.54172913485
3799.47888683416,5506.37094027055
3917.03945390471,1518.26004854248
4425.79973594303,2495.93648800933
2106.28528086053,1239.04565998716
1217.64596309677,1279.33932551672
4405.62697886301,4596.55135164796
4798.46211416543,5389.52461706824
4388.67021208495,6419.94125497783
2570.42876847213,3285.4429746466
3820.22775662319,4854.45372979179
3575.42688782459,2452.11916966538
4221.15726019819,5692.09700117156
2823.98017439044,5223.51925655187
3957.56104770324,4951.01103515085
3174.33149159172,4323.36106472557
4242.56915576868,4556.59871887909
3807.97495539105,4249.36646989942
4342.2645306105,3336.93257868172
8342.45099951998,3684.06100925413
4192.37936348746,7701.44003867273
3644.58418987269,4736.69826779782
4644.23907378261,3597.3925968169
3363.84227945486,5820.08217742042
4447.83444389149,6755.53229142873
4455.13349871065,5854.408298207
2736.84618764299,5119.00550677234
4166.55228318109,2497.35728165585
2647.95132990787,2051.62598344312
3951.13361070635,6056.10433340796
4498.21210194858,6189.82934684663
3679.45011984831,3223.09867629422
3837.83038971371,2994.12361450786
2996.09499528641,5743.245572446
4495.49416592626,1485.41127829236
1740.61318450179,1520.47644434551
4421.19561985882,5754.44151095156
4318.08112837672,4683.44726021074
4954.54078877813,5088.82801886253
4554.6918995101,6115.09560104009
3520.50031122824,4341.1497394641
4022.13771993586,4515.96402058885
4259.35381869583,5889.98522482882
3562.47496183387,3331.24940409568
3668.50471302203,4118.0851369617
4122.76014291732,6178.06509088246
3541.01445496102,4948.39652112812
3766.1888262269,3590.40237664711
3799.78796123885,5956.76252621489
3715.72139335261,1492.40160417596
3576.34473900316,6556.10994891745
4662.18201169708,2151.47923406342
3391.27992782194,4760.90884524753
4456.97860221083,4291.36487637717
3335.06680089523,2470.87364579934
4150.60063344312,4892.75849564386
3905.78228280027,1501.66519989398
4282.70653156456,1436.19494409165
3884.73655950053,3346.93500823869
5066.31701276187,5191.01141334862
2455.77838156748,4093.98830757475
4604.37726402776,5930.79033378559
3849.48164525029,5744.43886996697
3857.44994498993,6015.46963511772
4004.81408252999,5289.04617495796
3732.47597864372,2178.41765074339
4067.59033099953,5737.50531240094
4850.88525466787,4892.87224370663
4082.54799280484,2620.79591823587
3869.71935642492,2440.24137706606
4809.50281236993,4905.03398360762
3535.66447654803,4716.92090480942
7745.33617959969,3859.95526269233
3379.19923181132,5960.28575617403
4482.3255307523,5581.38884480639
3350.0413549666,3439.34346929337
2009.84254367802,1647.89319742196
4097.8907772682,5452.9490991617
4192.80797066271,5936.41642291263
3437.78388812418,1552.01806329808
3366.45162373557,4818.7068153587
4808.6395160933,7322.54312730508
4573.38950722244,3233.55567524703
3987.76602346035,5605.08734454601
3762.60180959907,5199.19535389464
4865.76830070011,4933.96151139271
3851.49116440317,5100.70560003422
4044.16463100334,4617.92034180466
4893.42305939094,4901.3970055857
4084.13767774178,3455.93821222805
3975.89925257694,4892.30392624802
4512.07197143422,6192.67093413965
3287.53503646098,3949.7494211519
3363.07439377094,6201.99150960287
4581.36881169828,5445.61763480359
3128.71489374748,4105.18424608032
3374.02864331521,721.706309133319
4009.11413021903,4942.25877714624
3599.80304783742,4548.35811572932
3479.62679514578,2941.66778622206
5105.91373321188,6325.65721945319
4164.37333106866,2129.08756847991
3962.751496614,4744.82554574007
4619.79349678035,4084.72481757055
3704.94992152771,5148.55801461979
4275.7516645602,4136.27129563706
3703.7224210631,4640.82345081538
4002.01239656565,4513.06577069206
2805.29898101681,6044.73798423586
4102.19730242754,4913.10417609086
3686.94548895364,2234.96523787457
4476.00781608124,6550.4267743314
3926.52995245355,5973.35705772195
3951.51380125922,3916.61659788629
4255.05555255404,2910.46720003018
3731.61700794213,3401.55035829614
4401.81612230056,6968.87883453109
8648.53298555624,6201.19569601873
3488.77306447075,642.937519942069
4545.74444062461,7839.02952625886
3852.73858301804,1746.89407756816
4269.8444901022,5564.50973171477
4121.3203049389,5177.76970113418
3830.59325566262,4974.53912422394
3841.81294277711,2635.51529812821
4454.30676898206,6343.615882003
3668.31165604455,5316.38207557475
3167.2425461763,3807.27214970861
8519.96216953771,900.896772117281
4550.09069615079,4307.61900940641
4710.94800498615,5525.75039646687
4013.64572372043,5190.55684395279
3701.3305812753,3808.57919529235
3950.55447085001,4902.70405116944
3648.98373272488,4916.74157696803
3162.68301446785,5389.35420640171
2798.72784111756,123.893203498188
3556.69112027572,4524.03421307209
3604.06647218533,4257.09541819434
4804.35095614359,6587.87864114031
2402.77526274623,2555.15525176701
4138.74582855649,4214.98326365383
4271.40759238218,947.157876676002
3132.31603317527,5499.49404530828
4072.19607564136,3776.81050306949
3594.21121507013,203.400813314159
1468.26621887618,5680.44649327016
4747.24562617712,3317.66665912054
2296.85708598055,5359.23338109566
3931.10121913662,6269.79169784338
2687.42940190775,1995.36255504124
4408.67880539357,3525.95500769922
3960.17070609315,3925.48218109842
2416.89919981565,1843.05347613515
4746.05269348003,6656.30423229843
4489.18180735318,5196.92208406022
8158.62977508308,3389.38840696753
3140.16269078753,591.902591016592
4586.35815048484,4869.17332111176
4253.17116647011,666.295356919347
4124.86406761629,5664.9315112213
3088.41038684794,5193.3413457868
6593.19187600643,5538.76503541103
4384.04983956834,2323.45213932277
7661.74564927558,920.560598470533
4413.28066317495,5672.43296339068
3246.61322794577,3724.12739008578
4109.59314141844,5414.70099591339
4157.20829503957,4739.93776188291
4060.88386084056,3818.29767754765
4299.76940775014,5055.58144753414
2047.38155332315,6788.55178948683
4960.62739475162,1620.38667471101
3304.10836530685,5091.10128869694
3899.59894206895,5395.03738098776
4162.73549766556,7647.50654270903
4645.69510838489,3954.06846469519
3903.19939735671,5202.71858385378
3388.45716977131,1757.97626801095
4010.03740650327,5223.97382594771
3424.02623090425,6783.37984690037
4141.57307016299,5250.7984945649
3751.80026231999,4555.63249462841
3689.03875733229,7155.91194101584
4714.63648871106,8694.74563110647
3767.2469316662,5930.50617505629
8008.83352837211,5048.19332057228
4258.961937436,5845.94062178694
4150.09854515219,4084.55440690402
4142.49767363399,4302.33331875719
4233.37411237133,1539.85611196946
3948.68368008229,2778.27651687317
3827.61886827039,4338.47856283761
4124.41839245544,5097.75068753367
4556.02098606196,6857.77277137385
3355.59618429726,5539.56042613992
4083.13446935735,7003.71661017252
3479.11989650594,3833.01684601236
8738.04664084841,3796.01954859929
4024.55900785855,5756.77144338974
4158.79939811807,5646.40410835763
8347.92763980076,1080.59873138537
3642.383360179,3739.35821340534
4004.65451624192,3014.24201025695
3091.01459156925,5586.90118587066
4308.18287851995,5412.48481153798
3182.90473496276,1254.73126413018
4454.03679111494,5512.39493618966
3979.87298508127,5188.96563963975
2961.50785066502,2224.16720616108
3356.54526718676,1667.04547463418
3452.06952578552,2327.88493092883
4857.10062528362,5680.50315587392
4748.43305142754,6104.69547611867
4136.5489182158,5180.8383616975
4482.44106192567,7510.2012138522
3559.8265358718,4341.20640206786
3187.60854971901,5923.91343882332
4683.15541840082,2014.45806393589
4850.63029740752,4559.44030617212
4537.01729529387,5184.98741742951
3948.73201830076,4522.2155126335
4322.88821170199,5462.83756922827
7054.74991432592,768.081003184092
3669.11806967295,6049.90950396707
3952.69853552548,5795.13287184557
4022.71430230101,6475.46553239932
4040.74695872164,5051.71697338668
3661.56717861269,2087.71414206453
2484.19163265035,619.352345409969
4444.33173855244,4788.9268113857
5109.17203505975,6624.81927594962
4006.6626903074,3198.7178996056
4435.16250135257,5542.00410664087
2850.12105199476,1306.78907991009
3347.69413294584,3075.73404384904
8135.91251357076,5271.03042694914
2986.29973430972,4241.12586674965
4214.96847610075,2935.41629417741
2904.29089752236,1003.30755701511
4646.3638274748,6005.29658346659
1417.86278190683,4103.53595630827
3591.73760528479,3746.7463403672
3483.98264174417,4736.52785713128
4514.1054180902,4641.27802021121
3163.27514784955,2915.9799639497
4394.92409684704,6607.65642698396
3185.49929948943,5082.80360008816
3683.33636823897,380.829502747827
3746.61822977364,737.789714354598
2977.03566151108,1050.08010500105
4259.65193469987,1866.35449193794
3946.66740651087,4689.47125612985
3548.41657283396,4719.47833337314
4849.16512839124,6788.6655375496
3855.89314938521,957.78539200915
4949.64308976645,6418.97503072715
3567.84331655834,3414.11021641684
8675.5794296443,2696.72296156337
3995.3157096612,4533.52519920184
4899.00027975852,448.913929002996
2060.76320493155,3060.73029379977
4451.76182375927,4637.86811545959
2638.29332681046,4684.29973639865
4163.19312466273,5325.47515491243
3976.25463559282,5396.11735330121
3995.52701543948,1410.39337375652
4100.92679574776,3656.27011638626
4540.32538467131,5620.54566399111
4396.95299480007,5663.11281078271
3370.65298463103,2316.23463445506
3363.0622324327,4859.79608304478
2728.36737262895,134.86172516357
3241.47499175656,4552.22258987679
3952.63025962252,4790.12010890667
3100.23305211142,5058.53678288994
4427.9753336241,4999.54509240255
3059.47439419157,5325.8730617045
4347.74161064257,3634.67405295927
3893.12152731071,1197.84264423831
4214.2697868238,5725.74147929202
3812.29157766616,5643.10795166877
4695.81982106218,3540.67438759156
4854.90122946088,5214.48283981795
3522.61600507954,1696.02966502302
7559.02221999336,1858.68220624678
3359.81782525461,5080.35991958721
4579.52165315867,5569.05627138361
3645.75125556855,468.179901421081
3166.80201769701,4259.08452929946
4102.09345308633,6638.17473622684
4284.62171340483,6670.00051390871
4740.74983128073,6062.52623611915
4233.26738702102,5301.32166292172
3993.80290355596,5184.02119317884
3967.03970313502,4988.23582868947
4353.50052805702,2694.39302912519
4645.79530134134,5789.96135211437
4439.53764914937,4132.12223990504
4379.85839177493,7300.83289296008
3693.39923397668,5519.44224181846
3891.54292104145,2575.8419649747
3238.96712326914,5354.85725209335
7687.29254595734,1122.42693862421
3830.0104428001,2084.36111134428
8388.99051784573,2964.96880202486
4602.11750508421,7776.85542714539
4432.6518978887,6233.70353922197
2041.67454716493,2443.08296435908
4243.50839324956,3928.43751645422
8455.00145286125,2120.90383936153
4380.04532041239,63.9357116153772
6891.91885759611,314.450028868473
3901.92968493135,5812.69405045856
3754.087932688,5163.39135400253
4125.38444307131,6791.96169423846
8440.37591519948,357.357996993138
4612.04093687491,6257.91369381644
4136.81886206409,4472.60148306835
3458.95537870684,5349.4582362366
3931.95791658276,2982.52998063785
4493.30389681146,5237.27262362116
4326.10273376029,6112.53817247637
4046.34342447565,4631.55996081117
3192.38693043161,4585.3554131424
1865.41488771947,3050.33016887835
4366.48166677466,3327.89637337543
5401.56598201769,5410.38195237009
4470.75147492753,4131.83808117574
2876.91360953206,2740.54027990733
4441.56989719343,6269.56420171784
3754.72580827466,6617.20407571747
2720.40027659961,1419.20229436489
4727.27564261737,6500.98315543278
4888.44229004297,2802.65750498942
7600.52460917313,4241.23919195717
8968.61534338305,2933.02948770784
4849.67695490869,5189.59061970211
2995.01650049841,2751.50893371498
4181.92290656398,6419.48626272674
3642.43214611419,7573.68193569416
3723.12023827262,4395.13989803156
4191.45245046271,6484.95651852907
3823.38072653011,6391.75245531788
3995.19150249549,4585.86706799724
3912.31758525177,5915.84366919534
8438.19127898471,2251.04853738203
2238.63060681138,1000.23868502417
3974.34031605018,5648.84778885858
4339.18153354651,4231.12322576505
3552.28132255834,2755.31653383106
4524.57140427972,5033.87163604439
4206.12472253974,6396.24233238296
4004.67618771343,5274.66782782631
4607.215194025,5605.25817806779
3037.11840185952,3562.78189444576
3771.79983349248,4606.78106590285
7583.56657661766,249.775507364933
1596.46496394416,1064.11752508583
4509.27981034198,3799.54320141369
3176.01358052196,4970.84506074301
3868.17736805558,5164.3004927942
4823.45647890628,4833.19891055312
1165.57380839993,4060.85548430914
8166.38707890382,3102.61537507
3396.90070008199,5010.17271344951
4512.55648366206,6263.71061646526
4905.44472186904,5114.23189383321
5168.7566192987,5893.45179218421
3688.57227150276,6506.15467516398
3666.78790650939,5175.32602063323
3708.40979473406,3255.54964546609
4119.01946421713,5791.7796296977
4541.54339253966,4793.41668845078
4970.42101113765,6764.51204555889
3325.48720063488,2957.35339036508
4534.63188421736,6633.05987909939
4896.4691758721,5377.87410916685
2994.04740417514,1026.32441408861
5385.53453345825,6188.46521580388
4101.07738588634,5029.26843377179
8113.72059183792,2855.45415460828
3431.01475019905,5712.04477482649
4429.50604764907,4552.39300054332
4121.95250698143,5889.81439130703
4358.39397482017,9198.27489943035
3412.57906649382,3017.76566307135
7266.77397550646,1486.71842958991
2677.30633097449,4044.60135127989
3634.81943328699,3026.91540501278
4399.99046064896,5055.41103686761
4268.17520287104,6961.8886143613
6221.69430846522,1656.41795930103
4669.64840278442,5251.08265329421
3056.74173184151,4120.01716260781
3508.87122249261,4984.31426908299
4629.25118204299,6566.73756996441
3656.62241857568,3896.6684013761
2770.28494036802,4937.82598554017
3888.54582669439,4915.20703525875
3577.36162627869,5959.49036544514
4393.8119560336,5158.95813954121
4667.48306686584,4665.88608159775
4576.5471805826,6532.75184765564
1348.3602460343,1019.05003518951
3322.36146681515,5326.49846462212
3460.78712662311,3495.83418239316
4592.16864372564,7911.37667702346
3679.74911143803,2401.87994861023
4179.36829520687,5441.98023392642
4659.37868307627,3179.79280137749
4028.25465914857,5232.78274655608
4517.67950662899,5311.55137717661
4107.78787857514,4192.53472403893
8946.49869726113,724.718412806687
3908.11904349061,5963.6389983219
3445.28017875892,3515.15697598573
4508.70558556028,6184.37366838612
4145.169005933,2753.61158145524
2936.30686622213,4023.06237331192
4262.41524669773,4230.15700151437
3415.39354530196,5077.17751096113
4074.51905649427,6497.85740941045
4128.58130737652,2245.19495212945
4172.2929694031,3473.10148404897
4175.10315526453,5364.12074209756
4426.62298136586,4782.50490867452
3695.82730759431,4671.62591878756
3840.02627542801,5725.45732056272
3719.22528401014,2952.92059875901
3776.05753355347,5456.87023591292
4284.25740586282,3321.13343790356
3351.45454602265,1378.68123842361
4315.94276951376,5058.65010809746
3633.8286508962,4308.18732686502
3493.41907929619,3455.02907343638
3405.77835884191,2103.62703090546
3362.45915446591,4458.507294666
4140.84806624351,5463.34922408311
3520.04432139401,6083.72439275405
4422.59092713525,5375.37376606214
3858.3257443831,6189.54518811733
4446.76728185127,4855.8745234383
4278.00016328326,5795.53077863764
3771.37346813847,4279.94186460131
4459.5783127785,3568.01049963598
4437.17855881683,6153.34328143315
4455.73423403385,5906.23893500281
3991.89867468128,5391.68413883989
4394.28980906071,5650.5527412344
4419.76025830256,5257.39080794262
4879.17056103651,6566.9646432347
4533.18244395804,4814.84191835598
3897.1659797534,4814.27360089738
3070.98372853954,2243.09209296157
4235.36406865999,4783.52779552895
3982.35420914208,2431.71661518699
3566.41371246354,3272.65583182799
3427.66466947584,6179.71338065451
3865.74570071609,2407.73353386281
4686.47750283253,4307.33485067711
4417.0999675746,3712.93145158021
8377.8267006792,3804.60097308212
3869.72626323765,3235.20375359146
4668.71398045337,6362.08619940765
4577.64977954596,5950.11312737816
3867.72115439188,5187.20360180492
4921.39523503399,6458.92766349602
4775.49050339741,6698.01890290213
3463.16002488077,6913.46788231712
4266.51628253144,4390.30919963342
4017.72571667684,420.213897343452
3325.29256989809,2146.59187306151
3933.72831097768,4565.23722882094
3944.24515591942,6385.50096327323
3258.04652760782,3332.8974824401
4630.23236630189,7161.76594912368
3674.34714565134,6735.41410710727
4894.01261620389,6840.60949955293
4227.89382639826,5372.87300010217
4223.37992915038,6991.32737414598
4125.8445289037,6607.14477212911
5112.57545629944,5545.18693812221
4942.76525924891,5463.69004541618
4072.41805956021,2507.53012187935
3997.81720498581,3589.15199366713
4609.28733126787,4761.0225933103
3614.90468691046,6326.39594757832
3801.04450911912,5105.53629843236
4528.72533629642,3900.81703425287
3208.97790115225,3943.95249850308
3788.61956763341,6089.1234086108
3930.45339845419,3181.61150181607
3004.09462741196,3577.16024157741
3984.19605643886,7490.25344019727
4502.59627949426,6294.11560050062
4025.45177826493,3797.21284612026
4192.38126514549,5401.34553563617
3969.74777654513,5749.72413776094
4032.37861992931,4098.59150984735
3753.5464997429,5493.24255326363
4244.77810955353,3017.42463031066
2990.65191571086,3174.39378552074
4211.77708357557,3796.01954859929
4563.5269508572,5200.1044926863
4442.80148188828,6671.36464495146
8997.03233434187,4695.95024430005
3454.69797499939,6164.88004127178
3115.58708806854,4998.18138421505
4307.28909429433,1572.3638494589
3614.87417136387,1830.77777674376
3897.10652191169,4346.83291405015
4375.19898297924,4399.34519351208
4109.6378922847,3064.4243572807
4457.83003790486,4898.9529022295
4104.85040174846,3641.26678919224
3498.49928952476,4435.94500698834
3828.44070401032,4943.45249752246
3114.87389051212,6507.8596275398
3625.51377811443,4661.56703805446
3966.1785771235,4271.18960659669
3746.81764768908,3217.58591237471
4257.10202262983,5661.80576519897
4192.64751420751,6388.45629862902
4102.73611199013,4696.97313115449
4410.53264251202,4244.36493797949
4672.18019274287,4580.80887347356
3479.55796734193,5511.25830127245
3882.63652850268,4481.01249688465
2829.85934209139,6286.04540801738
4288.46562433592,5764.21623295536
4583.35622000507,8455.25648490829
3882.85415451423,5817.97931825253
7297.88806901929,2400.00458556789
7567.16976570007,1551.27922945913
3665.21160188151,5456.64316264263
4160.76036252859,5601.56411458686
4696.7811136586,9398.09514873372
4257.72164617227,6804.01010893193
4771.35005141954,5391.85497236168
4310.1597073664,4291.5352870437
4012.75474470378,792.745991458924
4590.53636504454,6811.05699170548
1907.7328202782,6079.40534921076
4004.52498460827,4443.95811401256
3059.66243234517,4559.61071683865
4099.87694847797,4681.79897043869
3353.79599439595,534.559401728889
4647.85188968765,5205.90141533512
4111.81451006752,7323.67976222229
1752.63859579681,1099.80788262897
8626.15463571617,6826.68572181711
4133.30659722499,6847.25889838966
4183.25015580225,7708.71484042707
2910.80145176729,2526.79604144053
4063.07699125132,5518.07811077571
4431.24007503164,4851.04382504016
3722.20457874777,4331.54500527158
4687.36665038507,4052.04656370077
3712.04609328585,6236.31763038945
3834.33022474575,5421.69163893843
3786.78095835341,4099.72814476456
4740.45708726024,5551.94966216646
3765.90044293036,3658.82754494998
4067.19845337207,4744.31389088522
3942.62804877234,6786.16477158964
3910.46980688842,5815.02398289674
4236.77818513357,6135.4412814871
3799.36303144595,2149.26283826038
3359.34225586233,3694.57488223832
3867.53324261486,8605.12146045818
4320.46832085898,5738.92610604745
3860.46210649473,3834.83554645095
3183.10543163491,6285.30667989224
4319.17927234874,5484.54738071802
4432.12397580681,5033.35998118954
3219.29767976323,4852.01004929084
4282.2761413346,5946.19156777169
3970.17025094416,6442.84436398855
4000.72095227437,5033.07582246024
3325.3053002772,3286.29545083451
4445.56227541418,5778.19709615019
1526.14517816925,1870.44625078332
3872.8259310026,4450.89167157859
4554.66472894992,5364.23449016033
2913.04254419954,4973.2320786402
3630.83813359995,4403.15300505579
3786.38810708389,2034.00814222637
3629.30829185826,6486.54772284211
4142.56545121261,6124.18868037777
3651.09312816633,4731.35633740008
3394.79617793224,408.05191958638
3785.35329048391,4875.70897188571
3577.64695318399,4228.79329332687
8157.62489166155,777.344598902114
4266.22333298466,6472.1127131067
4016.86651503612,4918.04862255177
4578.35793041353,7922.06053781893
4161.15451671694,4415.31516781203
4681.7007899109,6590.60690322581
2652.97430599477,4974.19830289088
3597.31765874257,3918.83278226169
3821.22448153409,5482.55826961291
4305.52080979795,6807.53333889108
2881.94838355352,1896.24803254608
3799.25908757688,5962.90027019677
3393.0336588679,4610.75928811308
5102.35910467554,6832.76680319523
4080.89803698638,5595.5396958125
2992.66651803702,3586.08291024856
3593.27114706021,2862.21709008015
4728.92634004183,5644.86956664835
4292.67058486637,3641.55094792154
4410.13217806949,4724.19528370851
3552.64974284354,2829.31155151246
4176.8382731985,2409.77951899931
5523.60687878078,7507.92794401778
4167.22932304081,5296.66179804537
3042.13515958187,3244.63786568982
3057.74799654152,872.196740457736
3340.87137923553,5119.34675096066
3661.73310866454,4781.02702956899
4321.26568466739,5554.84833491849
7980.14171865345,1721.66082469163
3974.52076618592,3225.82651552448
4567.55152282223,4732.26547619175
4175.65361399776,1589.58388959739
3176.54901672517,1578.33118277425
3979.58209308519,4034.42872248402
4616.92362842674,7584.36664220013
4608.06412432114,395.32159794225
3618.21086210535,5666.18147134603
4210.78731127958,5264.77893490448
3604.79936984961,4008.00196065889
4350.66759483819,4614.11253026095
3070.11368335356,936.757646040771
3993.96840489583,6180.79293011271
4487.38618971003,3633.36700737553
3944.73536399699,2860.91004449641
4095.35267501026,5754.8960803474
4277.66876568135,6565.65759765096
4673.99653755634,4479.98961003021
3483.52974836405,4080.23494050547
4034.19355658535,4124.73411294318
3731.45918148837,6313.43839409318
4079.88367999728,4045.28341680127
4658.62211655422,3686.22053102578
4005.77117647432,4621.21649849351
4157.66388521025,5210.84586179603
3863.41067449006,4240.55754929104
7293.54238896777,2962.07055212807
3627.33504063155,7056.7405444893
3896.4097099284,3920.31066136722
8337.68913169822,476.988822029457
3158.98154699152,81.0988975438202
4445.63587679511,7098.96686994784
4488.72155857925,3535.84368919342
3741.02340909405,5097.86401274119
4676.35498061665,4243.5695472506
3793.96176759742,6026.04017070566
3110.06464335095,5459.02975768457
4347.11370138569,4801.37313287125
3120.87806810795,6358.50588398949
4420.68428135147,5546.60773176872
3941.03828874939,1724.38876963569
3982.73631454084,5600.19998354411
4004.72643726817,5016.65170161971
4463.83628237706,6185.16905911502
3451.92974846909,753.929887893451
4054.74586515172,3509.87170819175
3947.89008084311,4441.74192963716
4559.56366399569,5504.77931310226
3342.28291309378,5360.42667861663
2276.90973931051,6491.49216930303
4509.07351531539,5865.54757410881
4782.21261115126,6547.69893510115
4262.7880476522,5094.45410798956
4249.86354892985,5604.00779508781
3991.20085003441,5722.72905847721
5055.6221245848,5334.39782358358
3698.15924254723,4028.40430370966
8104.74214549878,2486.90028270304
3860.70440398503,4761.30675203961
4309.40028041438,6974.56200911714
7485.74239723296,601.450345463916
4091.1713450898,2457.68880761628
4771.08930679711,6501.38106222485
4026.67877574684,6048.60245838333
4794.65269678049,4222.88262261528
4269.72404971946,5982.73429578893
3436.88241575987,1429.54565096874
3571.77551323917,5784.39150273584
4884.74739823205,2785.89213996057
8630.98574421084,5662.94240011618
3006.6672229344,5501.36940835063
3012.10621354026,5915.9003317991
3740.0435754382,4824.50331515226
3706.63565112205,4981.52976724898
3311.98041215106,222.4962693519
3810.63286457214,3478.95506930155
1818.82035693071,4680.43483939594
4245.97775378572,5375.65792479144
1964.82686456625,5637.31102901995
3688.04469538298,4830.07316453079
4115.33750095772,6511.04245902114
7862.34757778828,6077.58664877217
4135.17967453421,4697.99601800893
1648.78030367951,6727.23016656126
3910.57359747551,6896.58876922551
8980.52107976371,2871.36704344922
4391.96106300027,4770.85440077312
4867.20795638952,6849.70257889061
3289.82890410041,5414.81474397616
4371.00390844216,4972.83417184813
2995.65601211348,4340.5814220055
3339.116259479,1740.69945955489
8631.61987658853,2397.67444170208
8322.07841915704,2238.31826859481
8472.29599335235,3803.00976876908
4196.26153540027,5884.52912351306
2932.4849001859,3484.69511791898
2816.22202406119,1741.77922044071
4889.05101219421,2777.42404068526
3797.6281812222,4020.90285154027
3512.62868451071,4981.87058858204
2502.78331282352,6033.8262044596
4192.31440324238,5449.02753955522
3469.89665022159,4828.93652961358
4544.62298125753,5730.17427089809
3720.74248939363,4684.18598833588
3246.36758608479,2300.15112351997
4256.24447743597,5792.46169521908
4722.43515624997,7407.67657517779
3380.98326099072,753.645729164148
4123.32440483824,4793.245854929
4463.47773061127,4821.88922398478
2622.95389135378,2539.92421701982
8060.80217220311,2460.41664684653
4121.89195535654,5004.54662432248
3914.16331592776,4747.78045824061
4591.16472833096,4250.61643002415
4166.19361754952,6394.53738000714
2210.99852963358,168.96077267986
3867.85052688553,3710.37402301649
4868.39232697247,6046.61334727821
4456.76477134789,4179.23592636548
4802.27853116305,3300.78754602893
3790.75049651114,3174.50753358351
4390.56719481516,5806.10131422559
4669.17737569703,2904.72715141274
7598.09485095152,1633.23058584719
4449.59054600922,6434.60376083878
3748.984696231,3374.27112028311
3948.90752526421,3962.70697463704
3868.22453554976,2931.83597875925
4557.06706332828,3984.47344873055
3721.07283638676,5832.01684405112
3746.96522531997,6447.44756626115
4226.04469030593,2062.36714112523
4368.10642153017,6556.56451831328
4148.06014274092,6012.62804782469
6938.60112402138,5055.0697926793
2997.93846201683,2688.93713923706
4442.73148735144,7706.15741186335
4088.19421799976,6264.39268198663
4408.37218706062,6515.64566129373
4470.23763728393,5875.83395096746
4590.75019307102,5534.27515834595
3888.7458814908,5208.2313477733
4017.63373122749,2874.32216737739
4072.04895381931,5144.40938174303
3288.85876504361,5597.92671370969
4320.06267489807,6397.89019929976
4877.39367073913,3611.82760655231
2550.26841594677,4950.44271769225
4042.07763072905,6115.72058110246
4051.16075070786,663.112789722541
3799.68481809894,5586.95827132967
3924.70523615582,6535.8209310742
3895.51032305571,915.161582613787
4269.68625587781,5948.52192306512
4295.68069833382,4772.6731012117
3456.32187616883,5683.28808056319
3314.06047948115,2582.37761574865
4781.04393301961,1646.5860461244
4942.82813235329,6199.37699558014
3993.84835417702,4682.6514466266
4468.82687532208,6667.55683340776
3406.78429768609,2047.76129786803
4544.62253375463,6103.38843053493
4605.21397372303,6238.1929934318
4299.75785972923,5408.33617866122
4115.19730757493,4166.3350354841
3836.34026855067,4346.3212591953
3861.47670452385,4710.95357149407
4071.05843028146,3995.83979790265
3674.9948610962,3003.15981981415
4419.63053345168,4466.29290556468
4523.55530001854,4727.60518846014
4539.75751311933,5915.9003317991
667.667494941975,7247.35438924746
4405.19664623991,7238.14798470227
3237.63926504951,3059.08221545534
2333.70316238275,7355.22138117486
3844.43689745099,5157.76484202024
4225.34806448781,7951.49972045886
3985.05765037474,7449.27792057396
5443.23590331106,7623.80804296941
3812.98827964417,2886.14329737294
4267.06073737936,5089.85090571696
4066.12543105272,6360.21083636531
4730.94514591781,6627.83169676443
4551.4472220822,4910.77424365268
4707.61155940971,5673.6266837669
3797.02485233548,3145.63709125744
1065.22028129884,3046.92026412673
4868.83834680014,6843.90565624179
8728.8599259122,2152.16129958479
3310.92738667587,3667.46605489182
3943.0971307,3039.64588522763
4194.85091740158,6152.14998391218
6426.07888221009,443.571734320729
4187.49090607385,1988.88377829867
4595.7904639892,5060.35506047327
3779.56058091497,4306.31154096742
4224.26118544701,2323.96358274998
2227.40453874409,269.666618416102
3742.48554959161,4876.50436261461
4060.64839008341,7155.34362355724
3920.98231362792,5467.21369823058
3316.34824805974,4784.72109304992
3915.55101985552,3511.06500571272
4118.84923662682,1964.33237951589
3658.34518788485,6202.9573109983
4108.08298502444,4693.39281573633
3637.92469801348,6824.12829325339
3432.85345101152,3127.10989982139
4856.17130018553,6936.14391805755
4532.35006185643,4969.02678315968
3931.64604262006,3965.71897259659
5130.81625552974,6920.96975734175
4190.61511449352,1906.6481574675
8728.14106400734,5276.20236953559
4952.34944559082,537.17365146709
4263.16060739349,4103.7063669748
4803.34519417399,4265.90433880272
6877.39426024373,3572.95494609689
3586.6682317675,8116.36844605802
3423.17465545691,5543.53864835016
4590.77071103471,6560.94064731559
3468.77003630462,1510.18996177305
3300.06524439126,3791.13176474214
2597.77117110359,4541.02665137122
3728.1634639085,6508.20087172811
4260.9751775703,5709.71484238831
4102.52876991968,6211.87997966945
3997.35220982815,4424.46490975347
3908.83971987535,6296.33220773128
3235.92435495043,1455.17681063734
4219.72221703945,3046.46569473089
4202.27853057108,4912.93376542433
4259.00144691066,4181.05462680407
4464.5826320116,5078.6549672114
4016.87220458874,4838.88208513917
2794.56687967155,3077.72315495416
4153.77439582719,3711.85147926676
4004.37587280141,5731.3109058153
3610.06660524041,2670.01204100895
4344.09807938793,5095.42033224024
4349.08629395531,5684.4247154804
3763.1456381784,3765.1599951681
4762.29524666668,5752.16824111714
3938.08802773006,4065.17452785244
2662.54325184075,1461.88297779164
3430.54960963142,2191.37520422853
4125.93585288749,4698.16642867546
3571.86574263846,5032.67833852342
3713.35980744351,3734.12960821512
2571.89420683888,1082.41743182395
4405.65146718986,2488.88939380816
4279.50558505737,5382.98896629429
3532.47151176007,5074.39258627186
7940.68984229725,1207.21988230529
3346.66321991077,969.720058639852
4145.18506592496,5243.69452633234
3818.83793636262,7063.95826078463
4361.75121099096,4254.99255902646
2581.92536377296,3872.85615357371
4233.20943720002,3989.47455779522
3716.09071798554,3355.80080287845
3866.7494231907,6327.30550922524
4087.90305471503,5280.23725434958
6618.23637080389,2477.52304463606
3838.17005574347,6794.68953346871
4676.85974744349,6750.92908915614
4028.95933466525,2034.34917498706
3097.67158240405,1365.78045325604
4293.97507533382,2444.16272524491
4595.75822997121,6186.76026342806
4268.29813949521,3287.14792702241
4433.71662154009,4649.68903402752
4844.65082580775,7161.93593693495
4286.36166147982,5428.3406149199
3726.21766322544,1939.04225260798
3893.81865977424,5735.80036002512
7014.71445351298,1030.58679502814
4616.5605214514,6146.63721999266
4257.34719207695,6595.55092683147
3752.14617095635,2068.50488510711
4149.76133088847,7937.68926793056
4322.7358825468,5059.67341780715
3034.02446020046,4752.83865276429
2831.73911713257,1196.08081783111
3637.31290218836,5437.66119038313
4718.43323380888,5884.64287157583
4435.42897294335,5456.69982524639
4455.36989509987,6292.06982679174
4436.32082545034,6402.26632830207
7861.87916131201,3584.37795787275
3708.41602661674,4330.97668781297
4540.14075508252,6501.66522095415
4476.63661050843,5172.54109594397
3718.69977793671,5556.4962018353
5139.0263130926,5888.16652439023
4157.44872562427,5492.39007707572
3463.22560934464,7260.14153206607
3370.58528672532,2153.86625196061
3782.28168537189,5465.84956718782
4419.52476811363,5898.79414543719
4571.99026999017,6809.8066087255
3925.1159742909,3331.53356282498
4206.5759318651,835.938118312891
4146.65716385321,4791.59798801219
3434.31246358866,4272.66748570222
3547.68025084642,3482.02415272011
3859.65172248501,5302.85620463101
4200.00051986293,6498.42572686906
4329.63504093452,5944.6570260624
2848.82481749994,3579.09269007877
2478.33704334948,2930.69934384204
4107.24351186454,6523.54544311044
4084.51632543654,3724.07030462676
3741.54197109257,4580.63846280703
3206.42791096934,4138.77163874177
4233.25983067266,5954.03426412938
3925.23623990423,6079.91658121035
4287.89481645902,2419.27050512907
3752.93208186818,4225.78129536732
4454.17784713467,4986.30338018811
3578.78144965246,3652.34897963503
3408.430956197,5983.30261324753
4120.27416182117,6331.9653741016
2340.85263687341,3131.42915479231
4720.63457857639,7979.17644240871
4627.33383836933,4987.15585637602
4816.88463178667,4396.21944748976
3145.76365066342,103.206444040703
4624.7318897547,6114.64103164426
5240.60391786449,7721.50198324568
3132.94558534263,2895.46366140854
4472.42541515462,5732.04963394043
4092.18052566816,5696.24563404833
4094.22287682461,2801.69128073874
4365.72915352399,4355.41433853298
4684.0419750562,3808.12462589652
3484.4922529062,6198.3541087257
3915.28752369558,177.20137582963
4387.13147604881,4155.42325570784
4383.81017347812,5013.98052499322
3751.1167139834,5430.2164008175
3943.48712637823,5361.27915480453
3754.93525181364,1558.21278702516
4133.68790970551,3322.55423155007
3985.1437828242,6056.55890280379
3486.28636875235,5182.88455826163
2914.4461401591,1937.50771089869
4763.96857446153,3716.28469372808
4361.19294569398,4584.10545301767
4625.04761670845,4065.85659337382
4156.32933626926,6591.91394880955
4383.62747908315,4554.72335583675
3082.05469046901,1623.68293711368
1526.27999670642,1099.01228047245
4579.10432277825,2750.59958349569
4498.00566081335,4460.89388970794
4643.11169970518,2833.06248902477
3714.19388438675,738.073873083901
3998.760783518,4346.71916598738
3362.26910859244,5506.48426547807
8763.42696645606,2587.7766316054
4491.75444684761,4417.53135218744
3670.07257002963,3965.83272065936
3989.62325449487,6316.96204690758
4118.85326674125,2659.27088332684
3805.99752584472,3297.03681994424
4776.91255348795,6739.96064677611
4287.21045392515,3066.01577302137
3219.39946265687,2397.10612424348
2114.03714704318,2956.15988141648
2809.79774420882,2436.83147231443
3559.39078222993,4595.52846479353
1924.34452054242,2419.04322043115
4367.51670045829,5216.98360577792
4469.34623167251,5528.53532115614
4209.32088769709,7480.30788467169
3009.63090531431,4256.18627940268
3993.52582433592,2610.85036271028
3172.52915151556,1478.76198516944
5541.72091032518,3716.9663363942
3657.62854794288,1253.65139753054
4210.71226216572,2087.14582460592
4223.44755261311,2622.21671188238
3699.45774572648,2801.2367113429
4176.48140618478,2992.07762937136
4642.66133424667,5191.69347887
1161.5839239318,1582.76408009413
4892.6516197435,4386.72846136001
3838.03333406842,4858.31820393925
4167.14979003351,5050.1824316774
4187.1698403008,3217.47237573956
4050.69730711776,5051.20531853183
4485.234776686,3538.17383305922
4810.75041031565,5838.15458803301
3746.10601058871,4539.43544705818
3554.19649662056,5196.75125053843
4973.8616279927,3938.83764137563
3436.83161511916,1690.0055633901
3786.46395507856,1093.38587420398
3924.25224830757,5180.0429709686
4122.36454493493,6046.10169242336
4782.60477211751,1704.15662582383
3988.4661970951,708.294027681626
4356.54072734706,4467.48662594091
3874.66987141754,6168.11953535687
2436.16294264067,855.658712983717
3852.21149111816,5687.09589210689
4165.25533361951,5029.89341383415
3946.01136584573,4869.74163857036
4376.05900548138,5880.89214549114
4768.99946315068,4585.01459180934
4038.81786330094,2491.78785513257
2980.19021556052,2702.00844078497
4012.19538747161,5059.61633234814
3886.28030313896,6816.39934495846
3814.963013647,471.135131063064
4148.06513901695,6701.37172219474
7872.90998865484,2848.00915361503
3753.49323964419,4274.25869001526
4729.15906783949,4893.78138249829
4025.4120770327,3138.1352162328
3951.51460144418,6385.67137393976
4776.96078253405,5897.14585566514
4060.70116088543,4323.19065405904
2300.24534273314,51.2622309670663
3799.17521521432,3601.31373356812
3877.72838558334,2621.93255315308
3537.44607834046,1550.65414368296
3712.68770863828,4279.65770587201
3043.96251574555,2324.19107887553
3321.27827224201,4399.4022789711
3829.37232793549,1635.2196969523
3594.24659028903,6200.05906110152
4264.2447596414,6867.77498950319
3265.00601173353,4765.3416368536
2838.83647371199,5000.85256084155
3937.21215971439,6856.80654712317
3914.60768577523,6216.88108873412
4506.45491061667,6166.18750971077
3502.9866196622,5156.00322704067
3501.33722013534,2622.27337448614
3961.45591279634,7133.63423492274
4589.6358895405,5248.97979412632
4077.55350196365,5032.67833852342
4309.66136976475,7203.59394493489
3584.17878315292,2547.93753547168
3437.43258923478,7119.02796881029
4355.01029563284,6329.35128293412
4052.02114032225,5933.46151041209
3362.81722351596,588.492686264963
3323.9290334526,3725.49109827328
1405.4321586337,1091.22635243233
4847.09158129713,5015.57172930626
3171.76773070063,4941.63379708387
4005.19327772961,4283.692590686
4030.71085818608,6480.86454825607
4387.01300728287,2948.08990036087
4124.99081210371,5281.77179605887
4243.29984193264,5864.4109391916
2572.98893510977,3652.34897963503
3801.76926339048,3860.92148694301
4271.49742440988,4050.85284332455
4228.58701652548,5772.11601477207
3184.35241931063,6771.38851766591
4299.53025433864,2866.87737781176
3589.79701514659,4425.60154467068
4611.96053553283,2637.73169393124
4545.40615594737,5798.03112174235
3636.89629853352,5281.54429993333
3813.01591281625,4617.57909761634
5173.66015293049,6398.51560221738
4166.44390784752,3630.52542008251
3604.24326027193,2365.96220065536
3973.30510863062,1162.37967710689
4749.45831713538,7556.51908672849
3954.87199437205,4712.60186126612
4087.20142083809,5740.74480648604
4556.53155275756,5590.02693189298
3953.81800207876,3891.61062970767
4192.4073938045,6939.44007474641
4048.74522435171,6372.94131658016
1651.52016448553,6556.22369698022
4165.49085163105,3677.18411429187
3957.24120307195,5881.00547069866
5225.85333790828,6979.62020364082
3758.69062494304,5150.88836991322
4083.62407249691,2224.73552361968
6710.01119635571,2325.61187252204
3905.74431527842,6395.50360425782
3858.64629864612,5922.15182384375
3428.65834665802,96.9549519960502
4007.639867684,5795.47369317863
3617.41987128251,6220.57515221505
3701.26204357238,6612.37337731933
4807.27852933303,5382.53439689846
8780.04363996533,5971.25462140931
3780.27410709791,1596.29005675169
4426.17615561987,3189.34066153862
4166.3121729615,5127.18944731835
4593.40473405953,5755.7485565353
4801.34602012421,6901.30571956088
3693.63028708373,90.5897977810985
4465.85884850874,6380.84067554161
4243.382964312,7866.30876427189
4561.0135991071,5679.30985835295
7696.29875417627,2259.74370992764
3975.57099300834,4782.10700188244
2502.27476897504,7105.90000465862
4116.84532238443,5439.02532142588
4594.59283317905,4952.03392200529
4231.79474779861,4858.43195200202
3495.43698775496,4724.36611723029
4003.65906290483,6467.28201470856
3458.24783400769,2319.07622174808
3636.76879009974,1430.79592823491
3952.37095032482,5708.40779680457
3831.41261179856,6034.56493258474
3683.19678600052,6526.44369300722
5058.6889503869,6039.39563098288
4266.50455231908,6137.43039259221
3754.84763734582,4201.17281112553
2083.76737653692,1253.42411283262
8367.22716266254,3605.00779704905
3172.74953184662,2796.91745637198
4151.34634438418,6430.96635996161
2600.3897338623,146.057584383776
3667.82973705085,2522.93156729306
3330.13493082145,7771.11558995558
4007.31116283703,4713.45433745403
3969.7603223151,3959.80872474025
6886.12766614436,465.906631586662
1914.26119887951,4485.33154042795
3805.31109899099,4651.39398640333
3917.25898017108,4948.79442792019
4441.00642042766,2455.13137905256
3009.09823779138,605.996885132755
3234.7436949438,6106.85499789032
5074.57543983722,2794.98521929825
3682.94380822141,3330.05589514708
4490.75609647608,6807.30626562079
4226.48702791112,5547.74436668593
4030.9977056964,1425.16962768024
3904.66222596065,3669.11434466388
3537.6585237074,5900.83991914607
4257.22110220382,6379.70404062441
3594.68926895074,4862.01226742018
3663.88619798155,4018.74290691337
4737.66150670002,6387.71757050388
4084.71487251289,1535.3663406182
4222.21964813627,5966.36683755216
3296.19886742905,3525.78459703269
4819.67083842983,6977.858165806
3790.90604364574,5732.33379266973
4081.47123511713,5901.97655406328
5061.39241500861,5790.4159215102
4660.434769329,3267.48431209679
3882.82168253603,5335.70486916732
3944.70399750609,3913.37710380119
4142.35366546946,6404.93750492856
3647.81446959109,4901.05576139739
3593.42422007903,6174.71227158984
3201.31393419367,1442.84434292838
3932.74052183778,5377.41953977101
4224.37447020229,4676.34329197818
4489.5639284961,6784.8577260059
5088.19625186016,4713.51100005779
3532.27508361449,4590.24319699955
3829.42059944418,2736.67580575987
3773.82970388553,1538.09428556226
3603.8731364425,3997.31767700817
3820.31085387513,5770.18356627072
3990.8939049537,4427.13608637996
4283.95349167303,6048.7162064461
3934.6562177357,4888.83693603738
3770.61533625539,5308.25522048775
3433.26622338198,6045.36296429823
3992.33905127603,6955.46671165012
3221.06235063213,3710.54443368302
4121.32745773164,3716.3980189356
4207.72621094442,907.205138193319
4214.5669027313,6140.78363474008
3763.18788527222,6239.95503126663
3110.45261042926,3533.00210190039
3833.54606078626,2545.32323287657
4519.47092332451,5701.47423923854
4390.93860285873,4671.2850974545
3381.40947277647,3430.42080062222
3460.5405602863,2984.46221771158
4124.69355405547,5096.15906036538
4695.66653943436,4352.97065803203
4210.54933974077,3486.62735499271
3813.80555209818,4665.26110153539
4506.77973764177,5355.19849628166
3106.8628570082,2798.28137598711
4083.58248021589,5203.79855616723
4110.47392364755,3991.80491308866
4317.4966180214,5336.9552521473
3532.40339770159,6724.95689672685
3264.97279057474,1595.03967377171
4277.88113468944,5830.36855427907
4102.64489707495,3784.48278876066
4560.45179927891,6109.12826772474
4712.9458973081,4679.01404574943
4598.2585647393,4543.35700666465
3599.61580016826,3150.35404159281
4604.00683661053,6217.8473129848
7965.78569262185,4407.47204859908
3736.90961089817,654.531206668989
3971.30843021064,5337.63731766867
4250.63035841889,2565.78266138634
3242.66577155164,815.194531073815
3801.34574112691,3662.18078709785
4635.03326801054,5706.53201090697
3103.35827934895,5686.12966785621
4498.64124237177,3867.28630419518
8631.93781537431,1129.53090685677
3637.78755542526,4361.04085051527
4409.48704927692,6146.40972386712
4306.75417114262,4662.41951424237
4163.43631643423,5115.19769522864
4022.23185271764,3288.966627461
4326.57393785742,4527.78493915678
4503.56507078455,3176.21248595933
4442.32965139919,6481.20579244438
3976.48970159159,6022.23235916196
3713.16080880277,4462.25802075069
8874.50983564696,3532.77481720248
3907.62199024479,6503.71099466303
3546.02572979809,4351.77693765581
4072.91417042814,4473.51062186002
4055.60785073996,4954.19344377694
4418.54218147592,5487.21855734452
4712.00453598102,5157.99233814578
3457.65710764233,4911.85379311088
4274.09471525746,5891.12185974603
3287.10187274468,1243.99000073426
3781.25015550367,4571.99995286518
4383.70650331654,7069.81184603721
3804.67516187688,4449.86878472416
4205.96116158665,6325.65721945319
2019.41458689043,1978.71072664754
3648.65307505202,4963.17277505184
3712.73117224755,1047.52267643733
4107.63302586945,6170.165731921
4195.31281368328,5269.83712942817
7410.44916467144,8666.04559944692
3490.42841929581,2252.24204633063
4296.17580014841,6240.12544193316
3413.23863095568,1275.92942076509
4467.63615843409,4565.40763948747
3906.55523936583,6407.66534415881
7668.06116701661,4311.36973549111
3340.17025525957,3498.3347369255
3846.82915212336,3153.65019828166
3347.10609838575,4192.76179730923
4074.71979502508,4815.1831625443
3480.11172222663,3728.16227489977
4279.3843453864,1325.48678772648
3519.57191591325,3640.13015427503
4270.88052893019,6827.25403927572
4285.34610268562,7593.23222541227
4935.42495567015,4081.08741669337
4090.11547703707,6169.02909700379
4101.49652887417,4145.64853370404
3698.42709428836,3827.56116755186
4510.72271465195,4862.9218290671
3650.31128226971,6183.91867613504
4721.33702126578,6976.03946536741
4244.88466588048,3393.93494663636
4057.85257347259,3535.78681516203
3041.52947637147,1349.41288930546
4196.3536604045,6099.9785257833
3985.03783166338,6111.17404143362
4424.70191774648,3895.36135579236
3609.16224067392,3569.09047194943
4227.69682506544,4775.85550983779
3590.37840363809,5505.5751266864
4504.89557656314,4061.59421243428
3576.05400983669,3375.86232459615
4558.07418715906,6663.40820053099
3832.09213372605,5403.27798413753
3903.47029320147,4468.11160600327
3247.02593290647,2874.72007416946
3720.87278001264,5237.89760368352
3898.91365382385,5617.19284469849
4411.60192629736,2649.83677122847
3630.88442558733,5778.7654136088
4132.15233557825,6767.92195031052
4014.60774800706,5988.30414516745
5143.84532009185,4326.08932681107
3492.75386860766,15.5718982005947
4787.66851545861,6068.15274810143
4071.41040368355,5078.48455654487
8724.70156580621,532.229257863084
4142.40166170452,2789.52932941012
1812.11243121879,4818.990974088
4387.36154519053,2712.40856570639
4515.06123381467,5446.01554159567
5080.66276676549,5417.31550993612
3910.38237213655,5875.49312963439
4449.3306710709,6197.84245387086
3701.81872715366,2611.81637553334
3903.68783127333,5386.96718850452
4647.34757502054,5061.94668764157
3732.22595655031,3157.85591661744
3719.13955163982,5652.03062033992
4196.61061125381,5439.706964092
3996.53095956125,6838.90454717712
4307.88230717475,5151.68376064212
4502.84581994882,4096.94364293055
4777.75631354166,2349.08329899137
4167.00908258623,4403.49382638885
4145.63243368734,4862.46725967127
3332.97475986731,4625.59262749582
4294.45816358091,5492.61757320126
3204.18422258458,3594.32351339833
2995.95417831974,6710.23772826213
4436.95081246922,4880.53967028385
1960.95369772161,44.8970767521148
4954.25847233495,4993.63484454621
3199.89153209759,5572.86408292732
4898.83078031287,4973.40248930673
3913.84317030479,4731.18592673355
4131.6680279398,5713.465568473
3331.91931398981,4371.89554483252
6061.82886185767,4987.89458450115
3604.43014398247,5922.15182384375
3675.5364722017,5323.25897053702
3050.24945899597,1633.96941968614
5146.56556899315,4371.66804870698
8217.69528474978,3499.52824587409
3615.172488524,6315.143346469
3868.64712796374,2172.84801279248
4806.33768276936,4909.75093394299
4243.25881490147,5231.36195290957
4792.23724097389,7209.39044472846
4127.23417390542,3235.77207105006
4179.57951499652,5513.53157110687
3216.65034138642,1588.50402299775
4973.18413646025,6691.31241860639
2818.31248590002,4278.40732289203
7734.68895320933,321.383507149142
3724.24414503359,3567.84008896945
4625.65194318266,2071.4602204629
4178.51475369315,6895.39547170454
2565.27891828942,487.275357458823
3562.81085162764,4808.64751177034
4663.87096761644,5795.3032825121
3893.86880519223,5168.96078052581
4010.27129721652,6792.64375975983
3361.36427820076,3976.68741497661
8311.25516219895,4348.82202515526
4983.03751848147,4597.51757589864
3796.4439524787,5169.4720125254
4984.82855441909,2465.30421927606
4392.9122741661,6051.44404567635
4025.15332404632,2137.95336311967
3591.98380336157,6060.6508730768
8741.14561796403,2002.80755603449
4346.68197376821,3756.29398910071
4226.0009738398,5862.47849069024
4530.89644939574,7017.75413597111
4150.69057986274,3724.46821141884
4230.27524626507,5685.67509846038
3896.70293725879,5276.94109766073
4128.71117338568,1783.15285828372
3962.06620588551,5428.0564561906
4321.84887723617,5075.87046537739
3675.41016001177,5888.62109378607
3924.03852679247,3757.26021335139
4358.84054075189,5087.86179461185
4205.85298454919,6231.82817617963
3398.59698656211,1516.95289724493
4427.38802736556,5851.33963764369
3954.34790723416,3979.13151833282
3892.82221014517,1862.54668039424
4724.86943277658,5646.34744575387
1900.90067552722,1633.23058584719
4622.85010094402,4370.30434051948
2672.72297643567,1128.5647883199
4024.57607874341,5875.89061357121
1870.59507938369,5524.50001348689
4682.47335438465,6227.67912044761
4666.50041896506,6302.12870752484
4467.31649058331,3898.14628048163
3430.14210199519,1430.68228588595
3502.50893501927,3261.74426347935
4396.32737505019,5864.4109391916
3108.98163907071,1050.47790607931
4516.21655641919,5966.99224046977
4219.11005032668,5059.67341780715
4374.22942663705,4680.49192485495
3028.16655361515,2664.72677321497
4380.43261510632,5078.88246333694
4072.7112170903,6716.71629357707
4105.12916892069,4125.70033719385
4223.82827765528,4603.31449854746
4097.61970861374,4870.59411475827
3922.14952768407,6274.56531078251
3679.28480719709,5051.77363599044
4517.73981519698,4953.1705569225
3786.17419368861,6703.0200119668
2870.61195961004,5335.76195462633
9637.5725322712,2559.4742953103
3380.60819337546,839.007043160739
3767.17080842546,5086.21350483979
9001.29139661635,8720.71740068051
4024.02826688184,4612.7483992182
4701.77144608509,6055.82017467866
4228.15404414161,6852.9420729757
4127.5903823525,5887.37071080608
4416.86820184363,2917.51429423135
3704.84952818935,4932.76779101648
3682.19882387632,4994.94189012996
3688.11627647634,4428.95478681855
3552.17342419847,5525.18207900827
4403.46994093996,7212.00538160644
3337.08914029346,936.473487311469
4131.42809604691,1317.24618457671
3802.12694784749,4818.42265662939
8227.55060819505,3405.69899117291
3464.18338618114,4489.36684809719
4623.91452507529,1656.13380057173
3876.66544801358,4144.45481332781
3963.62064221643,4867.29795806941
4571.52459432664,5407.7107757436
4102.92626859751,4899.2370609588
2247.71499050312,4713.05643066196
2297.02100413986,1822.59404762537
3899.3951695838,3800.22484407981
3812.55109414671,4168.72205338129
3846.59039603316,1405.73319173872
3676.68883771525,3125.46182147696
3714.2288258959,1356.85789029871
4508.52952642827,4401.90262207581
3945.90402025381,5222.04137744635
4294.64960992019,5698.46224127899
3372.4153147895,3038.73653500834
4251.38132101444,3118.52826391093
4799.1975525057,3143.64798015232
4530.06719265973,6873.06068015242
3303.77557724284,2446.89077590279
4343.83944410266,6093.61328567588
3442.73058934939,6026.83598428981
3506.92490297762,3419.05445145012
3316.93077168991,5013.24179686808
4314.6866277549,4293.41107294129
3417.42309326496,6241.20541424661
4048.70077929693,6548.72182195559
4110.26382931687,3752.82742174532
4397.74944905444,5771.94560410554
4042.16287470848,6144.1364540327
3990.82465597538,4736.5849425903
4452.7893176984,5778.93582427533
4706.8771326158,4276.07739045385
3916.97358004487,6282.12427126616
4495.98602659899,6725.29814091516
4291.64399347943,5554.73458685572
3903.39568395455,1840.83708033211
3751.14552676413,5170.04032998401
4239.49735402099,5629.07042587018
4075.96530576872,5754.27067742978
2424.09713046297,5978.64274837117
4764.55828058118,5398.90185513522
3447.1776166632,4338.25106671206
4458.95680601418,5652.37144167298
2659.9966124634,4712.37436514058
8419.92748044692,3632.11662439555
4322.95904150875,6542.52699251469
4558.04743067563,6065.87947826701
8774.15535827995,1983.82558377499
4374.85367052536,5171.29071296399
3862.54309171137,4015.95840507936
4668.93297546471,4974.19830289088
3975.74107951788,1898.18026961981
3344.0493492703,3064.59497937486
4169.22147734253,3735.77789798718
3797.37642525601,3975.55078005941
4110.44989462759,3865.41094115284
4520.81549025488,5136.22544119702
1492.85989111851,2924.61826246391
4317.65580233202,6062.81039484845
3875.31818704119,2831.81210604479
3979.57069211102,4274.71325941109
3770.20687437358,5203.91230423001
4630.28966263943,4369.67893760186
4118.12254487531,5751.14493140745
3969.34594210644,5920.84477826001
4018.49222954424,4988.80414614807
4372.55398647042,6632.2644883705
4125.85635096996,4584.61668501726
4377.57017757106,5717.89836007907
2079.77446137054,5798.88359793026
2908.47230293848,3539.65150073712
3726.29790701769,483.581293977891
8672.95047589583,1782.98223618956
4394.98497980143,6890.50768784738
3268.89133325548,1028.42727325649
4508.86104964432,6587.594482411
4195.14858322955,2473.20378966514
4216.06678851511,5137.7599829063
3693.12553399297,4108.87830956125
4411.11825646653,3018.4475171651
4020.75325583505,4740.96064873735
4711.28966304412,6019.73201605725
4758.27998141348,5238.2955104756
4210.79996710718,5413.28020226688
3918.46518168163,4950.89728708808
2950.16758636456,3624.95599355923
8257.34920228757,2634.32178917961
3298.1800349481,5031.59836620997
5018.10870260867,3972.59586755886
3814.66682489722,4495.56125468283
4128.10531425436,5892.54265339254
4544.70068754116,7097.77357242687
4061.75982337992,4383.43230467115
3969.53590764052,4075.00633531525
2813.88863938443,2680.18509266007
3502.9370430552,2468.42996529838
7269.53388821764,1411.58688270511
3982.84392469742,3741.46107257322
3809.23697920632,3568.97672388665
4033.09393667213,5199.99074462353
4671.56060111856,2471.38508922655
3761.7396814576,5670.44385228557
3670.34557069738,3615.80582876254
3475.59331834751,3679.45738412628
3806.45625635668,5743.87055250836
4286.0434170029,3107.44607346814
3841.05685024564,3634.38989422997
2846.21481769932,3248.55921386867
4669.62580301026,4297.04805096321
4564.28631410543,5515.06611281615
4895.98360787216,5641.45966189672
8513.67172808378,755.975873029953
4865.92378091759,2924.33410373461
3724.85346557947,3429.28416570501
8733.95334224715,3905.64773265101
4238.80720502027,4873.43570205129
3247.43823534322,3719.41043975041
3934.2577028081,7265.25638919352
3899.73732746304,6842.71235872082
3887.1826281306,5205.33309787652
4238.07108834949,5491.53760088781
4273.57146174945,7053.33063973767
4228.66622438185,4813.76236889778
4081.00119285899,4141.49947797202
4331.56538060655,2838.12047212083
4470.94803865264,6336.56899922945
8804.51465375359,4125.13201973525
3893.72731301731,1653.06492858078
5139.07621992798,6254.27671579452
3034.36905234384,4721.92201387409
4061.67577659446,4887.52989045364
3299.88244453569,4792.33671613733
3770.47986234711,4811.14785487505
3755.9571196179,4687.25464889919
4498.31198620655,4770.62690464758
4026.1555595229,5223.57591915563
3984.43000788852,6169.54032900339
4214.09756621444,3010.77523147393
4220.17177229649,4253.00344792134
4604.8692839065,5241.64832976822
4727.90965189582,6653.69014113095
3573.65392207072,5684.48137808416
3717.46116888319,4031.30297646169
3899.72687948691,4338.13731864929
3684.79836614272,5309.3351928012
1324.03210007325,49.2731198619493
4973.99800503935,5698.80306261205
7885.59845163568,3074.25637617114
2638.95386120214,1584.2985160896
3853.57783713341,5645.04040017013
4333.75756578464,5843.72401455628
3928.70932832068,5208.57259196162
3486.20972967894,1862.09211099841
4467.03492177921,5953.12512533771
3654.78539687388,6358.10797719742
3771.77177473781,1387.20600030268
3009.10769223714,6372.03175493324
7372.29056339969,1663.74931794532
4424.37971097112,3520.21495908178
4772.99841791518,5301.88998038033
3401.73247999004,984.55308088115
1867.12333907395,3474.57915172687
3709.08200841327,2250.3098092569
2287.24935160239,764.557456083505
5449.73071410614,6459.09807416255
3694.49537535405,6759.28344036868
3618.51735739603,5343.03633352542
4721.13549996745,5247.33150435426
4089.01040937868,4935.95062249782
3372.03498735675,1877.49355641212
4597.36302314412,6727.62807335334
4430.94437177811,4462.25802075069
3787.96015419631,7407.44907905224
3613.82652004351,3563.91852936297
8890.72794954769,1082.36055779257
4034.07962066912,5181.35001655234
3478.64018813128,3515.38426068364
4118.69386286399,7796.86070911458
4130.67296378658,5349.79948042492
4262.59795248841,5136.3962747188
2817.89871375737,458.973179734446
5387.87517046933,4135.64589271944
4147.08736250234,6012.51429976192
3555.2507587626,4029.25677989756
4212.51967230853,3956.51214519614
3869.30565777205,4462.94008627207
3460.11075166831,5070.30061599886
4071.06238602297,4545.57319104006
4787.85526336767,5892.65597860006
5161.9995629575,3219.46148684468
4224.87733024356,4116.03894039757
2536.54477126841,3470.48718145386
4075.99196121965,5305.47071865374
3662.41513195521,3909.39888159095
3919.84063391132,4772.72976381546
4609.39676261734,3314.54091309822
3634.34570455664,5052.51236411558
4472.56096681495,5614.69207873853
4854.49242187565,6737.06197402408
3332.65144613765,2551.00640746262
3698.32123437196,4728.85557144012
4238.6648659748,7072.31261199717
4539.17269183223,5594.68721962459
2479.41838824158,535.127719187494
4474.46799844087,5078.76871527417
3404.22275627074,6513.42947691833
3525.61535014089,4325.86183068553
3811.4914476477,5547.34645989386
3544.83975901645,4955.50048936068
3930.36643709455,6684.09512516631
4071.58790119462,5285.40877408079
3364.68472918075,4045.4538274678
3631.33215575325,1549.17647600506
4594.13977227208,4665.71567093122
4210.14903120601,4093.81789690822
4157.74551789114,6080.93989092004
3923.71446110762,5666.52271553434
4145.92522081518,925.277654519716
4888.31050730748,5420.10001177014
3067.60658350003,5048.47747930158
4554.61176992911,6550.7109330607
2479.02075969574,3415.30351393781
4423.8445157144,5560.98607890038
4338.73432933257,6283.48797945366
3974.14883650949,5613.04378896648
4305.5247336137,4713.34058939126
3038.13127545179,6745.18925196633
4640.07199608191,4379.90865185675
2895.79119985676,3303.68600735334
4032.21691835212,5211.1866831291
3983.74237326109,4752.83865276429
3862.96808419928,5010.05896538674
4583.25305673095,5247.44525241703
3861.77578831468,2348.57185556415
2638.05939868881,1618.3406895745
3685.66765691611,5303.25411142308
4279.58318322169,6292.4106481248
3629.06940346877,2351.81113822162
3430.13938680867,1572.59113415681
3636.39042302281,3850.52093916634
4345.08895863253,6335.14820558294
7978.43332060424,93.3177229038242
4625.73332066775,6760.47673788965
7663.01679511976,2968.54932887064
4051.58368516035,4271.01919593016
3747.24620342288,2272.53085274625
4220.27303502441,6843.84899363803
3616.44874297355,5350.99277794589
3687.27309694279,6893.17886447388
8979.24908026132,871.96945575982
4229.43661168039,5436.80871419522
4283.42630331778,4430.20474694328
3664.48275827977,2580.67266337284
4217.30258513622,5543.7661444757
3984.16516690728,5340.87681175377
5131.53716752256,7255.53832979347
2771.82839954274,3517.20296112223
3798.75718462523,5112.98151085323
4537.26771567525,4771.8206250238
3795.49035305323,4099.55773409803
4454.58849609059,231.759838641469
3942.06281383962,5228.23620688724
3564.26040907058,5531.09274971986
4337.39842756126,4717.71671839357
4240.91977751502,4200.54783106316
3749.09895656008,2412.33694756304
4378.77134522379,7283.84003180569
3577.22751651302,5326.32763110034
3140.81704086897,4832.91475182382
4209.75445916763,3865.92259600768
4442.73976388723,5810.81826456096
4529.6891418017,6046.49959921544
2783.25813108525,2356.69871065115
3647.38032063754,2586.98102944888
4306.59806951131,4014.53761143285
3760.66284509185,7708.54400690529
3329.91193790404,3312.66555005587
4001.9176259286,2847.5545842192
3740.05703496059,6980.01768757765
4074.58808242007,6292.58105879133
4013.64315756849,6456.6543936616
3205.78285878194,3467.53205752569
8212.87012719754,2630.00253420869
3814.79184107046,5807.86335206042
4939.54424441193,1507.97346025621
7715.07770593837,971.481779333239
3633.17724206256,3472.19213382968
4184.44014370074,6184.14617226058
4191.1014800583,4615.47623844845
3082.08078199103,2869.3779323441
4471.78108364062,2630.11628227146
3865.85951455995,7539.24206684481
4941.46326730593,2951.89750047695
4329.73879436611,2774.58245339224
8987.44304331353,1806.85156945097
3892.56434885047,395.435266719662
3778.05787385069,2068.67550720127
3756.02065565577,5128.43983029833
3775.34149155129,4593.70976435494
4242.05655966296,5814.2852547716
4457.00602577744,4453.27868947578
3868.54903207082,451.585052772583
3889.52412450953,5303.02661529754
3720.65364221478,6470.69191946019
7134.39703801743,7417.69597711686
1319.49517035486,3560.14400236169
1576.16065609333,8913.75036013541
1287.83180799924,3403.21260567258
8408.43695890638,8212.02167021608
1129.32358658138,3600.78628069925
1357.71141365933,3661.14085075939
1099.70938881051,3356.78301441783
1537.97199181375,9073.25937028976
1543.69693984603,8337.61069189335
1023.16903340756,3585.64704504571
2087.01465186433,8390.44122280205
2135.53344415191,3515.0409413693
7850.65234399088,7936.68429446215
1380.23488756029,3753.53049174201
7653.46978761226,8269.22138910842
8819.1928196175,7640.92937204247
7222.2738068776,7322.34601062125
7543.68049518013,7542.07761677186
1225.12789925867,3625.37820450477
1774.38532103688,8819.14195770707
1122.76878598034,3605.42218723045
8016.78373451261,7783.96809145647
6583.55634638034,8023.02377042467
1246.90612777151,3919.83909804391
7481.83496699982,7603.02957460068
7474.76143743958,8161.67698193211
1456.5796168942,4989.04118935048
7466.52255555131,7774.85159892291
794.573222885014,3472.19893548306
3033.54840632205,8903.67520298364
6606.8734648116,7319.41221244528
7708.18030658463,7785.62518589547
7422.33754517289,7428.90372256306
7128.85155946524,8293.46462052472
7349.49320664803,7013.25754773932
1876.1597695351,8848.59420168501
7523.2396399497,6981.03670463231
7537.36618185818,4545.78587079703
2065.78396607345,8439.7250480838
8235.37960353341,5936.77308767936
7410.36634607461,7880.68816875147
7381.7431417655,7334.75181239114
8947.0621421446,7497.18968362694
7410.50149359853,7833.18983344663
2050.44399164703,9209.54428051751
7552.07303771334,7766.81797465806
1147.15106355699,7702.99964549856
2277.10326265332,9107.79917034769
7907.06995699368,5359.64825073826
1497.87884669858,8231.36760452199
1143.96407476586,9115.74948718181
7457.70017961722,6615.45414138101
1198.44988281179,9119.74274134063
1710.07104005492,9092.4095301041
1445.03366826027,8930.99025250698
7558.73796873665,7668.22475027902
7440.54597981287,7820.40742525344
7350.67487091885,7055.83388108707
7590.4443543548,8068.21819247076
1277.84088238126,9007.58221390672
1104.10076830027,3652.32799711208
5198.6545213106,7397.46074922814
843.946566290695,3118.895290751
6854.56936805674,7779.27160669451
7120.98521157585,7755.63380998012
1477.54037030214,3867.70250045445
7823.60747331175,8057.30029925806
1639.48208198218,8777.83855973167
1230.54609950863,3696.47341317413
6587.01315680007,8196.0788361681
7456.81638302706,7837.30128053885
8405.87793677029,6545.17927474016
7476.83011540095,7467.24040454888
7412.77189151746,8527.15739153499
716.898227881446,2918.65226698616
1170.66871967902,9003.04039880691
1991.69683225564,8916.28141271615
1664.55951098415,9131.7891935985
6124.61774153158,7383.77259283888
7472.77697876448,7700.26753081086
7463.86517434047,6689.50851592841
6596.91986295307,7233.10767261202
1997.49618286605,6822.08791068335
7852.49718109213,7405.96819044587
8044.32076207119,8352.79432967292
936.427475878847,3246.9150244435
1378.21599066721,9037.51424523503
7307.68297144955,7410.11221014306
6798.49314156466,7559.55470274689
7269.67629158021,7943.18059944724
835.186419129989,3693.01690221253
6613.04866731084,7960.14109404278
1912.08948573757,9367.9754325918
8679.10875744061,7741.71538404399
1598.61817921694,4123.26881766549
1741.92851564251,3657.07379272874
854.44632706718,3203.11735269373
1325.71999684889,9204.80806322493
1436.27432741041,3668.80180773019
1389.96286585281,4329.40588646163
7888.7428224853,7902.18563436043
6765.68602679524,6944.11149900653
1024.74893221191,8949.80627292024
2654.38855613319,8312.16821182581
1711.05333257655,3686.11842243604
1964.14146555394,7621.69423408253
8598.29224059739,7752.06010279039
7720.4939107105,6918.09246765364
2583.09403892401,8036.06576230844
5960.34308511232,6547.35391299773
1567.21040074848,8957.83778092865
2185.1354370776,8916.83480834561
1169.48584757365,8593.39186376678
947.03079086145,9001.2263710039
998.450479876656,3220.56400718536
2955.70865743822,3895.11491936384
816.260620900525,8943.22393009616
8022.79880364121,7742.80956958577
8095.87840025249,5763.67644267748
1306.18851321934,3293.73016317587
1050.84803790132,3680.77635195975
2283.723733512,8181.95376006646
1521.14401046789,9209.89903149734
1586.22105335739,3660.64816676369
7679.14991670098,7257.42726021926
1126.4332859921,8259.79902407741
2865.92500171363,7931.22760756391
1099.39662981392,3585.84837315428
1397.048232631,9063.91788201562
1368.50827783567,3823.67032430503
7700.94482850575,6763.0502006931
2138.92025976834,8054.35792120891
1850.10510651897,8317.80351191425
7703.69743424042,6204.25738207205
1284.38201667991,3753.78054582281
7248.94714591386,8380.24649368919
1116.16845483255,3240.96770481454
8001.53155549598,7717.63263784349
1570.95655502202,8641.8624243905
7386.57387328581,8172.29774145088
1762.51030475717,9184.51720165657
1303.8714779338,8741.93337989053
2824.61503510387,9036.41909089642
1437.43464495173,3760.36196783211
1446.94336795869,9247.53557870079
7319.64792936971,8352.64164155471
1175.96017582997,5236.05164724655
6839.54466602714,7596.96799297579
7797.6753167714,7083.57697584547
6580.45757679479,7013.13098141644
1836.97879036874,9090.45331604961
2004.39340506255,9172.3650972126
923.749948098225,7808.73962859176
1478.92608295523,3129.65264856525
6725.38164094014,8568.94852388657
8209.79418548297,9276.80475177829
7237.87305603989,7744.21797109384
2262.67071778077,8833.59273692936
1169.93253982279,3572.26191069713
7508.33887298102,7262.72168724379
2006.0430266706,9012.02363600949
7367.75409100969,7245.37097808481
3276.69893356296,9084.94518114203
1202.32879736071,9218.29907506405
1635.81843327131,4145.47469620299
4818.89093378842,7037.24434613106
786.567911522945,3252.78324553645
7435.10394204587,7629.21561570097
7278.0718137175,8114.56489690473
7136.13094706016,6883.82430252099
7486.37420459853,8354.83983401162
8178.62384186477,7384.77191907231
1077.61597940645,3461.44212563188
7593.75671406367,7691.09609642152
2816.46342452265,9306.23638560908
8649.76184292194,7533.37980238142
6949.03263121073,7679.68918371871
2714.10447253989,9125.98213491184
9095.21400267726,8144.76320360064
1213.51809226969,3567.40972614543
1115.91867625957,3730.09445018414
2502.89161892399,8092.82902426687
1565.30860599411,9298.80061862426
7860.57887735293,8074.06765626266
2269.60163579238,8529.81713211934
842.061018091053,8999.52138472339
925.197210882672,3217.67697787743
1252.59037230484,3429.17697217298
8576.86648440415,7638.01412849974
2509.1414286065,7881.17226385247
1849.63412243215,7722.65136574585
1322.32630391351,9179.49816342218
7604.0735936123,7331.33493600796
1430.14047497329,9073.27225134602
1690.67064766795,9001.65734609125
7027.45755954412,7308.31576549356
7336.48554004234,8360.26032004725
6206.62776244524,4016.03805730121
1278.00612968394,3737.44134216119
7677.01137366005,7845.00815492807
8120.87127391023,7523.84282451121
8052.57300204109,7937.97394592078
1638.74260472493,3340.54964989433
938.393151771505,9155.54283554366
1991.26046381452,9437.22659809776
1145.2507294675,8237.48770106936
1293.84609514394,4082.30176576044
8624.11999340098,7753.80123785704
7696.786808649,8058.23248063308
8537.87028621069,7426.97595113963
1930.45446111191,4207.6439791548
1094.76165682457,3732.28468903116
1427.60691451777,8899.62195554029
7430.42562579128,8141.03190112183
7445.4819953577,7554.23401375887
1964.88897428871,9337.54436740085
770.757670229634,3125.32489442589
7303.78741068793,8434.91202928246
7877.14783582914,8487.08668927983
1227.56605963729,3180.49071292276
9089.4263238825,7441.24069029735
942.55148440448,3466.57921356359
2022.60657029035,8659.17993743027
947.413266008226,3571.46831954623
7779.25384736781,7795.02595624555
7119.26669312957,7273.08493471571
1588.93408764095,9398.59574576117
8092.51460142354,7513.59843824987
7598.34738368276,8073.99357683189
6154.13642478353,7308.66831348388
7960.81011728457,7081.26539911839
1166.21010102844,8291.58917204959
1100.32802917757,3506.45862808374
7970.96312088929,7647.77409096837
7773.49640462753,6477.84163048003
1367.53709523036,3640.46078365517
1599.08996226749,7377.35654946759
6489.90218243049,7711.18151590586
8221.20753749943,7797.27683471601
7205.62075512508,7297.92764397967
1973.80869537006,3605.73643405931
1724.17309026971,4606.17880504298
784.248153684698,3239.96582190952
1501.20610320845,8723.08140557233
6413.88156661885,8597.69192654459
7260.72459935445,8015.42198497835
1728.68725005232,9266.78975983556
1163.18916589406,3423.37860862515
7983.62433275511,7131.04194302146
1275.85392169592,3818.22942987793
7146.51028712244,7936.93971004365
1716.22363145935,8973.00786869754
8853.66247398336,4915.19137567042
5260.578218403,9244.06572535533
1694.45239144277,9140.13815123191
1442.15455990557,3767.43580115516
7071.85900290405,7240.04233720087
2415.18377978565,9347.48695233704
6581.86746798915,7548.5917640644
1344.01735118038,3426.99967083586
1726.9237753194,8974.27658098596
7681.76560806291,8304.87653288599
720.716551141294,3371.95649722072
1746.39203981474,4066.65880892619
1098.9054838532,3790.5715003586
1118.11919824373,9022.95980704258
1407.79468058098,8820.91552450008
1688.39126411563,3636.11110045432
1727.52701437393,9016.32457354143
2001.91384608976,8127.34205936788
6803.15998618623,7661.03058552756
6979.60331781916,7236.45653662009
2161.28642163766,8011.17970521023
1312.99934991017,3736.55743132598
1011.34142093378,8805.50726965428
8231.81704012811,7417.16008668517
1065.32850048745,3294.81452320644
6417.82244739666,6769.63438107978
8293.03888921523,7523.68010132475
1623.72017498639,9033.86800395214
913.977407448883,3471.16437373515
1500.57937079085,8636.44554081647
1650.61692089443,9328.55593757725
1563.64156869458,3594.03778105713
931.961565701002,3070.34093713782
1578.32540953075,8468.0667831472
990.448816079834,3870.20309248297
2215.22470525691,8430.18943400226
1044.80937738564,9006.87699636006
8422.33598471812,5412.02120576616
853.432845167157,3403.95684047141
1707.41681692198,8574.45491726554
8682.11231656238,7405.49275311897
7996.99824899608,7812.82511702657
1376.82902565361,3668.85968445695
1226.78372433001,3899.33493266216
941.018372235858,3380.90318094744
7485.27008600837,7759.70993937629
1647.53502411838,4533.43352620702
1042.53137122295,8962.16921873994
2008.36928094727,9170.35189516067
2318.31192258153,8150.22524846456
1823.94621500688,3911.72880166952
1796.99402903777,8920.28185916058
2576.74176509176,9303.13388392358
1451.7833412932,8932.86782657657
1454.63991006811,8782.56888626561
8755.04971216505,7952.96994790487
1990.89801805167,8664.11402481093
8523.25205357924,7957.27012096073
1698.62869155295,8874.98085357288
1566.4815691806,3028.15858103419
7113.36844421639,7442.86489831716
6880.8111035121,7775.0293602862
1304.62445295192,9037.8754964904
1350.54619918481,4140.6041339258
7450.90609181632,7563.20177994156
7934.31683948599,7633.01274353111
7186.18049003865,7130.40250575705
1430.85153277565,3738.06076768359
1401.67399988183,3909.72956035338
1659.99027322613,8907.74573031146
1614.22645944795,4773.74106626398
1666.78979778118,4025.67480709931
8579.48769405765,6769.00243845691
1866.8488174185,5669.92722810746
983.587775634233,8663.67638910701
1251.92498017596,9094.07752554803
2021.15049719308,8817.74098376897
7583.70352110687,7631.04001487688
1405.3702535393,3702.59540389579
3770.68401338813,5951.29679177717
7005.09841827245,7901.58818936337
6808.23589194898,7302.22455272294
7366.16461127433,8130.09792984646
1324.33345438854,3637.5247112411
1789.88574551477,8402.65289398706
7741.85006418261,7639.64154345389
884.023726775868,3703.18758843067
1351.72712765836,9371.62395431755
9069.4788276466,7999.46604937787
7906.69108549324,8254.13835568179
3435.27647201602,8929.6927020391
1386.2419212444,9009.94110952961
1750.26664910293,8649.69570547954
1202.41907632755,3646.57588508525
8037.4005493921,7922.65284539573
1050.19632013216,9222.11139767615
1527.23421085209,3572.42088413541
8143.25999154697,7181.5380509053
1701.3531964393,8630.20787298794
8801.16055635447,7816.30331705669
2052.37413285326,8850.8943288391
1587.39252596233,5243.57863057535
944.338950603018,3419.73042604182
913.915201715476,3546.26044219686
7401.55367976723,7413.27896998665
1821.60360120988,3632.99146103112
1250.17316265027,3159.6455476705
8661.36997646761,6902.21804348117
1494.80438756664,9262.80365026666
1372.33205823874,3804.77367193325
1840.40998523405,4122.12284190136
8411.41764719971,6816.86551688867
1403.99766032317,7970.83722832579
1725.57034554924,3759.75271864355
1823.94318678722,3613.8133196929
2847.44804314952,9260.47489482729
7433.43454996747,8721.95236925566
1028.04424972084,3399.764724177
1336.46989473027,9190.22730623391
1311.46816455012,3135.19313458019
8823.3002728605,7383.41943774546
7122.85706473565,8041.53409648045
1461.92843093342,3354.81175303992
2106.17558292719,8913.56443268536
1459.06939028711,8835.31597661708
7755.86418053889,7444.3928426324
8227.17169059832,7335.59809057846
9289.43131277168,5434.25789296237
7091.89170714542,8057.20004561049
1390.49157359388,3611.2074916148
7260.56316773863,7748.17549682811
7702.35679729047,7254.46632634701
6779.07836623133,7709.97831435189
7661.8412512079,7613.87441232153
1360.70451578239,8159.14280291568
2299.44369679833,8225.13236781504
2500.1860403847,8823.72814425947
534.009986014898,2837.87364991401
1357.05212948255,4001.53996395755
1181.01256049432,9109.5738587269
1110.11487988704,3557.59356321146
1798.30248787455,8653.82691425599
2014.87511341022,7776.54712129102
1133.04577816488,3714.93365942487
7155.91991732938,8059.38965289315
1260.93449844915,8939.10426467416
2565.00545936697,8212.20198725001
1421.79957239314,3732.07313299346
7262.84514003818,7301.52713479005
1237.82549869195,8873.65507861562
7540.54174090336,8251.06112406588
1036.51438953252,9337.97182525615
950.872510690995,3471.25449056055
1972.59797468316,3800.35718126605
1814.74429494913,8629.01766386524
1114.20788500468,3696.24426018739
1417.58013714204,9005.89029567143
1401.26867863769,3601.04105729362
6622.91576785024,7931.0577384595
9181.14001874143,7229.83659180667
1258.71596050805,5862.80149384382
969.549122895759,3423.32060185011
1990.94530136488,8625.45993367801
1392.5622187105,8754.977742849
7442.17772059674,7269.45013125867
1806.43189955798,8400.0445801762
7572.70679589036,7944.42221745814
2230.72771910242,8980.21176878907
1098.17046081914,3488.69371459247
1341.15833594573,3684.8236241486
1606.28577294144,8244.51382666266
1932.78917657113,4053.35163929398
7443.18722274718,8137.35509706917
1481.85545213692,3887.29624474401
7541.02391672249,8269.71578745678
6800.71492238256,8666.8876077227
1224.98441268923,3463.1432526487
8787.93332902653,7480.49984019069
917.745662031768,8801.97254714379
7701.12326136909,7421.60053708818
7273.73968829997,7877.60757505126
8134.79830292454,6890.31054385788
6009.36283584129,6856.29464145677
1254.75059495784,3257.79393879667
3270.70681002171,3977.58487285398
1964.77397448158,9074.65430598759
7484.35754973683,8123.72202102626
1262.06912888135,2242.22893580884
2149.6833329643,9253.80755317252
1609.11570121651,8283.81513251078
1254.89606750232,8734.7756474677
8516.52096511556,4763.91820058264
1741.970084624,8935.0170134818
822.621095134889,9039.14342907689
1075.85258381152,9069.16657623923
1313.88345902486,8637.88084761393
6903.27971089933,7113.97008405264
8808.08232404134,7434.70380782035
7300.14124537329,7497.16022951954
1565.58040951824,9041.39430219846
2535.76501192172,3039.17999538649
7679.27390311322,8533.67356969863
1557.08404975253,4609.35869633171
1783.17531456875,8884.49598558167
1599.38596313322,9016.17031987017
1392.23684138564,2919.45977632275
1517.10423687361,3844.1893747494
1849.36793011056,9180.10175000397
2139.55950091416,7568.8779271677
1426.40937197307,3977.62169382078
1561.39881842662,9347.13930518473
1331.9429509751,7234.30162369543
1274.39060955396,3491.02135357276
2833.84008613227,9063.31952163663
1254.45792654533,3501.10007037226
8197.43449202419,7435.8215986423
7500.22201385818,7122.21500916796
5471.15622795576,7528.77266551626
6867.61457317745,8312.24594575215
1870.66900322474,7961.63754860208
2247.5116327705,3656.59247751051
1715.98428648675,4065.80418862477
7017.50986431575,7500.58842695712
8006.20993458486,7649.42252359881
7260.13023724494,7687.6861798038
1348.95367952583,8225.06855208328
1700.74196893518,3696.51248357463
1530.4944093466,9116.57166279284
8595.45315672319,5573.84596568367
1259.17047568649,3757.51316744035
7439.86657268069,7638.74942404643
7405.5527477135,8241.13168441357
7028.29979658212,7490.42235974355
1859.70820554832,8199.8272571174
1587.34201063216,3592.60238204497
1323.49622767332,8602.97529714275
1177.61014686028,3515.23817030671
1254.1168374577,9074.33305308053
1402.48737318202,9104.25757053852
7735.67967364219,7105.45881506295
1759.37263829246,9195.34201020914
1933.64738307082,8654.58069918194
6562.61523416669,8544.35320791531
7185.59955884317,7987.50794179375
7372.70633847559,7679.54972831927
898.81153765558,9252.51854988276
8302.69394914373,7366.36450180012
7623.89082504704,7519.51481921282
1630.87482508426,9347.83159837322
1696.17513971014,9109.61238169511
1843.70001078785,3538.60586310465
701.912747195716,3064.14843778552
8004.19470589274,7268.39924235494
6369.73405522606,7640.96193133008
7408.16590633525,8300.16225743921
2085.78604214083,8502.76275590189
1904.90930874918,8024.36169521924
1604.74287959468,3708.70169184501
1080.4809215158,3681.75826460703
6851.39974147045,7481.14449001575
1426.45268443039,9021.78381490185
7450.12259631613,7668.00172615419
6429.68705800323,7854.57048533583
2833.89698329225,8603.79785185399
6965.53460336055,7883.61374943797
1102.73407530858,3299.57432124752
1304.45271977368,8947.78679422054
6518.9654960054,5562.30090200181
1685.52839815999,3616.40822709995
1182.53279016362,3552.80021583164
1182.52796643986,7942.27837683019
1720.18933666471,9020.85394628257
6570.72384933816,8259.86104417637
1331.40129959769,3651.55660057558
1206.69904107887,3559.97419556278
7225.12531429858,7024.74742374317
895.586081189695,3406.95732277025
7972.39238775667,8283.59828726474
6376.40652468281,6659.16312473288
923.07586921718,9395.55770174715
2048.91268254619,8971.41646914631
8108.38826314319,7723.69909730111
5911.4210428524,8179.70835082114
6877.6316688254,6856.41068014513
1419.91026902894,9154.61554936851
7199.90965438961,6386.91927869866
7459.7601453221,7966.76471531203
7593.59126951644,7428.81727589166
1743.41437085089,3377.48199267608
8801.14273269258,7461.61692817407
1773.41245908859,9369.81076610378
1583.47057777575,8963.25850864784
1336.20026218609,8829.9174540503
5684.15070713525,9152.67171964451
1771.0466170383,8985.49132361151
1058.1304831218,3340.66736410026
1439.03218169376,3829.37430344748
969.279378603869,3309.86274597136
7920.23060787936,6802.25448749344
1598.76292177277,9390.08099369917
7930.23787158551,7324.22311899471
874.622756421718,3227.85272442281
8379.94670053165,6282.17206627648
3067.65006043071,8794.62445288447
1341.96666350881,3572.99493535412
1098.78715225323,3120.70480234024
1761.74152716874,3683.76055627361
996.386674896479,3601.83712754911
7252.76293220338,8811.00613110243
1599.93160476669,9051.9056370632
1166.53881385606,8383.3383399355
1525.47478826528,8431.75329960247
1421.86729859473,9194.30954865045
7382.96656770621,7014.53470276634
1508.29316391539,3829.54631970715
1264.72913854776,3675.63668100256
1685.70964658318,3696.02182902942
1998.93759723515,8292.48647772649
1086.62718527105,3226.9168399859
6110.23666530158,7705.82026074484
2565.12433653653,8135.40323301991
6990.98646180845,6920.54035640098
1902.53209909797,9581.07352745451
7327.67058267828,7715.4130697707
7632.4196091197,8396.09840897791
8434.93425679539,6669.59956268391
7492.02264602357,7125.3808753122
6838.43843937405,6762.0501209911
7026.49574541825,7761.90360888912
7352.06471203241,7237.44477460032
1316.19448909338,3406.81145328972
7116.98527879953,6858.75832158954
1838.0648531554,8861.60448607459
1087.8429700601,3356.82346898911
1627.14925574272,9005.78326598868
1922.32584240472,9186.89847066402
7352.23834737742,7687.96111769565
7629.95998222697,6579.64254781985
7824.98820399214,7577.54530138381
866.583022966535,8839.38007361598
6945.06947316553,7866.82201284365
2083.00674668484,8068.39781703013
8651.1280356669,7389.43100774916
7050.20933956718,7146.37222422265
1817.81610886781,8966.83331599459
1155.63142491909,3603.16947986051
7748.7355794806,7976.73558826298
2219.06143769946,8911.45097380463
921.919106319858,2718.25873988606
8658.09946257993,7332.69776841717
1207.35349218641,8752.01793109112
3279.32921463625,8578.45257708152
7881.85612107641,7665.99941241561
1229.10367402547,3924.28427550317
1723.20459835932,9072.53251764901
8095.64524506642,7434.70300453049
1653.20461197303,3626.72137116436
2244.73271041239,8220.16740385532
7525.85757903716,7430.35252427517
8722.63697859066,6700.44304237436
1296.78091724176,8916.31549915033
2123.69910760822,9385.99734385058
7587.3828526164,7724.44419689392
7968.64389038785,6537.44248703438
1191.7492816394,3374.53642848995
1918.55009085087,9044.82921485097
1376.14706371469,9047.68027500679
4301.23841487028,3612.61651825622
1360.24462791023,3496.22355645068
6625.83194659882,8114.3069310719
9222.98034148995,7875.41764389028
8937.20344564706,9054.36864335374
1523.34010425972,9131.78564690979
1628.93786545506,9050.89814291601
4389.15108758966,3797.15646616803
8261.27054832217,7421.31426573039
2032.72634206018,9591.15550390741
1460.23848337614,9001.84179147502
7676.81636643035,8130.31552298344
4272.37944465773,6376.00911724591
7745.61029804055,6502.61631941463
8343.41835373858,7683.4102808736
1223.09543113518,3381.02812123445
1352.29477194695,9184.1313508997
1130.76097882841,3469.13719898471
7298.84029766839,7368.55486527275
796.741117097063,3282.44924195174
3048.80639784501,8742.86082157944
5448.93784664022,3944.06545893229
7872.65981576228,7490.71308953138
1925.73909545045,9212.14033370603
8575.61821395853,7717.05449853097
936.110062138329,3079.00663712829
1539.60821872233,9181.59906702687
6811.83546657854,6876.35444125531
7673.82229008491,7704.3696182873
1298.91110890381,3493.43680984927
7565.40202955878,7558.08978790348
8456.68075026757,8727.69049647361
7865.97813658796,8059.86873583655
2223.52641727439,3388.44761070497
7307.12194306768,6647.7360294274
743.095667456023,8855.95105188677
1110.41296530185,3668.62356028683
1409.68491420136,3996.10139883909
1809.10824965268,9326.46930704481
7189.97312125622,6094.49361252676
1081.06521071246,8846.07595190571
8076.38670827421,7275.48288030747
7517.74936349913,8309.38939874694
1495.29914290415,3682.70504369117
3019.37255207787,5525.60820721396
1572.04031434112,8957.08809165209
7041.1365819951,7525.71824974447
1382.51219689996,7771.82137759557
1606.16398871935,8735.58360631343
1415.6700335139,4031.83956060366
1789.58834375729,9272.63984949566
7389.35996112639,7421.17938142547
1851.95789686684,3958.47591896307
8123.06720947421,7420.93660739861
1296.19494360003,3704.921155284
1194.22495268417,3366.36272168022
4140.54710917289,8137.86087641383
1429.35364335314,8327.26000974244
2729.17022403265,6638.52568648533
1162.88026018907,4021.26470596572
1387.03486480709,3661.48514494944
8814.3473023895,7241.91566909452
6969.25689075723,7415.57931709727
1029.40686432846,3142.09915720844
7444.88407771828,7726.00463116078
8091.56412839939,7737.46141812461
1516.50793008086,3796.85271542416
1816.98529332905,9168.53592085177
7644.26421899902,7364.93671357906
1575.45765425016,3649.41593683845
2704.11673170666,9474.26692305887
5757.99285891056,4003.69704481862
1069.48452071521,8153.04278648896
1185.91144800068,8185.10740466214
1050.3865071252,8660.57335241349
6742.75851641365,7437.07197855483
1041.99559187312,8908.17239074018
685.7505304719,8805.01418390609
938.595721407086,8372.69752733124
924.812948450221,3237.21602603662
1237.39906429387,3759.91041762531
7098.17532475185,7924.09525224761
7800.28244934197,7470.21244725497
827.106103706276,9027.85575746648
8519.6721295769,7178.9147098258
7205.08054523585,8229.03211955053
1549.07412535134,9251.43183166138
1272.04821122005,7427.89842175613
1428.28936332763,9019.624547573
7470.99303943886,7687.98377875938
7347.19940695329,7758.69470764018
8016.81849176109,6056.18668815846
1399.71603517997,3396.49288372024
7039.89503112721,7368.68210996453
6855.85369164759,8030.59408629251
1771.49960365548,9065.41765995918
6943.15081384658,7355.92213942308
7594.24352358799,7036.25658417822
1864.89156663005,3949.3072278974
1522.27521348269,3635.66330081335
7351.86607138281,8412.48006530378
2568.50985228925,9218.07035167369
1209.48402891843,8356.60500479584
1119.27581718488,2997.62989298516
2738.45130877832,7525.47811806408
1054.21905426135,3458.0028778739
1462.90646717744,3306.1408386967
6815.03211729932,6924.54133017307
7901.37265500108,8572.86023679575
1654.86476251227,3368.69669275943
3042.87941288277,7001.58379009111
6506.76784202417,4699.97028769041
7140.9307483815,7189.86332551725
8844.97768945017,6475.55946068338
1251.10873362682,3476.23891986802
1180.34968226299,4070.7940151742
1533.46832025798,9716.09871764891
1158.64217865688,9244.63865010458
1035.53277666003,3753.78191871813
1180.3356606293,3311.83099659916
1657.00435789801,8999.96159775877
4560.17635278015,7800.58446472234
8288.33856155453,6840.7508768413
1377.13388907468,8420.11876793156
1940.21875463978,9196.88399205328
7904.67004272971,7985.95162450637
5188.09608370877,3894.47647302409
1424.38922692254,3628.81222347886
1399.27519229066,8588.45528973128
8795.52358866578,7035.74480848482
6832.8645454221,8353.26655775096
7042.18371283108,8194.64310754265
7744.11064062236,7410.80791943378
7336.39770351593,7339.0246462594
7712.344381438,7769.91461205346
3269.10236255312,8449.44874985644
1153.69035888142,8910.32278129064
2958.02980373206,8779.69418156348
1451.55951166727,3643.93971026591
1601.84379074301,9212.67605495085
6913.54930161902,7547.30898348661
6682.4777027209,8252.02822322641
1438.98168953266,3493.66492767074
8911.09155459324,6885.87116885939
7443.66431570504,7259.89880205987
7726.32158015937,7287.47403026511
7919.07650939528,7785.58735580522
8425.43943389546,6907.84891277327
1679.36481373617,8891.31159732236
1100.64375452068,3505.09407891843
1770.99537281305,9305.2271910242
1843.18450469231,8984.71277879481
1433.732428027,7858.76510320799
7932.22024770178,8769.677904989
8049.83833176108,8158.48085277341
7226.95588068219,7784.9981349071
1706.64972260782,8931.72837891771
7269.25887944469,7835.34512839809
1976.92907664902,9055.56428283708
2618.06378066343,8924.2885234584
1274.69411227216,3517.91296714232
1259.5702587292,8501.80722202404
7020.2224193388,6883.10236807021
1297.78964703639,8926.40670627366
803.963517808075,8367.32810353309
1613.89086258949,3694.99431520193
1328.33618769126,3800.43113353672
8010.98479600471,7844.7948283594
7642.00607551732,7343.40419861672
7295.66118103981,7276.7874959575
1971.23271694763,3946.73863347732
2614.94306125207,8804.1881209174
7893.93885214562,6368.31875672847
788.980777327306,3147.1527085206
1518.70794925813,4137.51823986952
1708.03971965788,4192.91448453526
6850.17823663813,7955.62144362335
8048.2920912624,7112.73631653904
1242.57860206923,9193.73921077714
7512.94999946917,6810.51195047144
6936.28256817944,7831.50551112306
3283.40484117394,8426.71064036497
1470.05520333831,8417.85406227004
7241.05347288633,7183.51415765149
1350.42126508242,3917.49841777652
1408.64031254162,8804.63434452904
1300.5305600639,9269.19614122504
7434.49101266895,7990.43804556164
6945.95241050904,7350.39271923009
1551.7318667789,3610.93087209075
7885.76849005046,7815.18068055683
7493.6672643569,7366.01117862126
7987.46650969326,7236.66913985899
7627.92455632021,7038.37373770729
8268.6416583935,6471.37437869927
1153.68184206912,8213.97575109907
1210.00979772445,8513.53972206742
7210.07807230027,6239.96553820732
7733.55912374698,7018.05797376649
1724.4513244072,7990.03363800049
2173.65487170438,9069.69168905454
6796.23665998734,7768.56858152631
1100.17403337719,9391.65420851408
6717.16602741989,7840.18461345253
1987.94412247436,8644.01316544366
7963.50957768893,7454.56649952766
1503.94283809883,3220.30819175714
1333.14631884185,9190.44000380247
911.8441488024,8857.24304117478
8304.66796372537,7307.52251055779
1783.25401096998,8548.07457116029
1400.45418075719,8712.3532142311
1042.89771202492,9269.11207867436
6988.13054578749,7622.85188313551
6763.67946951896,8023.90881308566
6734.59564603636,7739.4913093505
6888.01209760555,5222.93564653433
5144.69651205046,9057.08036670263
7828.22823851639,7858.01717166854
7595.54644851553,7654.63849468873
2028.81429361501,5545.90686316736
1566.12039835255,3905.39663332569
8836.1365706503,7886.68692150784
1624.00576679827,3629.61223818747
1302.73417156453,9077.77685094805
7942.79558231214,7352.38593745829
8518.29749129855,6524.26302368025
7252.56366667301,6780.84683480102
7701.03589386825,8154.30662816253
1295.60258800661,3516.49801188576
6539.97727504602,7985.18141758222
8637.28281135564,7393.98812084176
1374.84628650723,3773.09464881175
789.304254726409,3215.46705608704
7347.67868618756,7579.51344780453
1057.11553703404,3590.0301151251
799.494428471192,3399.87803179982
7773.37810086006,8305.88718220151
1278.04577638684,9027.80266625824
1092.9565710181,3420.15520848376
1718.07005573819,8853.94833114944
7887.0653793405,7225.42551820627
955.099056374366,3271.82460001118
1699.29068170677,9118.51662294322
6478.07696980517,7059.3528804035
7685.64488719379,6718.12022923197
2617.96839404695,9360.64011899958
1227.28539694152,3259.10731699474
7144.70098541799,6931.16846255796
7265.61940290731,7995.73224725401
7254.71342102126,7957.6723251286
3769.88646198875,8047.33096596084
8488.58330503359,8144.34816225968
2225.88406245414,5753.19293761258
1293.09181376886,9351.52150015805
7562.61115809895,7518.04159613105
1817.6082576304,3537.5068081272
1404.18658434127,3855.15319033538
7569.15316262592,5445.64327937388
1446.06422682795,8448.78442882438
1428.10570926048,9032.7911213417
2245.58804986145,9223.74769484661
1445.85129961553,3793.65130557705
6950.87926280181,6822.17631407602
1783.56320326621,9052.55652255348
3819.16452761964,8143.80030591252
7800.16118088482,8489.11158888609
1581.48506892746,3871.24790275389
7108.50301423651,8680.4546127907
5942.99133185765,7911.08757798043
901.759180352677,3354.42746709881
6628.28093464113,6540.90362442719
7131.90477153869,7268.36348543413
1555.93703492186,8659.22645108535
8477.2910226089,7224.14077192651
7113.12274838258,6296.13664370139
1170.97806218114,4529.03973917479
2080.13677443563,3868.54668197296
7765.9639570655,7089.59468581716
1275.99160653589,3645.8056082404
955.385257392744,9202.95738569568
1463.2523039064,8173.32485951089
7775.65636086271,7788.41383328867
6879.9727931676,7732.45332431875
966.02570761903,3285.74311568858
1605.74202276367,8934.05194531428
1870.1376098919,9044.03354233585
7599.85612239801,7914.82060914766
7115.28671738976,7213.87744034419
1369.73702720548,3412.22893162364
877.096176769712,9054.56176477876
8508.80706246708,7236.24346030435
2619.94777065039,7946.0513854976
1926.72607137123,8635.34565122087
1195.25703006555,9454.70704555898
1938.28863927481,8613.01927921229
2392.42206015777,8424.91175081354
924.257671894977,3075.97074976073
7846.28457708093,7221.86848008435
6567.62215427023,6990.56909085876
6300.84636832592,7024.55214713242
8993.59017924672,7675.72830009901
6549.70118886833,7446.75359293144
4072.15014847584,8285.8909257137
7615.72158141203,7616.79701270111
1507.01966065249,9086.05564488934
1092.2262838737,3716.03343465938
1554.00994034755,8969.19757758565
7133.57572091905,7006.12040757721
2775.95298833429,8721.82692026768
1448.40970072991,3733.18002229139
3221.65541816499,4714.07020593771
1359.93710369891,3546.48861839521
745.799285835815,2990.42259323101
7328.55225296958,8095.3632155289
1496.85939383855,7581.05975106843
1515.95296415047,3613.81714923563
7095.99154858402,7499.96535339259
792.082106904869,3125.0351285785
6802.30199463756,6690.4972306844
1263.45937655913,3760.21400619805
2266.59243720982,8492.654358078
2268.56941299734,8494.55078812309
7719.12476334196,7661.43176091042
1852.45860722011,3823.35220460623
928.502053928153,3282.85937451214
818.595299065377,3135.28536610358
1402.70085999631,3555.89155922639
1612.61456880702,3882.87232823593
7561.27783481449,7604.07270163306
7133.20451733487,7710.93000154294
2676.45848335347,8792.86642596409
8268.22858566301,8193.54437008625
7922.95456532739,7478.7121678325
8487.16241013943,7667.14665766775
1425.72019052181,3570.83835870691
8067.38727628603,9118.58909379223
6611.54547629493,9074.69842455354
1308.94217405798,3289.78017721656
1785.39289633724,8318.32365850944
8167.83463135555,7023.00365765614
832.036124766757,3207.85356005666
1204.15244149277,3447.98979352844
8557.26332828786,6380.63187778377
1422.15958674158,8313.20809655537
1290.87636428181,3543.34709205915
9025.59714999104,7237.24064242838
6951.97322092613,7929.34996605315
1777.02816826829,4035.41824560695
7566.6323259577,7863.21401248997
7582.63777936467,7287.75677640679
8263.67972940895,7615.80354569543
6646.25725904749,6856.81601828629
1463.45073655859,3562.13637429187
6319.82208729185,4102.15379748525
1844.35628650331,9215.43425004021
1709.34507625071,3943.36473329399
5622.72542934385,7795.97244241391
1972.14814276899,8202.05907944072
1576.31944827829,3968.16658637288
2504.61372524855,9276.9497380338
801.535730995868,3408.32703946764
6956.66130953721,7508.55918392941
1533.19295545172,7133.82710537888
1127.34426287153,3059.43312358711
1029.19128039227,9307.32950626625
1139.97729050462,3523.35785234219
8149.97114021274,7961.73924814677
1727.38292614054,3545.64636732851
8192.87430850967,7138.76006810531
2416.24249836145,8924.86618405153
8106.87597388163,8023.3212574424
1706.97012707172,3386.36986502018
7054.46695102716,7824.2189623806
7958.48591709274,7743.92218769735
7627.51826818578,7450.56732914274
6991.22711246708,7346.54778015187
7722.80014131145,7422.44738162122
7595.88740610942,7182.75823033576
6682.45658746639,7268.46131685591
1179.75937386486,3423.95336629688
1612.98013906667,3540.20066372455
7846.94200804876,7956.2445117654
874.902531408193,3067.7514841493
872.658086170078,2922.82821558136
2030.71621654212,5646.52901390653
1377.6261362932,3446.37266595195
7879.26558641664,6866.86332908817
6586.86928837109,8024.51901883198
6857.76470388439,7382.41382053038
6617.81456891075,8397.51914267446
1108.81670925835,3202.09251510594
1373.65562447641,8895.98265914808
7983.71850979878,7226.61908307666
736.307960358816,3027.49906535855
1569.45495688228,7717.91856769937
7013.66415274286,6773.99804132802
1428.59529259299,3647.97756885012
6775.80847184963,7407.54615083646
868.582312213076,3177.49173825911
5924.06857653466,9149.42038640935
1286.21239853224,3405.68254544999
1078.29622289686,3431.38212997017
8002.95002333289,7908.98024989412
7086.31044203971,8464.59069310826
1872.80640581376,3674.15089297595
978.223840080883,3283.07320139556
1918.4297241593,8783.89429303925
7422.95796222048,7692.91678937021
6804.42300403288,7550.8782633394
1536.20989291421,8940.22257755321
7229.05906390071,8422.84925151111
1446.62973510066,3593.53845618923
1707.26339204118,8561.12154871113
1164.0404938064,8660.45612763538
6924.48264104724,7835.98509194834
950.278903894522,3760.39245507689
7664.625818057,7285.24982569793
1395.06457647458,3481.7916745993
7298.8733474068,7497.36204293509
1326.56129478655,3456.8467530365
1335.5500992461,9281.99464231251
2114.30717993243,3541.8590031189
863.632858187334,8777.59268490565
1497.39334357402,4179.64536784033
6801.31318020968,7388.61997200742
2115.4821320236,9076.13363665806
2419.17071901521,3424.7646795126
7134.73325584342,7472.95081753702
6384.38239179336,7315.25417283731
7262.26555090595,7289.59128797053
1521.71126977193,9162.81895073407
1252.57514092371,8846.01549742762
2431.55852545145,8346.47907622846
1387.50579804829,8898.05311821983
1185.58764565536,7786.10904787972
2259.20632164576,8876.66346261531
7873.70788321126,7524.77554048523
7331.30094896297,7360.41128177333
1468.20886455446,3516.68624149379
1007.75298967883,3619.20657350714
1069.74320452601,8801.26099067244
848.630842486388,3257.17473792302
7177.0061098693,7413.76574760137
1093.05270973382,3352.04565621817
1024.95058452287,3447.99122278574
7679.97422796365,7063.48052184726
1081.90667297182,9102.31214793574
1872.83473732655,3475.37555700355
1602.0866954032,9450.77841761065
1891.59325872588,7796.88579068147
2827.06512123044,8092.32121455512
8102.90286842072,7555.71903124002
1010.1208954161,3409.54581215232
2024.20922447299,3773.33904928063
7905.45631966219,7757.54154904434
1702.45607440013,4612.52443521182
2264.12748778713,9276.4979294238
988.436770894541,8900.54002498394
2058.63031668761,8407.08490989741
6869.71172600743,7546.17167042844
1451.47044597648,3941.61477237712
7511.54972246593,7958.24166333318
7894.60225822339,8222.52213952302
2769.25373772452,6313.8878194779
1632.63295552641,3839.74791452502
8148.32868046101,6990.57537512896
954.817169664467,3478.3330021681
1156.30879747482,3607.01434202467
3248.46335506638,8686.24785593962
9047.3038758628,7648.34707017694
1521.94728239111,9099.23614096712
7348.17579168346,7979.38222178048
774.880808608891,8937.34240007724
2076.13344675063,2060.04489876211
1208.55828888613,8952.07745172469
7713.65714291472,7328.00983109257
1383.10738035852,3706.45181020453
7824.46742043545,5439.31150253076
7407.11429292271,6764.89627768347
1284.44279887507,9176.40066605138
7786.82609599666,7923.50925788772
697.218122742834,3370.01428675861
1595.49838372111,3677.11336760864
1515.9726809374,3832.74742582968
7999.24365906096,7067.33493923741
1046.4845519421,8991.68458958005
1556.64305249643,3343.80367778733
1894.34603152897,8630.78815580555
1508.3357533645,7646.39732682558
2956.28624792312,8261.96284052278
6261.25689596998,7494.9013678398
900.504644372504,9226.35877519827
1185.12902338701,3433.12710066668
1191.37880608004,3195.26988936292
7389.18314236114,7405.83130768998
1281.84670189097,3659.50148829237
3537.67719077139,3805.91157625957
1541.62414608948,3702.4258799561
7684.34217079125,8141.60807043992
1228.74022164065,3549.15378719812
777.963762364083,8154.96478698717
1691.0811727281,8937.04485040474
7823.69204108483,6462.14213357732
1535.62229636398,3710.77482464957
1784.33075394646,8058.53447009194
1818.36295246234,9234.8592633487
1570.50184315103,3281.05826067888
1481.19453994325,8908.46534891429
1466.63099421405,9459.32616608293
1135.40047268649,8839.64714383354
3425.68892304972,3743.12527189394
1429.10589105249,9143.13519916143
6401.99698584502,8156.41023619068
1590.69503343285,8866.66097311591
1786.94494409558,8918.48567834005
1599.71556271278,8869.94435332525
1348.98453626391,8875.78061080594
1427.86147719777,3743.62720717767
2020.6831121657,8946.6303484494
1560.01802225854,8199.65727858231
8042.56455967072,8301.5869689089
7860.19320065316,7443.00777311989
906.155251731861,8701.70692213143
1559.48682084528,4014.73076587302
1446.91994300995,3949.83126929709
7452.56473877383,8283.04689879052
7567.52353399599,6534.7660448788
6684.85486394643,5017.55665843124
1325.34449806752,3513.65998247368
7410.77345351783,7069.55706625539
3632.18643774778,5528.57515103343
7857.18737035358,7895.27931707582
2527.7116470024,5835.22320226529
884.084281553011,3567.87310046228
1032.74084037669,8225.62506488198
7172.75277317502,7850.27702066578
2098.6762168697,9113.19567172195
1924.58575904154,8182.91763799525
1808.64909997742,9054.04550470565
803.183802077432,8382.65766773128
6524.31965169032,7125.53516864941
7959.35845525297,7395.30594539997
1117.18701267913,8982.84965207793
2257.53253718207,9228.05333678493
2111.83241912294,3760.45441545015
8626.56868894741,7770.85384537695
1136.06992406844,8478.09677611682
656.781703179416,3005.43473848008
7090.29951230102,7715.8152819214
1496.21379965421,8572.55146714613
3644.31684481662,9133.48338845173
8115.80650196731,8473.35954590124
8444.57679997402,7490.12996843235
7176.11525237858,6251.76285111089
9072.92676638284,7116.85520737715
2155.24356340119,4822.84231342853
1489.79125588861,8990.30327048471
1535.21672833088,3930.53432240138
1311.0565903184,3653.08811952852
7378.0654748745,7624.06497702288
2020.0075743124,9094.31803576754
1582.13357033471,9000.21836562378
1163.26445470051,4438.90103931798
6467.35943008796,6441.30830664735
1405.0272401297,3706.01118857768
7585.36326128428,7132.27120849339
1276.84774472404,8953.81416647778
7537.53448538751,4126.33087986072
7716.8651919747,8099.4738952167
1458.78930015117,3798.74150233916
8009.56470823676,7976.20124274783
6440.4265250973,4166.50606241823
2010.95651335592,8889.65022924794
1028.9471962855,3090.08194540826
950.094728866192,3891.41409277581
1341.62385228868,8651.66811846997
7028.89883507806,7809.2882480328
7479.82923646826,7511.10498675311
1318.36912615855,3546.98967447003
7176.42624497856,7377.84474680349
1546.73051052038,8843.92590710449
1320.51589703197,3715.92236662241
7814.97899664178,6304.37111325998
7448.68358347563,7188.99224626207
1542.0433344617,8650.07027827295
7299.56081528145,8403.79897932962
1009.93906544217,9007.36892297575
5307.53359901935,7046.60582767177
1735.23484424407,8709.23359462423
1733.81991062092,9084.40405336325
1967.33431216931,6234.92352191476
3975.21305156797,8546.74665896756
2331.52538740576,9377.94488051519
991.977881985511,3524.88458432254
7048.19431840645,8140.10640418256
1406.75033405795,3522.32155263069
7286.23020900027,7393.44889242073
7652.99345173994,8228.82166029627
7266.10472513211,7200.26148721754
1567.40331179169,3753.04121735409
2087.13037309918,3945.31473514062
972.447635144768,8958.47116849969
2436.24504248327,4983.37319254894
1872.542575088,9248.8093663015
1329.30823041705,3607.44697020811
2001.50049440366,5607.12232761596
1298.57841174285,7140.18519057878
1449.16373112233,9215.70484282155
1994.86750087368,9211.95450829938
606.312706271803,2939.38528161731
7719.52318143301,8756.04162398525
1530.10336336928,9257.52730391361
1243.73081390301,8879.78656345084
1610.8413651577,3883.73760298102
729.936420702744,3312.28857819144
1168.24613422697,8848.36532881456
7737.25252993564,7509.38799316405
7969.50748913573,5899.66710024629
8145.71106466323,7594.19584419712
1300.90353659628,3714.39302866258
8572.56614923829,5742.94024468269
6203.11730530064,7188.97787802218
1900.90217600531,8325.94110044616
1500.35764893361,3606.9751207981
1275.82577909432,3102.82654788134
7148.14855353532,7469.63570255115
1186.11800960285,9183.91093517651
1532.27512829384,8821.47478999848
1904.54980784519,9219.64235803535
1763.32119719373,6646.90246892205
1869.90932193009,9126.62967327736
1620.15131358735,3935.03438960176
2942.07184628288,8095.91322180647
1964.71781929431,8596.58643971238
7812.37244707393,7514.76751263072
1838.39336604031,3610.26548203353
7787.38541682916,7674.98717828166
1479.49509612316,9272.00128455979
7290.41770518717,7575.08673764683
6811.44466401835,7774.15185828691
827.95718356991,3225.91434820534
1130.74196792329,8977.77280832596
7449.72546309313,7580.55254057501
981.575135956936,3929.16199386192
9440.8853517709,8047.46309418568
1091.1276638646,3398.77180581725
2567.3593946394,4139.01617910399
1893.61957918188,9023.59070253327
7716.97010432122,7096.43165573984
1624.93789880211,3585.20474770483
7428.09758794345,7896.15732037075
2954.20192460421,8839.09010699902
8549.60457284618,5350.0004353747
1136.76865976547,3360.21691638645
1619.4397403103,9224.67019769198
1904.98095032177,7991.70070918085
1446.1276100046,3589.55177012453
7694.8092590866,8705.13640735874
1606.26770666633,3668.43893006082
7618.47352925486,8040.9356838126
673.904127640194,3077.09153114918
1512.63057266873,3627.15242472846
1287.12294126928,8197.98584820727
5175.49062731638,7560.56896352974
7517.81650275506,7830.2356393039
1385.08226850908,9020.26701867083
1683.11322000636,9063.38085583433
1482.27456319605,4402.48063181634
881.840122431878,8950.39814567969
1037.93337257386,3394.8339381744
1210.69162196583,3402.65170909178
1166.73517966814,3611.35676461448
1607.44804872722,3726.96414816633
7150.74647473093,7863.55228009802
8027.54260089734,5940.4801853415
9228.83664168961,7581.11125071397
6640.38843685119,7643.67908477326
9079.93868592516,7210.06803849659
7383.15665061423,7246.85470396896
1502.64940533518,8180.19569849063
1373.43494316786,9249.4251682803
1328.44164994937,9182.65470920163
1775.25999630196,7914.27438894376
1216.48094784454,3836.37523111383
6977.93750388442,7819.64075146561
7538.63746475765,7830.23308229901
6620.98635452341,7356.90385940901
7702.71446258115,7748.37408823534
1354.02650453197,8737.57488465344
2981.06683653152,9237.90703462953
1275.87361429505,3418.97384611591
8862.79290346538,7750.55443191783
7996.38366364424,7671.42862339259
7603.80374859928,8043.88082620145
8638.03337568727,7682.27237167131
6858.61026726942,7456.77718082462
8127.58439889998,8071.44909936701
1784.59566773308,3503.88925753526
7408.18380096293,7309.82884747579
8105.15281687732,7894.85999655406
2230.84018675835,3660.58833645494
1165.80666672199,3557.66416254403
1705.41324291791,3523.58724536646
1298.31328150789,9081.71690378804
6980.77371487903,7053.72220661295
6369.20996396445,8033.5811826685
1776.4018246099,9091.16686215404
1724.8475550922,9042.14099468923
1969.42565224065,9527.29626195746
1467.92411760603,8820.92012542685
7072.96525391372,7096.97614645539
1216.27363572788,4372.42608909683
6734.68443632252,7474.26239508381
7364.68932958493,7486.70839774583
1196.85987454562,2986.14889926393
2317.52463091925,8885.41535285119
4573.57439278607,7871.00339124484
7272.82724489305,8292.05174572924
7265.07725339333,6850.37388611653
1375.7768969607,8113.18263332059
832.444783754016,3224.65570455772
1148.43252608404,3666.20534951018
1492.54665458093,8815.70698470183
7624.14923239777,7679.19918472001
2092.86268068258,9046.8415515061
1470.91539500875,3509.86724984993
7319.98061662096,5769.23962610446
880.883483015396,3490.72533979445
1910.49568906811,8685.96524430558
1202.67961562767,9087.49529444636
6578.2397190605,7028.82853597196
2028.79287879312,8660.81073916948
6490.4510348881,7751.22113961691
1989.04983752307,9413.38656454045
1399.71639211491,9215.33003774744
2541.99965933124,8808.13323698868
1302.54383984517,8842.82023339611
7815.76985789554,7136.09591739404
912.338352533212,9096.04612387032
1385.6905641326,8043.94123349334
9396.59247894301,7950.46967270459
1604.2580546312,3964.58699082206
1707.09848886099,9083.3680054682
7355.91266587929,7793.82820078023
5740.56777172076,6003.41173088935
774.216781938513,3131.60995621634
1228.33112420126,3867.02971439193
8807.69850984369,7113.1382940821
8248.2630463091,5644.11445539612
7199.36305356037,7412.79934508028
1648.04448055535,7674.51201765481
8764.99743130481,7043.41116872031
4519.06368312766,8131.75989507052
1727.62867369779,3629.11106455817
1744.47130656957,8292.78404434945
7335.02419837674,7495.96454205006
1622.88603514197,7987.83863801506
7643.18529601036,8049.54080767884
1102.8468184446,3484.680142633
1336.21563318344,8807.85863261197
1325.24308566396,8730.27530690526
8518.01340650796,8080.54049415365
1120.40857642542,3346.04585976724
1713.80600865392,3879.20693374013
1612.82940767095,7500.38366695362
1213.01731628083,3244.19402247702
6818.40624903599,7855.81327557505
7166.64166014144,7239.5606165572
7756.79812117814,6954.75908919629
8502.10034759874,6909.28359202275
1301.31026572743,8609.12041762886
7058.5990576929,7772.91674133742
8596.1018164862,7638.28792102354
8244.63775621022,7409.88267979848
8488.76028044843,6896.98134519339
2255.35990866079,8584.72024816565
1243.35549427154,9022.86041859311
1353.79661104122,3061.92782223629
7656.31469784618,7278.16825566861
7740.98726618091,7574.51059577859
7252.6020055467,7568.73424837497
1676.23046328415,3720.88178608648
8244.56557276539,7265.66609038975
1582.42768923132,8854.17437032567
1583.85658182868,8195.88523919977
7541.35602144923,6978.34728776624
7466.18599489311,7719.91559442887
821.629900220623,3700.65626331446
1536.76799476241,3163.6540594589
1506.04247231442,8696.80088346093
1423.43032295028,8904.34711384066
7900.22337885387,7703.48194269993
7701.58686396036,7968.71152583379
1303.22547715905,3941.57321865488
1420.25002703368,3875.39920751616
7651.14330298419,7890.02208434487
7360.22527615085,6928.97045836568
1568.62553540336,8778.63351951121
1014.34719642685,3065.1998626519
7409.30238913746,7595.21219985916
2890.44765274843,8991.62416617801
1235.57907107212,8844.79173191822
1050.19232288057,3444.05356203811
7171.58073255896,7879.96305857724
7343.08653452867,7479.23121054971
1260.45917447467,8758.91811345394
4260.05504534865,8943.76004548491
1755.99861588711,3610.97072728478
2141.53948302302,3821.04411044508
1632.6328728973,8931.72499986462
7843.40646061019,6768.34247430807
8873.19766164137,7328.17614909251
1392.83064070211,3647.56205366938
6869.98078669505,8270.95885065509
7473.49851881939,7548.52756464182
1165.77841185908,8291.7130242733
1472.40959355438,9207.18438631108
727.180962351337,4490.78300762791
981.892233548494,3822.12624773575
1694.2545466856,8451.47295797093
1306.78867432713,3296.3289125066
863.742998196152,3966.38071061071
2298.53148094456,3342.6649234306
6879.81453261432,7923.99992511882
6593.04813046133,7325.12398237247
1378.26092671686,3557.10773689191
8146.04114752181,8389.34087022271
967.736116139782,3246.92683291744
6024.76334093028,6845.74833973207
366.045813250299,2926.00305385601
1092.97472167489,3623.88799482686
1858.82708378287,9005.55998790413
6922.92048064454,9553.88725830788
926.008863418617,3550.19013414184
1648.75783382985,3685.08517493321
1219.50002306136,8897.58567924159
7442.03736747794,8013.53078849282
1078.20556167964,3309.76895587972
1823.20870737779,8683.2001451958
8348.24094776577,7499.07607017126
1851.41689353644,3948.13192662115
1415.25940164998,8673.27066301824
1722.6497576048,8513.36997587789
6537.62899668864,6808.00973539361
5753.59143300536,8015.99941951921
3494.05500543192,8727.3855289914
1895.70378775365,9183.1395349636
2916.56963927332,8710.4715721331
7891.16164118086,7794.8608064449
4572.68060933147,8227.57390956568
1684.55822911175,9293.11998690799
7705.94895619889,8082.21295529004
7826.64702378445,7909.02811092002
6532.14874005957,7943.06026261844
7945.98410450208,7394.12986517157
1239.83247683347,9335.57718744087
2069.57631734093,9165.68015076665
1571.55592571876,4088.94324077903
869.86093830245,3041.08005874489
7132.0818502471,6805.32618283255
1534.2425183923,9050.55336860195
1382.63749689177,3602.22822621533
1407.92494356765,9174.99342990138
1199.65422592411,3378.23579382572
970.914115623577,3506.63908436496
839.408090474129,3245.19448315111
1874.63432539236,9080.47900231613
8202.49046720458,7213.00348008781
1374.52334800408,9221.85448989859
7927.47970690924,8366.96680585915
7225.43770952085,8385.62643672571
1742.49740882784,8953.82084835578
7496.53538116261,7914.65045809365
7476.54949673552,7536.22262515408
2266.50442789646,8455.41794377951
1469.85517591815,2804.85565161008
7110.64815822534,7557.77105949816
1202.35111395584,9291.38426833481
1181.21363862697,9202.11013369498
1241.6291783041,3935.58089478056
1287.49035363034,3912.32536555194
1178.66125021275,3394.64489271663
1046.67166855849,3200.57735091045
1824.84396844711,4017.14421333225
1928.31468206332,8070.95344215116
7160.02514003025,6572.25554247357
5417.39816223117,7555.54573441916
7504.58555345943,7186.219370716
1353.88451492832,8755.01894884398
7678.65553757069,8456.77797145721
6864.69961792667,5618.39616499798
7326.88667534293,7975.68548458454
1604.54501847941,3940.02317777674
1320.77739605553,9222.49678684462
7316.1670549366,7473.00203472463
1077.70756883237,3513.53099460993
1523.24856421343,4937.29336117132
3615.34687720685,8514.23288638511
1732.17815497618,8821.11685461918
1853.70896737592,8776.3066635993
7687.38320365676,6980.13904816975
1873.73795559707,8781.12931832073
1163.79150740281,9112.87729089179
1712.08078959299,8812.88871223441
2191.59684738072,9056.571740917
1614.15316703936,4100.41220418487
7234.81178433212,7980.14981299363
1071.71516135348,3432.51115355911
1123.71430723959,3567.19244807799
1698.85642301171,9273.34723701056
8505.30175662118,7981.66695867236
2013.94985036442,7216.61716911466
7934.41106559366,7496.46873450936
1296.53493624184,8986.10558016447
1150.77809775983,3541.29278573598
2280.17617136982,9192.90609600387
2346.57227647639,9529.82930879884
9075.30220510724,8149.70993846978
1347.68346427062,3608.75274673433
8174.40955727907,5461.56416272391
1124.76438574311,8192.88484495471
7439.14130204806,6728.44717456163
1189.4827041147,3150.96693827267
8500.68804781525,7484.23034580476
7767.15034059292,7686.80816887631
1468.12671424417,9053.89908588044
1317.86398995195,3690.68506664278
884.688055108197,3293.04497916999
1517.80968886335,8361.41857541801
6915.43014945285,7499.47676117084
7942.23218391718,7794.39074137539
1822.06666944281,8399.19520015919
1298.52495693281,3546.36651834333
7636.73002427549,7706.00326407682
7307.3161892976,7152.75247113585
8048.85973359418,7987.87958862809
1065.53625313229,3197.31179075398
1599.66028146417,8416.96003909699
1311.00973108381,3777.28219370865
1089.77277590133,3375.336451037
1469.27596711541,8725.62351781346
7192.59351249762,7346.75636455664
699.26162325926,3343.17949383655
1940.85792753676,8019.0350007112
7681.06767449582,8405.38463451609
7137.86573325568,6036.08148293153
1492.63558107758,8894.45155170262
1042.40435491138,8884.14378070537
1602.05602421083,8909.72296160886
1700.83944711271,8858.83697508689
1540.53205384239,3541.78307179919
7235.82299105794,7767.37849786941
7900.47859561602,8126.10646204142
1966.94377803818,8246.58573051238
1132.16557378353,3632.97636747614
1418.57131143695,8923.2403476697
1435.61745317544,5729.3329432052
1619.27327764809,8010.81077793667
6989.74394594755,7475.23532034045
1227.5950005981,3602.13778270631
7815.27044422746,7046.52036094596
2269.78608850078,7807.45448649056
2018.9668230412,8205.20820499478
1620.71275236522,3516.61203407485
1094.7061774401,3226.03599234409
6514.16344277759,3485.92885395798
5606.37594224542,4400.06041125351
7095.10294167882,7773.12074344568
1897.78833571591,8990.2842336606
9186.0308409553,6692.01008970046
1438.68427679528,8981.8840808907
6716.27861581824,7184.71971124396
1737.15337721671,3845.53767132563
1541.83004250191,4045.70091786053
1020.65720141996,3627.40796976364
1037.65475626144,9056.49069813755
7329.6014559635,7643.84739074712
1507.16958015967,8418.53582298502
1595.95781169969,8976.93137249264
1219.53000297374,4177.92403024104
7021.49131050025,7573.37029941355
2330.76883214876,8926.64300089164
911.520907479685,5181.11171890003
2120.63478747871,8535.52424261259
6733.25914961154,4633.21263484423
6811.7042211995,7027.70812372896
1080.04721125187,8781.62807713865
7872.32438095624,7461.27176218626
7765.59454559465,7356.38321373471
7891.12506233403,7549.50605523989
999.201010142942,8896.87744003321
7780.23782098999,7622.68116354915
2132.27618939232,8097.06722306215
7797.61906471215,7395.35880968937
1672.59152433045,5091.71866307793
1134.37951044604,3484.17542030531
1073.68983534694,3540.71391942677
1234.86796243745,3518.70404103501
2054.06699737552,8455.94489438381
7693.66108190283,7364.18123529231
1027.80009468373,3681.00572206615
7555.48421785526,7798.2946628279
3237.72859476221,4932.19169785817
1281.46497667552,8964.11208845457
882.331939807795,8786.48168661956
929.466403410987,3270.10028101174
1525.47360422957,3489.77572710275
709.647134759047,3102.95126624957
6527.00543326435,9157.54192838938
7128.85883196807,7926.37682237711
1934.62538112829,8456.72461573766
7326.17580970862,8202.20959585454
1025.74667866559,3286.19483230089
7672.80923506241,7345.63530099514
1213.6197343141,3919.61001124233
1154.53802692136,9123.455550203
6806.19384211603,6823.56886320386
1590.91374661083,3788.29482765212
1333.27213265285,8949.29371402143
1094.71889895824,3256.99968303272
1229.87079422747,8939.44754557794
8077.11097157064,6876.7091193616
7913.82460903574,7284.56220904678
1641.94459913318,8138.53743271298
1052.10649716883,3502.52636260377
8221.79717884898,7301.78480394258
2225.16980056301,3787.30892773763
830.508352556071,9114.59972100598
665.277320456911,9025.90051770692
7170.11351187638,6154.24806459221
1722.32880047185,9216.47806191508
1199.17799823326,9085.39370383838
7697.79498735443,6830.40470162671
3262.15120023626,8937.99378839798
1166.30051619284,4423.89223837783
7580.59510452399,8171.67029546058
8397.05480273369,7370.31364060649
9672.61167955252,7032.97356699232
6152.84466639125,7281.98651966353
1611.96217102307,8151.78356532143
3330.92376840624,9139.04053994044
7791.81837718851,6882.89395618573
8129.15174077446,7552.58709403382
8016.01980408657,8042.93704229621
1478.35936141462,8582.61614103275
1504.75299874065,3028.39300999305
7222.77509633497,8083.36240083674
2642.89752130924,4370.50517329389
8148.35353073236,7196.74503334439
7196.98673103961,7564.09931206746
2521.2867677756,8667.07517163277
9321.78822330312,7705.20087211937
4198.72299784099,4434.15625821141
1532.3516755351,3760.57443922296
1376.54929147227,3981.82316753615
1976.11483748911,8557.57258007277
1241.84170495615,9081.39623711867
1071.69161584175,3410.57363198929
1261.83326232073,3444.34147420519
7340.52292283624,8117.7915354668
1207.31964957666,8603.60005691245
1409.2919531337,9257.30934823523
1545.1072594539,9053.58305147348
1493.62427452039,8998.61048148118
1187.60558141514,3487.75535240277
1510.22638648553,9066.13748277363
7388.94450279566,7818.86562810476
7473.76222481019,7045.40679775651
7093.15412269783,8144.25390571002
1490.52034554831,3638.82828113174
7156.26589597387,7302.47187282882
7944.20094255044,6647.53515399906
1086.15290519192,9364.20263083213
7379.28822493666,8164.96533292812
1178.4522764469,9136.34138083884
1997.93089190763,3712.22674801766
8708.30206425917,7384.52515302143
1663.93492258898,8238.7426226931
1614.98160671595,8821.29113354522
7006.30808563026,8278.04474281818
1649.17870717957,3532.63905824019
1887.73605286513,7734.12398709939
1274.62846017015,3819.27492057471
7913.48467694065,7033.7307804096
1004.05446119458,3422.92229329365
872.582742333591,3237.10203870477
1949.27701064193,8806.8232607659
1275.03568596052,3651.88901758233
6911.93727144863,8093.29794882948
1126.50420329538,8326.7329657063
7836.0864834835,8131.5556410976
6901.10058804599,7405.54570374042
6379.04888654409,8784.08503292682
7865.73054107465,7861.5197609938
3019.50105730081,4274.6348744346
1735.23678361157,9177.33853605665
1637.97274457743,8791.41980970062
7667.15722752266,8209.2054753483
2283.08393664405,4067.62124453142
7173.5541473525,7936.70663191027
6979.00120113611,7483.39315681616
2607.65181868581,8180.82286613254
6727.021438335,7776.32829648768
620.665789689121,3147.72985271121
7827.54749586541,7148.00259903394
1907.38290111128,9022.22398042335
1396.8534849547,3422.15150827982
7629.43699324501,6613.2941282806
1149.46229577484,8931.73707147747
1528.88101074931,8890.95890710952
1531.91115244451,3644.4524428165
8040.77013984837,7532.64463119618
1353.89390911528,3480.90921869848
2559.48588525652,8964.70333906328
1052.78831569931,3247.94302252467
1199.83162700004,9161.43592072745
1368.14288486848,9045.41707032671
1390.85529942334,3884.43978683617
556.452941221443,3308.40152070763
1436.2050376827,3638.75036823216
7861.28714789366,7082.4490272613
8045.87535503668,7443.47093828709
4507.4987095966,3802.41145937477
1831.96278014009,3733.47948753043
2335.52055454927,8347.16613371458
7654.3844448858,7264.02393410844
7496.87787294528,7967.24066477319
996.411649440428,3595.24313090801
7273.51171410465,7708.10943776509
2036.71622653618,3819.67102690604
7069.88784480608,7454.5396449384
7416.34968372398,7417.79168233392
1169.89249402655,9183.04530444021
1763.63145590991,9108.23475690614
7186.84129482291,7974.43358693883
8240.2915862663,7969.70268903262
7556.50268730462,7587.54336599825
2217.46751925998,9032.22111358482
8884.60849259781,6932.76560732297
1870.0997993611,9206.13716444112
1833.0192236713,3761.43407717568
2107.71571495013,8790.95645086287
7184.7604063002,7879.07766035128
7370.95339144358,7189.75555657844
7001.44467370189,7584.8841560181
4254.21696485671,9326.15201088465
7738.7139194041,7995.6437499121
3474.8960010407,5075.90243438012
8165.62848809275,6526.25595750081
909.383278583659,8997.64505125571
7699.9287395768,8039.51045066953
1842.18933231672,3965.42278467629
1688.85444729357,4460.40183127317
1195.39858284794,3575.84113687316
994.435903054593,8025.75188781496
1044.2562129409,9001.89482948225
1467.69086004333,3760.208691071
3498.3144845374,9167.44460612868
913.913088403364,8491.26388062393
7707.70734678247,7279.18289354558
1787.31990182766,9174.71810481523
6819.02344688905,7829.73148653006
1632.32212836637,9022.03995889657
7083.31094482087,8135.36790839178
2327.84932992625,8639.10936071352
914.690425112799,8992.09445679267
9978.52913653907,8189.52410992866
1637.52387152415,3449.66145081054
1106.92840191911,8894.28037904761
7726.25403528344,6984.45576993509
1550.86443327699,9039.57772301437
7877.17045148035,6251.10327716105
7783.67686395387,8304.51358908426
2189.61564271768,8180.72131236086
2962.07364453632,8156.05406072671
8869.5629037856,7638.93713815299
7485.77425157972,7578.41950290583
1196.17086359458,8476.36364625759
7722.70001063572,7366.39914712178
1383.39074636724,3523.34234827321
7831.55612518205,7573.70554352806
1473.8438108002,3694.26334741815
1215.65084802936,8742.45698259415
2441.73934375538,8736.37330618124
1078.74343155745,3831.71090184537
7660.70544048419,9143.72870988857
6828.95348595799,8071.11218427234
8287.58355146146,7761.44264946993
1566.51953736337,3331.55255255694
1949.09230595895,3978.15847896603
8640.63604352146,7304.85908509422
6355.34800471898,6321.87001130908
7530.09247163823,7559.43282461303
3313.1918715885,8271.57281421123
6870.71447044872,7201.37004839825
6850.35040858257,8439.37207247227
7748.44361652005,7837.91974741123
7956.59587174139,8219.03876308705
1236.84792337833,8948.77097486579
1188.40600364207,3659.15155223489
958.003877504625,3499.11327632369
6871.31651697183,8105.3617352543
1610.26819596181,8818.19147503323
8118.09916651658,7519.09790221396
2309.65221191162,8379.70158521766
3347.91534207078,3536.82253817909
2028.88217296843,3680.25614527376
1296.81625008689,8263.46540653114
6251.65572886499,7376.34454869604
7702.86513031233,8011.48658526664
6739.57694464961,7908.94753709218
7446.30793317025,7861.22239943589
7254.88521687311,7011.45888252724
1168.40855753524,3414.41050873602
3891.53199067009,8501.07383531156
7509.92750672669,7475.72519472993
864.472571838317,3145.10904916625
6757.62603232472,6986.1657450896
1894.31140250609,7748.58830440904
1833.12562888433,9056.46033095291
6674.16146399108,7867.05120439209
1417.94237750694,3806.45101108062
1736.20157802654,9232.25674116981
1955.8961931768,3774.20072114658
8015.78410245393,7414.09897484981
6710.61573802705,7923.2286397382
8648.05673223177,7477.79452894325
7087.2491358169,7960.08857762513
7597.5994250299,9434.24960408542
1984.2531195342,3790.33463462018
2284.3229605798,5398.61637054259
7718.01174209308,7356.16672062512
8007.71602897082,7226.87767186612
7636.9657783867,8034.96811118235
4060.82552598273,7830.91880103892
7355.69046076837,7360.10976350692
8171.85096349076,6898.00947696808
7578.46583934925,5721.90839526018
1535.99902396189,9004.56506689889
8917.26942719324,6787.3195321209
1223.28860633983,8859.38744833112
7450.457981189,7860.22527796775
1873.13970978702,8950.27084089166
1760.71706883087,3421.92076429875
2529.54741345868,4053.59405703137
7070.76291635701,7197.99784183027
1655.10995527148,4007.04967399983
7687.3223795745,8039.12191545023
1350.53424338634,3222.56142254311
547.797189640209,8045.96655987024
8199.39232440978,8075.56380118077
1370.43695299579,9226.05537018166
1106.27237881444,9160.91452727002
776.926713849218,3340.3482945381
1139.95524625826,9086.34107942581
1436.44710013099,3460.60071104742
1105.50296131554,9081.78051427491
2033.94974178899,3526.78141477463
1506.32560247138,8620.77715556608
872.395157175288,3206.24168763408
1596.30002320496,8973.46308923403
8466.73172344875,7555.14533817215
7160.95814640128,7186.55977245613
1058.38337099326,3708.59001376634
7017.26651760635,7737.98699995048
7616.30421486589,6395.10381681329
9786.21111469315,7810.44294709407
1337.77822190721,9117.15502817206
8636.9596581392,6969.95951564069
1474.17885431625,8800.27377763757
1532.78553525445,8562.28763166976
1060.19251892629,8605.22212662538
2266.35488665543,8676.63987850227
1511.54300377169,3384.9014816604
1260.19390031066,3548.30319107201
1088.14723534574,8903.83478723824
1605.61675682523,9042.34699278587
1207.79771437724,3812.31383865637
2161.37554048434,9101.50638662705
2878.57603350131,4091.48798813959
7641.06193247804,7780.2386421103
9310.33663562253,4946.36842824176
1793.97055818624,8909.00994379626
7706.85702984919,7755.99839729878
7407.88847741512,7602.78810577853
1516.84785551621,3762.83461254628
8228.13319290725,7675.62606262298
1279.70117705182,3255.16141783165
1277.78153188867,8658.7276477629
1039.82540952044,8854.5539997096
8456.36777516226,7332.66114798019
876.174484010336,3514.34960180049
1386.66129156134,3533.49693437746
1180.23321694458,9343.64325335151
7939.01750005535,8403.87062109572
8214.28992887695,6087.69159214194
1427.07736031789,9076.09324626378
2663.6765632554,4128.12108649932
2439.36634356209,8558.97723296048
7437.82165850588,8186.51893439122
1136.50766682415,8980.32111340971
7471.23860847712,8217.5041102523
7651.23134543129,8143.87868713415
1744.40709508585,9069.36854793755
6963.00722851254,6186.61783531122
1700.39799407278,9112.16860577431
7099.83632318062,8425.94488513075
1549.43171570332,9159.26913184344
7635.69836757114,6805.37498848539
2694.33581610451,8995.23520299479
1218.69720140881,3648.10266439365
1176.12341782811,3417.73596364369
1807.10831980495,9330.11127817089
1215.89249271671,8976.42299232811
1865.11728484502,8943.12585153643
7193.77883320075,7288.12448404224
7870.21619303807,7484.47095799521
8019.48198599071,7254.58591307564
1580.60224649157,3318.85420224956
2148.68945765911,9254.39194477223
838.76234060871,2988.80401915567
7365.22006842222,7495.21653592143
2258.64755180342,7950.08736451303
1475.99395042785,8170.97094566829
1994.04855010054,3568.08593498582
7578.67834796001,8176.88969872434
1283.90891013058,8710.67291302024
1775.37776217654,8766.30324126484
7797.44940936604,7725.79099559196
1105.67644185694,3560.33880384192
1289.10050965178,9081.11654619522
924.053503514916,3551.53640462496
775.120540251372,3455.35921955962
6702.37409846632,7801.12393666801
2487.55350808084,9320.99020314143
1203.59455755201,8819.66413340079
7865.75856965574,7374.02640728883
2191.92549291373,8986.27308390468
1463.00566986665,3604.0803238286
775.813376301912,3196.25906603612
7707.49564540993,7893.41212132771
1504.3055677886,8408.13322336937
1434.77598705846,8813.21027880862
1264.91553218004,3745.17349860466
950.214643089111,7272.04186923113
8558.93920309824,5959.85206040315
1615.37156458508,9319.84633804631
5142.55310761709,8834.0634835777
1433.066040556,3561.19859454977
4777.05385314697,7803.52951590151
633.169749729692,2952.47962138419
1328.83550596753,3286.2739736128
1296.43683246192,9381.20434883474
1164.42311464913,3100.17296793598
1668.10633682762,9115.37405800771
1481.47682106292,8825.94338986182
7257.04164785198,8102.3525908266
6709.84132807802,7584.18306881961
6249.2693267297,7866.44767985766
7657.45416906635,7860.88108113077
1805.7652174309,3840.29776579069
1838.09036798369,9079.56942943499
4419.34905546733,6545.53897784804
1653.66245292299,9017.36850586588
2126.94397041332,3998.13584929703
1059.086803539,8806.41457345684
1921.44989834962,3906.22746547179
1456.25401824042,3363.68563096984
1677.87510256568,8904.09098972018
1472.91278586744,3667.90960701767
1863.0133340028,8259.47083946957
1514.12415605905,9136.28997280317
975.45434031785,3542.28381714616
2802.51322803956,8591.82885097295
1416.43900191971,8816.02463708276
1548.87091574845,3780.13923206682
4321.95643536731,8224.90260108515
7860.46782108997,7402.28487792862
1739.35858377641,9125.22305461886
7861.36957221788,7538.90327778858
6817.18894525039,7207.34492771722
8062.11672670383,5895.71118268076
7865.1873959535,8063.91557569119
7536.03275819662,7167.53864309362
8531.482003533,7201.26160793208
7709.39823886306,4731.92285075649
1622.15502228554,3630.66725764978
1469.71123533019,9115.60911944005
884.823236528359,8904.48370654728
1506.31019948828,9077.36253350759
1672.31101078544,8878.4054698076
7789.53854265626,8401.05486944008
7610.28258741662,7628.7745058433
1179.87302629546,3624.98640749627
7725.15818665079,7908.32884589735
1374.2919162604,8950.29643413651
6598.11640149338,8299.7930698386
1702.6244314934,8710.82407257794
1245.22395032514,3499.75083885534
7021.31066252635,7557.36847340233
8218.99231466827,7820.01645192674
1294.46951396778,8042.2300548899
7337.20246950888,7555.51104243897
7014.47995238062,6760.02095943582
4217.45173457948,8626.09486036169
1543.14996307147,8038.99978660711
1222.07721093576,3373.70106225335
935.033807467162,3469.96415488249
8892.03544701531,7304.71105537601
7326.72853677791,7417.95453467056
1137.60293154748,4242.38739399371
1388.27831866413,9152.87066198604
2569.80409719523,7074.87325274907
6648.28772863447,7331.73544527302
1655.28056988316,9088.41290014662
7448.89000298135,8047.1159636085
801.910183612361,3399.44442181487
1678.53173179995,9194.16665849147
7946.12569185695,8044.81478628297
7451.58629042634,7616.00160555329
1616.33647333567,8644.47084960846
991.670705346596,3440.80006109946
7385.78510156841,7788.27606067675
1532.63547308454,3570.43912267307
7511.17364164148,7910.28753675048
7287.37704186471,8390.19673944464
8670.42466166551,7065.62464700064
706.372295213634,3300.8348748443
7779.13607490411,7359.81543971772
7508.91059006567,7045.95228996709
7811.05839887093,8355.65848120269
7454.06120446388,9650.56764934981
7718.23194999825,7807.9301412222
6573.5353381393,7884.09791026606
1442.42772683752,9087.81426910691
7488.29625900385,7666.15359803565
1220.50016001058,3541.29305686692
2967.20660729012,8778.91277375522
7079.23545915867,7760.31835197231
7433.60011544865,7900.51846618667
1907.84040084185,8806.67827406966
795.201694680898,3017.48385751065
1420.74763566448,8980.63017887423
7352.19098626549,7548.05349138258
1363.93862513714,9081.68138777319
6581.58291318529,6654.05804929206
1077.69514822447,8918.29083732105
7656.05888849683,7236.64033030628
1528.91271995572,9238.36213252793
7492.2849883359,8235.01121206171
2228.40172110225,8513.99331040536
1143.11633212338,8217.72781082147
1232.13584068691,9220.88256197267
1279.86277147291,7125.65428101317
906.788290164464,9198.23397929723
1838.50681943276,9083.61423376647
1707.14841071162,9247.74011119033
7733.08844446772,7464.73308417536
1485.46789442873,8814.55811129067
7874.06965521769,8052.3446527554
6734.14953794467,7491.7448344607
1393.73991095813,3034.84285031354
1133.73926778156,2986.74480883353
1352.58237360307,8899.18038804959
1414.88104563285,8915.03506620923
7319.46581131977,7164.64153031495
7405.94266468288,7577.8875109557
7323.2397502153,6979.7555056253
6570.17263900381,6721.2052683925
1039.0335218733,9047.32917511298
7843.24695519348,7876.3445442368
892.041976964186,8959.12496148912
7584.74126190435,7774.78536330121
1030.72692891091,9057.75650317467
7223.17084545013,7526.97496352387
1752.51762255729,3894.33039383016
1227.02463546067,8788.05884112357
1918.33192316512,8607.91261818353
1183.65266138088,3631.49760594077
2572.82943828393,8957.98148045439
1004.08099481991,8866.01266259929
1164.19445375202,3472.35731725962
7952.15312086765,7641.66525918407
1939.71030591722,3547.69424275083
7911.28999126884,7783.88681202487
1050.30659879715,8324.05115022719
2222.17107526521,7577.86641357852
2624.94577216246,8883.6345706141
7091.33444175053,7909.63611887664
2211.97776007808,9025.26801580079
1070.74014609055,3378.36578090063
2389.13930552478,8043.23004719447
6843.39303972339,7661.41966854645
7784.45882894195,7940.28094780155
6665.13868080775,6802.83724663911
1485.27802289477,3651.21226928986
7358.96282145221,8108.46246897019
1670.06269843024,3777.68573402155
784.178091303294,2953.98411617212
7187.97218958545,7534.73814546703
6815.58898978793,7402.30082291879
1871.94140562323,3841.46809930689
2386.28673771151,3726.17849696103
8422.80036289817,6853.88003693798
973.104850416675,8487.86605252155
8521.81581733554,7467.2314953945
7866.4244260652,7864.59181716768
1285.50878874605,3669.18860855882
1791.34149979532,4160.64326567258
1406.83904320924,9183.38743340273
1350.30567698135,8825.0994512169
1041.96766187825,3763.7490863972
1565.07343222718,9107.97367990633
1853.40868160593,9073.02436466837
1491.68312240044,3887.53226395418
7740.8287419901,7279.65123848458
2438.31158684193,8714.94052311676
7440.68258296184,7687.73652779328
8682.22731152818,7008.12038635342
7690.43004665519,6975.0214385221
6943.23473881555,6867.93482586042
2627.00511017235,9088.83796174793
1125.04326546591,3222.33255320119
7971.36133480819,8256.7282790839
887.722836475144,3133.66537995695
6914.0808682311,7206.3901351408
1409.56707007014,9024.78399518743
7276.02950707491,8252.25421844866
7010.20515474515,8593.08363279186
1441.16344200753,3625.32955365868
1493.04664213693,3872.29094658541
1365.54039684883,9145.71370285249
7172.43500827595,8122.21411797201
1707.03683318472,8737.20916876412
1029.38816303438,8895.04100980436
3445.69055822736,8320.26175223051
1351.21427485783,9098.55024123238
2021.26100955536,8571.54985311458
949.618340168974,8888.91096120791
1413.74672033643,8893.45480352205
1804.66422834775,8034.96380698965
1629.86595286902,9040.8556689884
1025.59370281375,9046.02778064094
3507.17351378858,4217.98810331398
6612.33662976221,7056.28005031212
1975.33250188929,9304.82951482376
1797.24444222078,8902.94256835001
1368.84942021928,9073.17489752485
1710.85389438549,3788.63361644849
1781.09917453074,9304.55698959911
722.063594485997,2923.56854238018
6155.77185598732,7595.63417441652
4675.8199025454,3951.35616909832
2083.32267577333,8737.06832281983
1324.56961084145,8713.22166583106
1089.88257599105,3461.74927344851
2274.04686295332,9115.6553898263
878.458404295425,3929.26033980502
2979.58446990786,8239.30211006062
6789.53289258925,7730.02388941961
1047.54451164779,8935.26458954795
8218.54810066581,5968.72215498887
1759.80956892851,9096.93115778546
5920.79818849519,7828.60386235975
6823.89296877536,7191.35645217279
1124.64984700877,3362.94870935904
1248.54327290693,3640.03019386703
865.06008919643,3658.61754991677
7124.58272035478,7934.25532518475
9077.44340736588,7990.85461152507
6846.33827194558,7119.66327032989
7126.70103961057,7883.67146609123
7084.49543933665,7936.48111581146
8168.71594596052,6105.02057600305
8086.679495433,8442.78538165047
968.783097720576,3244.62949393012
1167.90235102134,3404.59280256947
1455.18753114255,3658.11507802846
1357.64139560695,3402.92793931037
7615.70756317683,6936.56997354244
7216.05944821993,7630.41169033863
1352.12832839975,3236.36465176861
1247.9941405785,9280.76153601603
6520.05741921694,8239.90477784554
7646.34113322795,7910.45201369489
8091.44194342028,8044.77219057822
7462.35155584365,6296.62518026441
1530.11193357802,8512.96929867502
903.825514566001,3458.40065714408
1202.33135077439,3310.96960089816
1271.52561989319,8943.75136038559
1307.22176638345,3228.33885819701
7545.92394213228,7735.57146460833
1112.18686772869,9093.20330697993
2248.24197558773,7483.86778096826
2143.90881953896,8722.81263647663
7957.33043961724,7039.38329351293
1276.98555776626,9119.334803741
1116.43892892948,2848.32957071644
932.83308211367,9153.34438701961
7521.3931040718,7188.47585192457
2514.43338893286,8063.02019077266
2227.3522295151,6410.02484540801
1726.6170074094,8291.40229835377
1480.540350087,8852.19237157684
2172.55893658885,4036.23062316527
5806.51124326767,7789.46129505278
6143.58675016172,7959.64857975223
2651.86172218024,8890.89219454439
1925.34890790711,8142.30730994812
1545.7895660452,3480.18725422066
1262.76597838444,8894.54502490243
1455.35721462999,9089.26987123128
1471.20935641274,3721.65830999689
7498.43498132092,7841.39703606743
1621.69173778035,9081.62393321941
7134.38714555921,7395.00192363238
7483.96439022131,7888.39568892081
7107.90044417565,7305.06772214675
6162.13920216242,7774.04255945004
8128.89599337822,7359.64323218668
7441.213590184,7333.94954269245
1856.36587553979,8790.31938826502
1855.15593190171,3892.69514869683
1356.95642271037,3789.46339983653
1203.31623171055,8779.87816978443
7144.2747188023,7856.80257608695
1711.82071313189,9263.46617693141
1274.10420533782,3445.02622540518
1238.39844869491,8875.30875603824
7867.91580778351,7261.36166193675
1347.54496132546,8935.65046059636
1215.6913994059,3540.66701616577
995.288186832868,3805.65009885306
7643.7775652251,8259.46348790002
7419.99952215063,8122.44775396773
8302.49422885128,7749.46810173463
8173.50918048819,7874.40488297891
1637.71634390787,9080.41039010837
8280.76967365526,6683.50626409163
1748.53746652886,3676.59824414465
1601.38092177098,8567.98835965853
783.244330239126,3409.57509407469
6954.36053680957,6419.0503445388
1142.72704672825,3532.2647341773
1092.87864098429,3354.83358920866
1464.98348169642,8992.04336030491
7331.24256034091,7950.70284445696
6987.46654113854,6971.79932238533
7466.96467016121,7419.9357689512
964.45790169856,8858.18334425155
1698.21736447567,9331.7239448239
8105.08303518568,7873.0606655272
1299.1814877588,9029.04496983681
7150.51550680716,6692.08568764088
3909.78775199524,4219.16345869503
6352.68790351783,8325.88026345765
1754.4451442849,3514.09416322323
689.556411899058,3402.41201175168
8497.58252329096,7533.70940018278
7270.01955480669,6565.84608037335
1130.73529045912,4347.69679777005
1235.88109182334,3514.86264593374
1180.00748044442,9500.43789838027
7054.33074153098,7732.45377449336
1674.84031400535,9003.36094079992
1706.23991178418,3789.73623048456
1596.58667566171,3829.87870807474
854.978263178398,8853.18277992273
1549.66871919628,8797.00757027202
1894.78259059607,3386.52116885493
7611.38590997414,7780.7665076906
7621.99899676903,7811.38537470075
8309.21804940699,7432.42353361727
1118.4345172487,8897.76252949455
1607.01440047686,8174.71024750267
7202.23393062498,7577.18643726135
2983.50415717277,8073.1763575503
2027.33252629459,7445.82041771461
1916.848214755,3489.03743494817
6958.68597828825,7180.32862764834
2006.74908208815,9085.48994568675
8517.30077627357,7927.58916848764
8591.61993773865,6489.21191334066
1449.41935716966,3474.60019735609
7269.89076187108,7431.91420764238
1541.98950619564,9133.10133962304
7431.83885011171,7950.51337014139
6660.40976408571,7410.45757425958
8444.87882367163,7693.21738773298
7291.7159095473,8304.9257005503
1618.99949057848,3957.87990527574
1739.24903447591,8942.74032830616
1762.38692082286,8752.15320856286
1862.87665003209,9154.7551963491
1608.04423103261,3615.96237673909
1180.56325466752,8781.26018651241
7585.32350687226,8018.58762293664
7553.805505752,6784.20278999837
7686.23042968179,7871.01949482587
1239.1094235736,7957.17395039752
8825.58814210659,9220.1929128429
1510.0266854733,3488.1168727102
6452.22583719658,7467.31669274348
1470.53690989553,3734.65606219104
2031.42229099015,3344.52190345405
1607.94656484069,8834.18762947934
1741.38789968937,9151.79719508991
7142.00972417797,8129.24611432369
6878.65684113531,7951.55799216736
7599.29796554233,7119.89234660169
927.233871890502,3361.79094520127
6900.09635189035,5496.86938451575
6177.36115168143,7402.71054947923
1015.35733546712,3317.10788367712
1082.7547336494,3486.47204246029
2030.53774176034,8854.78438980474
7403.88498584823,8584.34753212902
2065.29967255209,8386.07691031372
925.062888871179,3435.58689821472
1383.07700455635,3594.50520052401
2292.95459961194,9237.80510316669
1558.87177077513,8283.23109421427
7436.01561225837,7286.50705928436
1464.68387032566,8438.6764619057
7282.84319111993,7186.8105530774
6897.45746709444,6093.28778582538
1545.86385892597,9068.76307225815
1965.26164923638,3343.70225338146
1931.72187896702,7096.06279955903
1755.775416896,9215.96282204089
1928.83828406645,8666.72970750574
7974.01127742204,7494.44963020349
1635.81447196837,3632.2917464858
1378.03209271153,8497.17357453355
1700.84428184096,3570.85985925911
1886.63968841424,9014.17639781297
1440.72413088751,3782.79123874642
7551.16513224319,7122.11451569969
1171.9581061118,3430.67820749755
1449.4551015905,3942.59646862483
1190.9119070816,3470.13733871547
7701.4458795533,7619.99912309447
5652.44865147317,7894.6056196492
7273.04995006103,7509.47516374146
1350.92569330303,3503.04966537472
1073.70501678619,3171.90459905594
1324.37413847346,3989.05012640617
1504.7407565025,3597.95620837571
1288.71046638769,8991.45484746551
1215.0611043448,3444.65017658677
7886.5906444435,7710.27958164854
1593.78066868902,3627.95902617195
7635.66165373812,8194.0986268393
7557.86228293699,7240.14042503834
1646.31329151735,7893.06340176926
1285.15135302114,8921.078024322
919.389363122486,3643.89083490227
2213.22229053872,4153.927821485
1722.34683718205,3846.60486506149
8860.41314402757,6984.28282122143
2018.40242104255,7291.76360045436
1118.47662049373,8313.48968510701
7235.02569632394,7043.5996096021
838.236858165482,8490.34295320412
3206.18272888457,8208.72380639578
8095.9819334083,5053.75990877554
7459.17652681989,6209.72082959478
1299.7278422181,3593.17935429879
6874.35264747472,7330.5493867002
8234.12106903318,7345.25118217237
1453.59884608286,8497.5340017892
7158.88185813519,7196.04273642874
1405.48254213642,3170.32255757808
1481.66765835027,7976.91534997113
8158.64839363497,5971.20398759872
1698.63098685694,3897.30667852195
1472.64403468576,8369.0727647525
2161.30112602818,8943.30349418827
1057.72279411988,8959.34367055126
1393.62450019938,4078.50583429765
7765.89845373385,5562.23188767361
1428.65345455961,3329.42675071281
7063.55704632965,7766.52707621226
8049.96751252393,6436.70352038625
1346.95324032144,4201.64751587415
943.866774662629,3216.0876550233
8056.60438864676,7871.02878607692
1884.58666612947,8824.68334909229
680.158453730168,3291.40255421817
7494.63495199582,7777.54260802788
1641.84297269743,3458.09516720292
1697.60376628508,8731.90628221133
2041.83192817538,6063.78698842602
7507.8869929722,7660.47655981267
7360.87691592848,6874.50681814046
7792.1090388933,7543.99494025999
7112.15235851597,7706.06384786711
9172.80963380925,7114.67259958031
8159.16210734376,7064.99181963288
1170.77381013543,3007.83909463091
1566.33460266134,8304.88109805849
1831.31587747002,8823.62481473815
1591.90305990789,8278.72522384549
7741.5704315317,8722.94076966689
6761.77012153032,7535.18972598974
1407.86725254237,8597.9044427211
7457.80769728149,7122.57460248682
990.862616653286,3213.85444228569
1030.94145679296,8681.13384908806
972.530873534441,3382.08300125216
1481.70127605123,3531.80945997009
7815.70193847288,6865.35255602454
1050.42706817994,8953.40481867859
6840.82498876622,7286.72188635795
1845.14434040992,7998.22479016416
1024.0561847719,3093.75175950792
6330.28575887537,8311.00571887704
2363.2938374424,9317.16064987893
1692.05050259187,3421.41016185645
1422.10945870912,3110.66832079511
6134.91987146582,8195.5905063344
1844.29691285819,3732.98020551321
1545.85615518392,9240.8540106159
1506.97356166667,9212.61323932294
1145.63412056711,3213.57115499296
1634.68359034221,3465.89762924001
7483.48536678719,7852.89167670638
7254.35481199421,7820.5011103284
2033.02081833711,9358.06640065081
1112.94634028826,8978.52647552614
8021.75870590363,7319.44229286404
7155.54032737113,7490.8557797345
7039.81249107929,8177.19174372529
2004.9121630277,7988.03456816312
7963.74407386663,7093.93852743879
8084.85441291544,7548.25063685974
1401.0936018862,3759.06742109054
6200.45432630301,7370.70610852616
1082.79084089605,8938.20238629173
4071.65768026476,3516.98233525304
1926.07633297574,6524.00527165384
1114.55631614252,8982.38620276198
1463.90016013211,8003.84542007103
2738.78738205622,8915.6008954462
1409.39314127477,9146.25087102451
7773.34915110919,6713.44749065763
1671.25447346639,3777.94619284537
1225.27853075888,3721.82347914755
1347.86225621981,3496.43093225176
2371.01050553741,8741.12201441383
7691.91268979842,7449.59032989101
8248.83768630273,6908.25671674696
1311.27446766936,7878.31147802525
1582.39282225135,3672.02826871541
1373.94347365874,8899.44698708972
3561.28043904605,1805.47456361759
1239.22198440593,3687.63356039917
723.312752416698,3188.54301786715
7082.04109573942,8044.97552842915
1903.68047536683,8276.83966929894
3404.00945203332,3678.34880604949
1692.9096594508,9050.7892534185
7080.92253877387,8148.6230472194
820.459499388476,3330.08492399242
986.047915044854,3186.90668900882
7628.78924539142,8003.52133233569
1216.98004253328,3231.50242830907
2364.82535693429,8579.95615450607
6733.79820094858,6868.46814336025
2061.53970849587,9161.81538770823
5675.77596921843,9189.02985383057
1354.18180210109,3427.10654142724
7556.09820592302,7756.68430673142
8179.62916097879,7135.34328192817
1624.51891929372,4016.34220388322
7983.08909348828,6808.20269605432
2233.27243581397,8066.09777814075
1934.23375453731,8564.05479032973
7461.55729151898,7577.94048634933
1791.79453501426,8346.78275792479
1448.74620551949,3739.86425647189
3294.01956736032,8754.34662607018
7438.58713563957,7632.97929427791
1297.45916746479,3654.19217885867
1401.78328937738,8600.97914783942
8823.88555251353,7555.30484390374
1441.23218917149,9353.38884989606
2165.25461790969,9408.8038794159
1169.32822027497,8244.39257739322
3091.76865558042,9214.55575981425
6828.07096770049,7901.81676164022
1445.78071864978,3802.61586840261
6003.00586082064,7697.44503639731
7230.94382917796,7851.34505203046
1330.31674929176,3282.57831896676
1130.06233094075,8874.72263881764
7315.74694204833,7101.4534874436
6292.02845756168,7231.19387236585
1380.15721623307,8914.94517264771
1899.50098927151,3833.25936135223
7878.53199748076,7682.02777389076
7947.13104129753,7835.11638273176
950.296801181448,3465.21812247567
7154.02889696101,7515.26154534066
7712.99011384674,7819.55848696348
1222.42564462339,8667.16787684067
1802.34530035663,8037.16071235295
437.399033578471,8045.23475797457
1772.6566275312,3581.31793233494
974.076954729349,8542.31704285264
8541.71633580585,6939.66356996373
8486.67283932752,7537.60014810398
1539.62995645323,3973.56687531317
1362.72897005409,9160.99996239137
6993.3984418602,5589.4277356993
3061.04001486935,7460.09706452905
1147.99113670697,4733.30433203627
8295.38578951844,7401.31287726962
1260.71462443861,3138.960219009
7502.3004461498,7105.74718228019
344.545119314369,3106.52118340457
1440.46337481509,3873.96891286325
6970.74411639778,7638.14416675094
7728.18330166333,7758.08450310862
2619.45474422838,4017.330070163
7184.70636283741,8117.75966381272
2473.18703281041,9318.81206549705
6946.49578196902,7405.89502914888
1809.80058780831,9279.5232374303
7671.6976301353,7905.2418151973
1847.51080922694,9173.14715845141
1335.36977244707,3784.67624797872
793.552136760174,3368.88124945774
3265.76846674592,8857.9258473811
8786.26043606197,8122.6696573572
1284.7217860841,3468.29456045339
1460.6608213253,3628.14817082423
1913.63006526048,8971.12508544607
1527.95891413688,9240.39929487006
2076.62469111329,5412.30867330212
4052.34360320428,8778.26244337053
1870.98154012846,8990.40765827324
7891.30945184733,7664.8648548424
1374.40786927498,3619.69542472226
7930.53101054538,6019.5256783982
7676.34404472211,6987.50408490041
4217.59950878306,9063.24438775325
1026.69411414088,3424.23364006935
913.22528909709,3385.51020694233
2058.71922255492,8598.76984430238
7436.95660120307,7902.36231645621
1547.24057866559,8927.28118464164
7781.07571698366,7712.11869285219
1936.3065908671,9293.18977317647
7317.54418443596,7518.79132631036
7149.86970431312,7393.99450130678
7391.15354533816,6965.51244663246
8135.19027513927,6372.93725234573
7626.94230265011,8218.35511173912
7711.33466757564,7836.46616425619
7703.04307841202,7412.27569705643
1206.76473360576,3564.57106412008
7845.54809108117,7938.4573666834
1591.06328304078,3875.05871245664
1443.02235030256,8872.36777105755
5223.76049686425,6910.03473671427
7202.78217123457,7411.05785241614
7963.26522848808,7653.5121171293
5978.80699365403,8054.66061475127
2830.42080612523,8431.84701082765
7969.5946899883,6325.15408621848
1563.7833127834,3691.51031748934
2446.22508016093,8676.20410285282
8039.38776422992,7068.69395799156
2703.34530777995,8111.43698488042
1585.14834294515,3953.07307774668
7408.55650818206,7489.66098039178
7584.64764327915,7514.37626054466
8548.53788500159,7744.79196590844
3297.22834114595,7963.79626931141
1227.05710449681,8951.70890865608
1215.97534029815,8820.08998410322
7392.17152986355,7850.49067471994
7360.94528406819,7932.469738865
1904.42797134551,9131.26234132082
1250.93294794964,6810.45003356668
1845.24574451969,8855.451657222
6131.40217198382,7634.68392578232
7640.17320953749,9431.33325610841
983.778265789832,3434.04181217194
9353.97059383255,8013.85737061312
1493.27487555499,9150.94491268592
1515.59868929341,8908.35155441792
985.465506838402,3345.86485955433
1848.15852215645,9438.57299125555
7619.65956716198,7501.81745110112
1294.41159709875,3546.11949119618
7507.57171707307,7989.89759220205
1356.88259849336,3256.97816259257
1016.38742811934,8191.76431570561
7466.83653640167,7444.04576823098
8855.42057021132,6533.41410435329
2892.53310552895,7905.74016282784
1503.18014602725,3857.02676861901
900.985019345122,3154.92699449969
1658.99150827587,3233.19627598293
1118.18507261045,3253.23034307019
6960.18529588461,6080.88526695091
7553.55738545915,7638.25025522756
8404.14499665981,7536.4055031866
2453.26392333525,8911.59304669643
1648.93623211413,9507.54856277616
1524.18452649205,3894.04474344536
7484.94773158909,9345.94762981925
1337.66808752948,3489.96628738093
1383.73167155983,8941.64853403537
1839.09481787747,9115.20530479743
1526.91481930248,9351.56586059018
7186.01091341895,7863.76827766874
6626.94046900987,4334.40854779886
1198.89839204466,3352.11578606098
3523.86163309647,9060.99818048374
1256.98977519151,7752.4313407647
1093.74096152899,3280.93108186998
2320.78698305796,9148.41219747041
7082.78146304548,8690.29937908456
7921.38234496221,8568.21542164835
7814.8795506053,7215.57036751568
6723.40523823766,6331.6125814918
8083.13582778843,6300.56340423184
890.259773908785,3507.92172667776
7525.24170989415,7087.30013418564
7803.08202021684,7627.83074493224
1390.21956532085,3862.04273661976
1770.14096749895,8902.27481682574
1429.10061117549,3854.98007328461
7137.0282597461,6713.40147403894
2417.66139139427,8913.64788101204
1118.23297381161,3729.27922031768
1533.48578991906,8815.05974996998
2017.70778703395,8945.74207002463
1179.59934463345,3852.04986308669
7001.39607045236,7615.58048643676
1273.87273283186,9001.64392826306
1227.44203172547,3473.67048251895
7899.1575632863,6246.16853032731
7769.36391432786,8245.85435013813
7450.87724118757,8059.28113890945
6825.27343928363,7978.43814953635
1182.84565247718,3439.68060893973
2049.11768246162,8754.91685995615
6835.42050103331,7409.68949434106
4783.63115517302,8116.540748223
764.923116589033,3484.48693541516
1996.56146393229,8953.54886728596
1407.42726219554,8825.898000319
7433.41534655978,8384.12220660071
1395.27528612025,8732.8563250446
8588.78599608031,5607.82579564347
7559.63660205188,7708.77783826693
4990.05956309649,7530.9966838895
1622.84727768022,4014.97655182666
701.931895320964,7781.27838283262
7643.79422613585,7487.21940459812
1714.65787239915,4091.1933988128
7866.72342668512,6917.34132807131
8282.57699348829,7893.11791779431
1795.99777887199,8948.11469117386
1754.73722524192,9157.18787262561
735.735489187595,7171.17819317612
1828.84761545787,8874.12757012148
1795.59230723748,8169.06488260154
1099.15181004065,9098.626475033
2053.93790715539,8977.46690909408
965.261451755518,3606.73622706391
1578.37969048364,9149.54540052701
1614.11711386856,9311.85054779461
914.099095286255,8782.49906235521
7877.87229809934,4457.86145946627
7297.6830754696,7631.42683910469
7896.40438084701,8104.36528215544
1707.11206351858,8585.29623763414
7264.18739475114,7394.34043485804
7224.64615167505,8038.56294290527
7303.67917356806,8048.82847846185
1631.22385904681,3695.19378564992
6360.94590177295,8113.93093674646
8176.08097597093,7362.0732059397
7491.34853825647,7765.02702901663
1643.24836749217,3830.84815491802
9048.46575364883,7051.94952360516
1878.69155039966,8806.37480233237
7812.41653763791,7192.90825460142
2139.9093563906,8405.15091106377
937.016352345774,3205.95175921632
7237.46912087844,7510.47100962724
1420.89812596289,9036.45691616829
1390.4212005049,4134.771597062
1676.30601637447,3416.8253061512
1485.62822946873,8991.73787924174
1372.04272748089,3606.29839559707
7375.28672447454,7577.72918495108
1744.84570107511,7722.59173982824
2179.48395582126,8743.79301226854
908.857955041759,2986.90702331267
1335.42717844644,3828.79230470981
945.645485072534,3528.01408192795
1699.71740126178,9144.59294089979
2049.27086163047,3157.93940392477
7190.79403407112,6228.77171078791
7533.68838286414,7248.5864028526
7528.72471829064,7231.01559246102
7424.64531834346,8089.03419811707
1607.20770101386,3622.53181089437
1336.59700363288,3572.84451387001
6976.72139534705,8190.96190063812
8160.16262201622,8052.39863004151
983.515533348131,3329.26781154039
7647.43815345967,7426.55796153964
1716.84058317377,9007.04242457701
7235.05644767107,7507.07543409635
7852.37809018374,7855.01839800393
3171.91488420815,9063.66166716033
7002.87233360851,7770.06394627347
1652.37367588451,8864.78831572274
1364.4160126858,8790.76698675562
6863.71480857803,5830.09399321231
7922.16325510169,7856.23180255858
996.027072244703,3474.24554174418
915.163163121057,9032.68067649439
8461.51907912775,7419.5993144396
1453.13897196453,9013.05958236425
7704.45667334217,6098.26110966769
7452.22651175036,7432.27781558236
1817.64073512311,9198.38528818107
801.134076806503,3319.19039554925
1321.37936904471,3623.03741922782
1311.58653329103,3113.94566926951
4929.17942261031,4274.51984513761
1870.98379328993,3533.28986323858
555.996205457554,8654.47141790439
1381.24594555763,9002.97749711774
8711.20671726465,8004.67104471505
1360.52196265684,9152.83902093869
1278.97658259299,8986.57766157179
2292.25628104124,9142.24350009446
1710.5042812588,9079.92863706401
8100.85334720127,7064.59559485573
1495.2455321511,8588.52207267506
6743.10902163248,6925.93186947302
1372.6571675281,3939.6350567549
8148.36534604973,7437.37475606135
7440.46366744745,7888.33309024548
7403.1140197286,7590.86229500659
1150.6876143858,3439.88817096395
1675.29830928677,7899.47656845207
8242.08923051017,7226.37803163086
8564.71096015796,7548.5507683475
1406.57355408868,4724.917802416
7583.28035631514,8169.8705518895
7109.8465421982,8061.85868560598
1227.51939522595,9063.52531573475
1367.64680252927,8699.89504653799
1127.90856908823,8632.68791517875
1803.88665892079,8971.05817946828
1248.62410905935,3793.17606800986
6893.27955482084,7508.77851662576
6700.02654545874,9160.25638771898
7680.3081526376,7983.95481342034
8456.04293538051,7249.52590300716
1905.86196833125,3566.15389567393
6630.74393484217,7574.84413839413
2235.66666528657,8782.87134232959
1271.6689331471,9392.90047586459
7613.57684486543,7361.12274907108
2609.09673775414,8664.33873644196
7318.93128246417,6698.93591013772
1338.6179320674,9369.31107321463
1616.7319185496,8839.89840983859
1370.69664566604,9055.9381170112
764.89452551547,3240.73394300063
961.109560056127,3375.56017105356
8955.6934079159,7373.27839448057
1414.35402422935,9178.80500225325
1704.63705203715,9157.88910325566
7213.29189577022,8177.42701915959
1518.34422809117,3619.69320281589
1464.18433983796,8851.3101602126
1215.64681433329,8913.04794631236
2532.10297802289,7569.24307694504
1435.91994035483,8985.45723050124
6931.5461301397,7474.41854874492
1487.96643902034,9200.54850508881
8367.86830505576,7606.35178616325
1508.2932167021,9152.34033056131
7050.92268233795,7099.92429921294
1892.77278061894,7885.73886181036
1462.6247707683,3224.87157240001
1170.55269750472,8259.71673563873
7452.02376146907,7451.66019120251
8178.65795104326,7674.44001108624
7670.38823384903,8027.82855201724
8073.54050206762,6791.22325873002
7147.88171855094,7864.01370417176
3725.2933677616,9160.49159527318
1850.50764079677,9312.33311086467
7343.87529722367,8086.35319586321
8725.66347508866,8358.18378433362
1131.88492258384,3685.63562820286
8311.67221132365,6968.82133958148
1205.77782579288,3689.79023966504
7231.36549624436,6775.06563699793
1119.18008908973,2911.18106390988
3156.28146365693,8934.03170230372
492.252002743239,3341.50122901673
7617.91931852936,7776.66640275752
6307.30718644684,8032.70349249464
1509.53614512011,8960.20301838054
7205.21701339212,8033.3836125567
1456.09138826901,8856.51956438133
8534.62783236847,5968.08727632795
1612.46952562086,3673.24317177965
8521.49856313841,8208.45489511856
7985.77534770057,7785.6504472051
6885.48491596893,8569.70756733737
2389.43934083816,9156.4727240347
9704.08505373908,7603.07637635216
7743.32279880418,8223.55432427012
5164.783665876,8354.23139223945
1560.5834013273,8737.99451448192
850.872381569739,3479.26340343327
1346.63291680555,8585.31669594088
1944.88703572618,5298.09984350982
7535.06990212772,7498.88307838567
1679.93603437677,8823.95529729992
960.729302003063,3356.37607297565
7548.23198892461,7816.70405561633
7420.92668924188,7326.57153360325
1201.3027597042,9085.55567032221
1702.78767034774,8716.21238497292
1703.59322766221,3790.66535002587
7168.05066139002,7534.43438449451
7871.33727331652,7872.26981640033
1286.54618166962,9031.05101946698
1081.63559482469,3549.40231749402
7783.16782062177,7926.25876767937
1544.71310937083,8612.57139123425
7563.38751665493,6961.84441282169
871.0480124781,3136.01386575152
7706.47193867384,6536.69559795455
7396.6537852344,7196.07680841343
7411.70296683637,7676.10293849051
7337.80159021537,8031.50849324733
7559.9113849507,7745.79359376588
8530.97630964546,7730.1003399633
6764.56350365388,8179.69697738024
7732.28102884499,8386.16308211168
7745.89583535078,7408.6953495798
1080.2332385078,3256.26500062819
1574.17436416292,3549.95047151343
1686.74800267694,8963.06579582794
1970.10110539632,3482.91286120256
5300.05046568302,8561.09666077446
2215.8113613118,9444.47692143158
8616.33224361521,7279.3804554495
7480.499495964,7418.48365929821
1078.82236210475,3215.48261952521
1806.20788450123,7820.1467048811
1778.27694974656,7934.94488037151
7649.57116501808,6101.61675342898
7840.47614476803,7749.61376875262
7032.68618917564,6989.17477865236
1759.7810276145,8077.41203355293
1334.5255051908,3502.28030010583
833.737952041578,3143.07051350977
2556.83359683084,5877.66207990525
1671.62000232316,9230.08348536887
8032.5333855384,6992.21438340803
7429.09446072501,7430.81243765375
2188.41006545392,8202.56226736636
1520.89289918209,9129.19614852446
2952.70749679245,9095.38599297076
2693.30024636696,3586.63727577798
628.677511905794,3386.88253517755
7149.07912957558,8224.84699164831
6749.61877150565,9533.38968582927
7730.89020990529,8007.418559346
7160.36550003737,5984.43921209313
7371.46499331782,5550.96643750643
1442.93457422042,8748.45362759647
8640.5663436246,6540.44285432965
7594.83472511184,8124.99442856312
8231.0266787151,6240.04418360255
1750.08357588379,8315.6519561769
6154.36560944628,8139.52110884475
7495.56898233029,7916.59769330181
1400.53608016204,9224.56191197947
1563.84942086707,9122.50496873636
1425.1199416627,9113.36883336886
7163.96012752482,7937.18072064371
1521.57089068591,9091.13512134313
1050.43553063389,8903.68719295244
1608.08538477548,8821.24304382445
1964.57095530974,9064.84751461446
7262.23762154257,7267.54279097092
1299.0580731587,8041.92710597786
1397.54703269188,8003.83252104974
1888.65749653441,8844.85332828292
7309.28024162815,7263.33377644803
1382.58945081593,9033.07077018054
6977.63991035036,7710.4457720947
6829.3240696724,7250.21232847213
1065.89473037812,8698.64967040071
7697.71138697629,7448.59975151172
1365.30642068199,3955.44910413393
7888.18615567762,7978.18317075267
1072.89720156563,3519.88857000875
1538.57676912118,8603.60390718232
7831.52664536927,7264.70309546173
7033.72554193197,4044.17785347081
7933.72148587265,7686.31824608358
1349.59515629754,3130.38909619108
1493.74883298725,3544.01912643566
8070.75774053032,6667.77640397255
1292.93472053751,9195.44496322667
957.142080227603,9188.86521883109
1794.63280225132,8974.07070305109
2227.28610444158,9114.56048854389
1329.55344076709,9030.55019198443
3272.01618470707,7648.29968198487
1138.57270083326,3120.95463521915
2147.55009190398,8824.58553872197
7342.57953398084,7946.79523328318
8077.85380027442,7690.68113988545
9483.14450020859,7990.3544949384
1087.45251795365,3614.32909746825
781.160566588458,3343.60095765635
1515.88353149168,3517.91232474278
1331.01723955514,8509.84445877939
1011.95992056604,3248.36825261937
6915.44457002381,7435.01351120834
8524.4910341608,6849.84466212635
7146.96382478992,6525.68322657207
1435.6092677678,8587.51965186762
4523.57078572537,6119.29556803396
7190.35821463074,7808.32613886404
1192.22833605923,3496.68375610113
7593.11333423947,7166.25194390717
6646.53655733666,7140.21794628229
880.361491807343,8800.22191809902
1611.33398797238,3655.09762017399
1351.82451186187,7716.68393156314
1603.43818980406,8904.67280426724
1232.02329742651,3252.8321221196
7809.40934750108,7555.25369977348
1586.59763769484,9268.3279631679
1573.64448920942,8277.01944362991
1288.66420765651,3625.30533338951
1904.82682704945,8955.86536420362
7882.03956978892,7922.18745082006
7583.46358321862,7556.91294028918
1586.25824096309,8176.25109525107
1270.95772730719,3757.25176066499
1056.44902272655,8858.09785304125
1438.55104613848,3630.58786935243
740.402289828828,3202.74017693461
6669.98168103865,3658.54038240778
1987.53320818925,3890.9568491212
7919.54333387478,7763.46967460525
7844.67389870346,7366.84814801037
1263.59077206726,8953.27511720233
996.106849836105,9110.72397036811
1929.94017613136,9033.21025118103
1907.43896991518,6146.08867620054
1170.90296398075,8622.53610446106
1467.00511336146,3737.43735190248
1604.85151275351,8980.2984429048
1433.51798304368,9206.9738845028
1584.66535934375,9298.14707555582
1501.9543086027,3714.42006726948
7220.55825087918,7661.50900249825
7575.17821564979,7806.37697825334
1232.70518481259,9012.60347563764
2032.44391664714,9194.26206806954
1073.75626183442,3647.6882846651
944.661372060312,3357.91474736925
1467.13717967929,3293.78474886493
2080.70058209082,8746.09602753646
7593.04887565771,6318.85731907836
9017.63472767598,7514.70102537693
1338.66671249672,8539.20045262001
1736.03929785932,3770.0391267129
1021.65726317958,8465.64798874194
1605.36064247489,3830.43018343567
1925.2238516924,8712.19913673532
6912.33088517162,8077.7426076212
5437.60666302632,7208.75566751228
8228.14534521284,7777.3987856414
2359.36140055843,8852.00618434764
1099.07997700006,3680.64801886209
5917.25003566768,3497.68597247859
7652.17672663526,7590.01967415797
7172.05407063767,7644.61271098379
7055.77640610797,7733.91336641026
993.11043045958,3207.46371718721
7898.77827743359,6527.21363089998
1446.03162989886,3712.47566831609
2067.66954798033,9096.51949243426
6312.48264508018,7434.82465256221
7771.32417489786,7194.31917037148
8004.37392288186,7299.18115388014
1454.94254670209,3595.25448674508
1186.86519210362,8960.30074329293
8882.94561566756,7582.33066270984
7106.81220132321,7791.22389860355
1378.88775393727,3574.04187193328
947.714223881156,3166.71649804079
7889.01752717575,7148.38967177864
2231.06078553868,8389.60500681754
1818.13362225101,8990.36524584089
2151.71862334723,8785.42724463092
2113.35345971577,8609.63618032862
8731.26637846132,7364.64614416973
1700.01632752756,3977.1411949044
2663.47343307852,8726.94187000113
1486.74117399406,9243.33534154852
1242.83037802029,3642.54792852068
5215.89962566084,6511.45042858088
815.300099869047,3342.64631347045
1276.12897720963,8995.2935347702
1732.66103738236,3954.55830557275
1817.69436711913,7500.09283037736
7517.91530222254,7553.63818179838
5430.01451491683,9094.44481282522
1247.27212330022,3646.2398383699
6378.60957123738,7212.94843311797
1773.740313141,9153.14001684901
1433.36004252944,9295.69497175426
6920.54278753926,8019.82338879371
1154.53706062041,3219.04510232802
1725.21178076169,4135.47311042613
8738.73298464152,6940.08999712827
7035.6625692287,7256.49194875963
7168.58631322176,7731.06689840669
6570.41785511256,6399.48002595665
8547.8174522776,8034.59039091139
1268.10631719289,3462.83056366212
7300.63754554705,7111.11040776425
1705.03361851839,9180.06347428403
7404.29342050251,4525.00493421179
6638.8539622993,7698.18403679219
1525.12542206343,3680.05833784938
7245.63182388466,7216.41595201276
1272.27130083595,3630.43981192717
3267.56153113206,8061.15516576393
929.091020096015,9177.32526745165
2109.57455646102,3652.22070311479
1217.58409906344,3805.37060107039
1947.81710294268,4539.61498352693
7558.4137211415,8027.56524175112
1328.44885242646,8589.42429978561
1120.28835134681,8694.53592982925
1231.62020446832,3822.94659937262
1526.19141654139,8768.60134167166
1633.6097328527,9235.93037312497
1465.00680324172,3253.6080818014
6644.04632579096,7575.55117141939
1103.61976619103,8815.98530369467
8163.41535184371,6918.85646558708
8304.3284922391,7180.85302874399
1254.29895228,8852.86491932724
1361.02965307688,8412.32056264018
7838.96558143649,8586.23994087673
1186.18799986829,9120.78910734908
6869.78250916951,7557.38134600138
1699.27310624972,8839.14830363261
932.602955201543,3202.72005090953
1432.63029410438,3741.77651491065
1311.53736128952,3397.50422150592
2063.35861444508,9183.67869250536
1912.9902803324,8899.16374174594
7706.83313894349,7913.49827449538
1388.77057656019,4004.95482718007
2566.25697984091,9145.75442747885
1332.79906540672,8729.62858065635
8622.64979711161,8897.93520471193
2223.6790694946,7203.25322777011
1230.56323496323,3586.48120456277
8330.82906448094,7504.85042880149
7835.83572700065,4558.57481199055
5717.20726348983,8738.0441790378
1248.45815598828,3709.25397752611
1600.17978679687,3956.63512005572
1501.10862134041,9211.45294981882
1887.22260126388,3962.49548364119
6977.24982562957,7505.84899447533
1130.84425749057,8263.94810118642
7573.05875620945,8228.55540948303
7303.42206109812,7151.92688906445
1723.07056545733,9009.89830478145
7444.20673977819,6973.73315361831
1943.60053284297,7284.16880974247
984.636796304331,3653.33561043839
633.443445003925,3398.25153196302
882.764091514662,3062.11529484129
1626.0768698746,3752.87009119709
1363.28331417238,3523.2654267551
3662.62252883034,4046.01953416207
8345.92980944656,7635.87073428784
1331.24940825944,3474.46442383924
7223.83724822223,8399.92813768535
2226.95753262859,9079.50833289807
2000.00673007925,8920.11513642129
6908.03425866557,7947.63102255075
1415.80380441892,2668.8937598193
2151.51320352214,4184.06366455079
1557.91430928983,8877.18181324553
6844.67883297642,8313.48808871916
4093.48528517358,8561.10625860189
1223.33209206355,3466.99986819519
1809.34253572868,8924.89038544778
889.557856504983,3409.21016325546
3183.92513194059,9077.50854104672
1601.02555831325,8917.41538448184
945.647735191284,3693.66541655834
1756.56530462673,8778.24493458985
6954.24636495605,8067.91027424904
1888.00996199569,3849.41464755024
976.533896806129,9246.14608667736
1692.97161829523,3643.53020395772
1170.27847299364,3710.21683862911
1024.01793641242,9069.59643398161
6575.42997538329,7826.3136253001
1336.58886761684,4197.17778856993
1349.92624207695,3163.92768676798
1460.34965152868,3962.83465738052
1810.12633364218,3746.7384043142
1389.84101439563,3733.67113629111
8032.11615628584,7125.60529738008
1321.64624050364,3590.22676225614
7759.59725667319,8212.92739086772
2153.43900908134,9368.39665731481
7440.49927448115,8034.06287647654
1131.70159574814,9126.9302886132
6029.69357258784,4267.48480611632
1298.47194011713,3459.40757307469
1357.95909962921,3694.27399326539
883.169785183284,9007.89398833994
1033.81564065684,3240.86434855833
6856.79848881076,7398.01397688727
1555.09707655907,9350.60723002887
3418.28669930518,9216.33257553428
1218.97860116242,3570.74706885045
1155.8615535675,3386.75211659599
8284.2513393845,6729.53814194016
7441.2137643304,7539.71835097347
7076.0398937486,6641.08770450341
966.429378721343,3235.31669806112
1691.69804147556,3500.85354588329
1573.25093169156,9458.01645753197
1939.94585897491,9114.2508608485
7179.79949859145,7483.50878602722
6539.86904004871,7696.15254320117
1735.84885592418,8388.78164310892
1530.91134482532,3724.5990741731
3753.73086454465,8389.70830624629
7780.30240473374,6114.05406677661
7693.13104598902,8066.19234334672
7208.04733974794,7011.7961265917
7369.97881544874,7287.0768059238
1181.09757711384,3402.73076454623
7589.43892547267,8219.85221724229
1356.5176012767,3357.01722747145
573.329451797107,3670.43259026598
1675.8709620458,9228.06214839589
1118.18745110414,3610.70892378041
7887.63090397954,5727.65641417
2408.1272841243,9334.23370660592
1158.75363844884,3273.7376585195
546.885418750612,3076.20367704277
7513.03428630868,6998.07858086111
1307.78293208857,3652.78647163441
8073.26976453322,8142.14048833497
1364.18169080727,8539.39339486564
7255.26027360343,7374.10124215083
1054.13432481058,3387.36060078339
1605.37898546019,8295.22009039604
5062.88848423512,3867.22751849206
5602.50650604368,7883.63632913074
491.315383387233,2912.09462309018
1495.69975306366,9034.36019535942
7579.86860582325,8025.85916986659
1218.85346680903,9145.91813120515
1506.82733807083,3705.76646446559
7716.5160659742,7258.97981337244
7292.37719045545,7911.71428453184
7237.87792782644,7832.88844789448
1127.60981627115,6924.50974126884
925.629575917489,3569.23257767025
1536.17386179674,3603.9851992182
1377.57881915057,3481.88344682235
2738.76274036464,8834.59955558055
1359.26735084599,3750.84571486713
943.19369227201,4334.75390504494
9254.52624467984,5705.19691258716
8130.10733000048,8334.32871836625
2531.47017206736,3793.31103673716
7156.74806346051,7561.17401210243
982.97464643286,3273.69543156708
1991.55801471909,9138.72220029684
1966.04868484598,9244.08360827303
7039.98213609842,7654.78590709448
1056.14808087261,3463.28280410639
7788.40186975965,5999.93339298935
1473.46482347597,8926.14292552374
1189.51051463346,3726.21994117707
1670.05852153745,8811.06294055773
913.961978116248,9057.4612468667
1613.31973674877,8666.54557449328
2148.70131515918,8768.79423467022
3189.81434703487,4284.31347048803
8138.59319013262,7950.58216636018
1777.85532298842,3655.0807963462
1304.98328812198,8780.87195801861
1334.54075178758,9168.3644429141
1522.87403151082,3354.16419584229
1231.53621708318,8772.70645531558
6266.30421090041,7266.04641231781
990.577840868294,3211.95336475965
1700.07893130663,9442.57517236604
1623.3918595461,3830.38209640358
1046.85657663444,8833.61954322181
1768.5127716205,4552.07270510559
1257.06545444915,9346.56282900921
7505.90776841109,7883.83918902512
7830.38391121453,6727.36414236199
1370.28128470164,9058.17953661993
1745.26478108705,9278.46800573483
7674.12627408098,7724.37652476613
1296.85917899165,3539.53875068868
1286.11783017809,3830.25643817091
1445.83159703137,3754.89112235794
1515.69724999972,9114.67768099396
7306.77781944791,7645.40625494764
1286.89390427563,9158.80065579698
8134.98292077081,7497.57987822154
1049.19656161456,9051.04316524915
7604.5304263114,7965.03989848554
7690.36662140146,7051.14690544343
8456.19038480777,7680.49274758598
1891.99114632317,8154.32136316913
6605.35822656889,6981.23719032423
8394.32552790032,6635.10671398625
7155.5842366404,7204.71634469411
1591.09150046934,9284.01321401376
8566.20804303304,7880.97822751781
5886.8999575213,4627.74225468174
6849.03867096054,7499.37428705596
7343.07711897883,7973.24702187399
7363.14854393112,7358.83499446926
1225.5340756865,3156.22040293185
8002.45481983366,7550.80759432677
737.193631838675,3162.04109257911
1779.53928178306,8754.31013785587
8768.88037739615,7410.6450966427
1808.04060656357,8700.11370463621
7737.35565233087,7808.31770939505
1328.71936850038,3692.79084748242
1551.54953810844,8859.49946871406
3981.87793304696,9105.00898059162
6657.3765428917,8229.47916826553
1124.32706781172,9282.56126020644
8024.92026686118,7616.52520461044
1627.40981492638,8576.23400716549
7286.53680034596,7849.64440829543
558.680140607697,3182.85074096636
6814.16556433118,7977.88067338006
7987.40680845674,8067.64019551379
1239.04175296512,3556.86327295188
7471.49875366001,7755.23697797178
1131.3084212945,3650.39613515901
2918.53533137129,3364.60361346305
1356.58310943607,4052.06636655061
7601.21949332016,7908.52960922526
1580.10635509543,3614.07983022523
833.207605302306,3316.10294919386
1754.10988079895,8701.17070053089
4592.79946085615,7827.80168286696
1797.43461237286,8050.07746340561
7386.89232431128,5995.90303655822
7761.02633448233,8122.55996627461
1546.76430492717,8887.69384688869
2021.83105086264,9032.47540583777
8503.14973122779,4993.65121794073
2540.54423045349,8314.04223028522
1397.39972540428,9035.37795777214
1076.57780706641,8675.343824131
1920.57259435083,9155.03952438154
3312.98063493375,8870.53906503042
6855.6249838722,8116.95201394516
1567.25803580987,7983.20231576773
952.803602283324,3385.53866063811
1340.79508949711,3464.78850521804
1713.01847356242,8989.76684806304
2020.23297428083,8650.39299002048
7304.78990076863,7880.75523658028
8388.77678282893,5426.69394524453
1524.34703676146,8938.73447527211
7134.79421366714,8504.5478398852
890.320642782566,3677.46500365094
6655.13061060751,6318.89266343305
1219.39811007091,8191.62593631698
6607.91401142608,7604.16690237003
648.523985515304,3273.87805072717
7960.92736068785,7085.72943375708
1233.2934478383,3517.11606727117
2010.11923335615,8487.20149991573
1544.30417871205,4539.35506926089
1478.53165124985,3468.2412590571
1012.95627323572,8938.39666969376
996.413512258963,3984.25030680864
1504.86585831644,9053.35903001265
1573.10479006662,7784.23316824837
6305.81296155537,8829.06782990636
2276.79484530947,3487.82317954087
7727.08276406692,7051.51132305091
941.921618123149,9260.86105135921
4834.15688228915,8589.12272369048
2595.01863380452,8968.89537626138
8057.99272734933,6991.85729607183
7732.32094118264,8378.13341678827
2160.38704514539,5264.31305717409
8679.98401820812,7338.42281415528
1699.57894659371,3699.71402568113
1738.04339091265,9149.73116634744
1294.4124710151,3576.62796310342
1995.03772473016,8648.15629402321
1200.65151759289,3842.44055492705
1728.83594745594,9163.18078014835
1358.89969067505,3577.11127738764
2724.01752470261,3673.48095674546
3728.78667617621,4593.36252549612
1676.43302182964,3709.21133763395
1687.06280333694,8434.92175962245
1123.34821902036,3717.78579724124
8175.36281662873,7750.98160764162
1498.01735396828,4285.67873517625
8175.26328196442,8044.06755238298
1709.43988388772,8764.52697543699
6955.4090216171,8167.74103489576
1839.04238132642,3985.26327774593
4601.12206118688,8488.86779413505
1481.553116833,9223.00120151085
7075.08865357398,5604.24808468627
2098.71067785179,8829.10297684673
7527.90785380264,7541.88380803551
7978.62499782283,8287.38769578988
1593.69163979679,8974.43326992183
7697.22631420644,6378.1917955062
8089.61209288246,7429.7971030023
2038.13447927206,7623.26522481528
3036.29149073143,9204.90773311443
8218.76801467808,6806.28565868117
1463.99052290261,3627.9816086381
1361.41936629739,8832.52890057041
7839.63774885776,7294.31470060549
1547.21214451392,3639.96367124699
7392.34009220395,8160.73246157825
1712.80481409001,3740.54647955369
1152.25089605285,8992.85160311347
1362.45130267728,3768.79496503409
6603.15366735652,7457.43162863767
5453.69201239036,7263.45415630159
7777.35485255289,7655.12992581947
8218.97790083389,7474.85893974999
7739.33653608071,7388.72267870583
9005.41143147533,8070.46988393613
1218.67587548751,3652.42396060161
1732.01386405366,3724.58560922633
7617.66397837449,6506.48657304263
7563.26676092801,7679.27465866181
1025.56235352812,8958.25098438196
1053.93893108657,3651.88011320599
2380.58874650079,7215.06374033348
7015.36899958236,8223.9957953219
2814.62174828539,3837.8326385647
8941.4279010249,7759.051034195
1266.51560060996,3451.41694475984
8048.04086718261,7630.39914573105
7729.16971461165,7871.01608721437
8432.8746333721,7875.19275307191
7222.36320586863,7341.43638893709
5617.88933415138,7067.50263121256
7569.80074929315,7515.81101284676
1105.20068217351,3504.78403280813
1486.84789826975,3649.18078202823
1441.68030125246,3550.29715876144
8835.64516874173,7789.48652181103
7518.55881451578,8474.87488331522
1239.32311393067,7901.99179422922
1660.78915042103,8198.74194518138
7389.95125855223,7779.31537049653
811.089861542784,3242.24919159326
773.874176224544,3459.48811493858
2015.33416064312,9145.2884811937
7769.10778017783,7408.27957840206
1394.269177828,3759.24363135034
1157.87282278289,3348.63659297887
865.910548268415,9153.00941451567
8345.7471073046,8029.53783580217
7101.63003916758,7700.58653257058
1790.67740020812,8386.77832771815
1876.04733489253,9060.92838982527
1662.38913428679,8734.45338969941
1209.37254898324,3807.45366698712
1623.85953857135,3924.55809728236
7749.27934220844,8436.11899545444
1048.56584938995,3261.30045147742
3212.3024401833,9075.09655600339
1848.36047122212,8999.33029582186
7783.43444319896,7881.32701843329
735.573262324182,8978.39811095105
7589.99489681773,7727.55875153323
1631.92987259001,4133.4870369577
986.220898787625,3591.61926035274
7846.24544098994,8037.0916030817
7748.90512966141,7982.41345119657
1514.57307049562,3619.93783808725
6485.25930183658,7892.75890228276
6726.30371257463,7092.53554629786
7284.02567508656,8274.74222223885
7149.45174672565,7548.46328290815
767.864213773831,3071.31968892325
2463.15087374954,7610.3356353981
1373.4730151723,3700.47231664527
955.619709208527,3380.22267795713
854.255095676013,3259.93191295631
853.6792436575,3565.76146181989
6808.52633598441,7568.21763192096
7423.4754520867,8017.01726721756
1476.64600818304,8861.39117917441
5928.34548730187,7129.30493419158
6575.12713746558,7610.19822987016
8601.95884584018,7875.38243269285
930.714225673407,8639.93236440635
1401.32322860372,3653.71786743063
1972.3675203962,4613.53030562116
7219.79196926198,8156.7906452214
1053.62624569448,3669.11812237597
2083.25720312373,9054.24927024807
710.42682372122,3170.68216891208
7257.07971982256,6887.14932959773
864.136730470172,8342.03637981369
1933.45160814158,3749.9767706862
1645.76398664861,3853.81901444179
7394.61106752012,7495.68448358718
1961.56824872846,7883.31476220645
7461.2775752835,7242.88102626388
1929.78083558827,9451.41791996746
1256.62518997143,9141.27014566814
1212.27595067413,3545.08595315788
7076.23858981338,7487.89360476724
8478.71928391897,5897.37295188826
6624.73358264042,7899.84276910977
1342.76226109816,9111.81218769542
8169.64587376021,7890.504088019
1938.99565648261,9205.75992013902
1323.91689543872,9301.27459052005
1096.04644583053,3464.0288759551
7589.28387509403,8467.52771947043
1206.68605729208,9137.05884475509
7061.14971053709,6598.23234934631
1104.21470798003,3600.11733111763
8100.27827583487,6506.3545804629
426.374123469199,8595.76498482393
7506.97662678295,8664.45676515788
1455.2355606083,3446.42151069888
6833.16517495756,8146.28576770781
6989.29914369309,6187.61351821468
701.378132333448,3069.20690442571
707.780932917919,8898.03505269179
1857.87691748573,3846.9241373559
7694.28304041526,7677.56837659308
1828.09407190709,9403.60755967061
8851.34799417267,6695.58085852567
8098.63047540987,8041.95251252935
852.038118190413,3434.72759445146
1494.82226378871,4120.66395577037
1105.82738516113,3583.43583602199
7816.26953523266,7835.82717748906
1491.81383575352,3841.48689543224
7861.15338305867,7592.04208498069
7237.32907647594,7043.46610170471
1023.3001967272,3122.34659890292
1268.09233616601,9157.39599411174
7556.10608641065,7373.65207026586
7082.48434663777,4138.58156102691
1333.4989891732,9128.0033360921
1410.66280625842,9056.18729144802
2673.91063940634,8251.5600656007
1818.90499329626,9234.55749817802
1381.55912364737,9090.70991204711
1761.67423841387,8108.6527142502
2715.29964323232,4233.14562425834
2868.84852013388,8104.28357765618
1689.29745350372,7812.79706855519
1338.95843548571,3099.87592818822
7380.29424295859,7791.83322944137
1536.97907904736,8578.63556880196
1459.79968043878,3727.8258648068
7663.10937194356,7812.50142890547
977.824309986744,3072.23309983219
1047.92319201368,8958.77838807142
1832.87197374354,9214.36049689387
739.933329934702,3146.57550781911
1254.60024670663,3337.40242102555
7619.97574493233,7952.36633693073
8021.31766574879,7600.79408280055
6964.57705743674,7864.44840446951
7486.43513638068,7446.40660609829
7506.191087327,7655.41131312409
2058.46057333947,9113.11440512603
7826.76103198376,6893.65304952711
2431.02279414814,3604.95851881895
1483.03796596045,8714.93187444558
1750.63342180818,9372.57933117594
1546.34732699865,3794.75969908364
6943.0017025425,8043.52026966569
2015.68278472219,8501.01240330029
1404.63736219302,9060.74898128242
7692.31655191328,8064.82796016229
1515.38627491254,9114.77803582857
6651.6194647688,7109.59776292179
1570.15448622598,9024.24907827533
6795.41014224245,8093.86514828622
1501.37344655828,3618.73038226747
7189.20673827786,7431.47168031908
1709.21100848673,3534.6756660591
968.305262260874,7253.73706631411
2733.37055765732,3865.80331624566
8206.07670493287,6820.11068560698
1809.97888536105,8991.07914441178
1326.27549386835,3731.16667792474
903.331089296619,5632.24074259027
8855.39970456926,7168.09705133376
7272.71141672583,7103.28859251582
1859.48075723734,8857.04326504922
2214.77093783834,9156.96661757724
1964.59284288593,8772.14747586363
867.216672774928,8271.82879860675
2028.95095276348,9424.64637414984
1558.44396809751,5222.2314289071
1440.32715717549,3641.18323679268
1404.80660838436,3943.47933779625
1072.34131451277,8890.79338972377
1650.34809124129,3565.16636478276
1072.26618051342,8736.18583970919
8036.94375983921,7563.94804340681
4330.12990536094,8602.56782581196
1305.03045262487,3751.06795804969
2167.44446178488,2887.63837396072
1098.50293055614,3425.32153211737
1709.95085444168,3843.51417878065
1571.11521674955,7741.33257467553
7687.32031169384,7249.3945562906
7190.51945185464,7843.05282997731
6931.77484405165,7641.57211660702
1344.37067895707,3854.94542934705
7410.62803892232,7903.10800080821
7621.62788414761,7169.66688109839
1226.3739026604,9202.47086439449
1099.20680596271,3479.25581894038
872.031808076665,3007.36191170756
7103.79984378154,7593.77275715412
7929.29462111402,6680.06205780097
2142.9198712194,8639.33580842412
7138.33290703049,7331.51994621606
7658.01608227359,7517.74103329601
2846.16308126662,8639.46338989639
1012.55980319474,9205.8262667957
1133.98914659564,3427.05410849424
1572.172188437,8895.1530061383
1371.46962229564,3646.06858953169
1520.34360169661,8531.67952219247
1450.47347669661,9276.17848800855
6919.32281298151,6864.95367334741
8052.11507788489,7352.65337952384
1928.72167943384,9232.26433816496
7527.38146790209,7749.18180570592
7243.28693612024,7525.42424246527
7554.23043475,9214.16361246599
7916.71558685733,7703.55526497302
7962.73586121963,7397.78496949926
7181.26521389468,8102.26446667317
7499.02243674568,8132.40867218917
8445.43285916795,6812.06237027144
7525.93045388689,7764.82766706604
804.863880931728,3243.05712270796
1497.2885077945,4175.90485948078
1975.02466330036,8618.71816613379
7795.06842509433,7378.35233241861
8067.01270676196,7155.39319954827
1221.69276931757,3782.30431713524
6987.58588191379,7965.11380332478
1303.84997836258,9090.10661585905
6246.06625901775,8602.64156235212
1291.18110502116,7564.54421849919
7323.6108085565,6466.85451119247
8098.46215293489,7063.10694950337
2186.05968383506,3760.99988962194
1148.48973459828,8352.4718524264
788.434623290625,3384.07070821503
1131.30073391384,3483.35851485197
1894.05728455309,4650.49683254348
1032.36043924812,3372.98549928965
5910.99678331436,8594.5910984924
7836.17303493899,7240.32110340618
1242.16215961262,8861.4968399791
7483.30162560624,7895.99193318661
1452.00766699162,9078.63343547049
1618.18563796974,9223.44959661455
1175.892991165,3115.81688264929
2105.68845844648,8057.53048402199
912.008958003179,3542.70791062849
1114.32901648801,8638.93908158007
7213.38887718443,5783.39551928188
761.476741742195,3370.26121884372
2050.12040430145,8823.86917597246
7503.94673729275,7476.75786637477
8597.09933150614,7416.2628264075
8066.04031632845,7620.83153871471
6753.9763264141,7134.75041703587
2608.85807296934,8363.73205450725
1472.78080234072,3847.47108955155
1302.82600655006,8193.0223430906
1600.02863062581,8792.96904578295
7942.18486054848,8612.50445074406
7735.81807191094,7962.33624172136
1883.84389784467,8987.26256779905
1223.10321015806,3579.94524771732
6628.15543680885,7430.13703183768
1488.4143952224,8976.37251370344
6901.44316961897,8008.80500368222
1649.72997144078,4118.65920555727
6627.471109178,7597.17543814051
1837.90024191011,9121.34068767508
6682.79962441454,9273.0250887932
1176.38828909861,8537.94227474588
1036.62618115619,9086.25545532477
1721.99844445247,8881.24180744494
1316.54790507555,3309.72709976373
7344.02973917673,7461.6354949801
1078.84575743937,3500.05070114551
2023.56413210147,9081.21100246431
7712.83180710457,8016.64510179703
1644.05640327373,9171.51329050079
8043.06421617054,6459.62298120859
1458.86724943839,3965.91312147242
7797.58157543384,7451.80595864211
1736.04621074717,8728.85287590242
1735.11207967283,9142.18109353247
6047.47010053436,4426.07161779036
8522.76583325442,7159.12861294845
1580.81723073489,8580.23869840971
1880.68815148626,9076.94940404165
1624.38377936712,9385.27505308509
1084.11001422672,3703.49456366967
1475.86511592818,8774.09898316602
1535.71209812468,8844.4373887603
760.19064461083,8629.91557746796
7650.0575957081,8231.11318608263
1609.00979639049,5326.80931649054
1211.96148055118,9302.34376266042
6855.93127939155,7235.22877562881
7229.19199747011,8076.91529507963
2456.95893635124,3857.39210470297
6564.67826270213,7551.75571456537
1480.36913054661,3580.40386653711
983.932768726492,9198.94222708015
7929.34461743436,8099.48123929197
8379.87413434909,7859.3309679522
8874.0059864772,7204.65193316516
8463.2749215812,7804.78024985595
6198.74782201973,7123.46777601515
1790.38511308757,9171.85988221608
879.431469092853,8386.34761450577
1590.45503652858,3826.41165093971
1467.60787741807,8892.76945429826
1202.29907000844,4111.37860684225
1871.48869372644,8868.38455425718
950.801339573305,3124.79440953971
7419.69350679622,9480.36385461511
1707.84118637815,3388.71337333182
1558.2080567821,4600.89597759021
1368.17780328234,9254.12134351856
953.372485804837,8697.86738474961
1096.72890537164,8674.57154550247
7507.28103045449,7884.19053487315
7343.21040375343,7706.54005043736
1145.32395285578,9287.51714099272
7781.4431522456,7423.13547323138
1356.96718661723,9233.99915815669
1144.36057469279,3450.31005494576
3150.88501869712,4001.16182950373
6925.13928988194,8301.36267164094
7405.91687907485,7554.89160640612
1326.64126984212,3915.36347901338
7322.23963268311,8027.82152887724
2458.38317290766,8400.29203385449
7267.16084784257,8826.57288402296
1545.79010343249,9052.29196745414
1781.72503070774,9252.93693385294
8544.56665162904,7897.42653199825
1603.90182006173,3940.08659363818
1446.64672725405,3806.29175736928
7890.41324435451,7474.81539440836
1750.36403151161,8209.44587752869
1325.5900066672,3652.33764206091
1555.69722638222,7979.72297120067
896.035051733493,3329.56239345573
1236.30317862029,8565.71632203722
1012.87808925258,3743.58812095176
7197.13711611199,7641.50198109114
7984.62626133942,5548.92409602665
8216.37759606981,7759.23230743858
8800.05409151813,6048.45262958559
8804.23488208449,8178.18922317125
1469.2545520045,8358.17628772775
7890.19830538226,6789.30041043237
1721.52059811079,8281.80426057107
1134.40254960607,3264.42087942876
7510.56614785256,7043.3024132216
2351.77036226091,8552.81090825409
4829.24000315251,8792.45675180651
7650.21070880516,7770.12283131838
1116.34585986583,8819.83358355269
7374.09396691885,7449.00353279252
1465.58249671679,3821.1712508919
761.32710196806,3299.69268355048
1049.62654419397,3214.62566014458
7729.19987898502,7963.19519369618
2442.74300840255,3941.3214590162
7292.16744520592,8444.2175580152
1114.99343465601,8535.63722852186
7359.51018933883,7927.52365770826
1972.24958487667,9300.27373855098
8928.38849674161,8312.55876067519
7833.94402216019,7358.09014530869
1425.44045967976,3553.57210944737
1935.33046717213,7733.27404371318
1345.2664016461,8879.92576129922
1220.63019298009,3557.93390068483
2311.05804231819,8946.19180783637
1489.9878439487,3876.45653555705
2475.38294289222,8960.49223498757
8659.11240792485,6626.92761742968
8917.70668367229,7671.39819780178
3104.01674811896,8770.41828057534
2650.85784988514,3841.21443568506
1490.36174388631,7701.41734772718
1461.73568725218,8680.87661638128
1739.62503757448,8687.86315315895
7830.29957055763,7824.63129357049
7184.41991157893,7037.94854560795
6881.61087431773,4373.91273583873
7707.09970146008,7910.35479920705
1920.87003951762,3652.7098108865
1507.01072390283,8705.67158496281
7534.64993821525,8634.33746403869
7236.51582254902,7462.03232224339
1431.79413614022,3855.47623023002
1775.00917770346,9069.98539219603
1222.65130387744,3369.04761964439
6669.09546193148,7451.12568165391
1739.71039214321,8672.58762608917
517.401749406221,3257.10804084862
1482.74839237084,3889.90555915225
8352.83442956039,7122.6006380277
7815.9146554269,7953.1109219058
968.827919669751,2909.08218460872
6518.54229696578,8100.27533366588
1546.02599375862,8469.99055478822
1641.63964744947,9121.65261835424
1689.14380194342,8933.60227713429
1558.71794404064,8746.68620256749
1569.17865863575,8789.885274684
7944.01645493278,7527.9446950324
1466.40053353617,3918.75353894545
7839.44999228968,7825.78496227576
1508.08357726572,8888.47974430431
7473.33094069845,8681.41359991551
7628.43307114785,8095.60618858102
1887.53173652335,8987.06650189915
8285.71591446551,4716.34897727275
766.733613616391,3041.58492046024
7627.5635915429,7460.02657418215
2043.33900229116,9150.98626604231
737.437264047256,3375.36111739156
1742.52284276897,7833.1473412855
1150.78194091083,9197.86922363794
1551.84823334209,4586.59512373066
1095.2036591616,3298.25077717295
2021.07689447405,9115.06670473543
639.662123881253,8953.18020522451
1851.77152228362,9112.68165940437
729.579361968683,9020.72988650343
7279.58061613461,7687.75838344885
3776.33429306355,8996.47442305226
7891.77093180529,7800.79178532424
1751.02677421825,8764.61811127115
867.298943272315,2702.95709428643
1478.89106493468,3891.86457489209
7320.14725741108,6757.48551817504
1556.29218023297,4449.7097986059
6563.60332217008,7774.03186116169
7206.07571880116,6804.92726355014
7077.36897581838,7540.8192029386
1235.38929296043,3392.51076694209
1202.4616147435,3431.01493945983
1167.03031243467,3056.76775125091
7403.86857299282,7535.61151662829
4989.06944147025,5868.76627961338
2152.30779275108,9401.55810694521
1121.42732199217,9001.10235222716
2058.15282843718,3992.7742482936
8773.05159896512,6745.43216703314
6093.9484817968,8089.35403317578
7004.79750980578,8033.93252812885
6655.70964126523,7361.96599405514
1086.89965893704,3319.4319603271
7440.62896918813,7509.28405826469
9389.98060804895,7407.00705614589
1538.46664742858,3701.58808995815
1256.66725026292,8929.10613147542
1554.6016238617,3718.7161974671
1829.19137256817,3814.72173074762
1656.31380134915,3644.35403604757
5689.40485503785,9065.38136637544
9049.32172328047,7593.18587008478
6226.67749931611,7825.20158169967
4486.17178840453,9103.33896409225
1581.55548618352,3382.18121247639
7131.83937141808,7453.94325255948
8147.67328953722,6546.35170318424
5960.92821405345,8712.35436082237
2236.44866743615,7127.82733973627
7183.84142059257,7696.29890863423
1718.58708941704,8573.85617033373
1503.62389211844,8745.17923221701
1617.36701216741,3819.6225897158
1801.49214681741,9283.6458642255
7807.2765950062,7873.44373366605
1129.55987348981,3853.86709528822
6939.31747981864,7552.12642581874
914.504972958949,3290.72977130083
888.900249734233,3293.44417955103
7066.72435498434,7327.70760479595
6397.11154957096,7249.4403558399
6722.29269120749,7195.40845785755
1455.1864689307,3584.95207601902
1218.88111089335,3559.33530382117
1329.32775455916,8850.7969675331
7061.15155223048,7482.32751191777
2135.53685834022,8960.65629146986
7666.63509720904,7939.67135824779
7360.87382155032,7499.39413668804
7218.80411539365,7496.06630208178
1818.97066181506,3840.43446342638
7667.57665442993,7918.78848248531
8631.21279823226,7657.99916967748
1168.22188521228,3392.12195435933
1625.27247016847,9159.05382851858
8559.47865769806,7693.29692128704
2177.37551392666,9321.86656924515
6020.68341181592,4664.13418024387
1404.3733890484,8214.37226295486
1526.00113772049,8999.78658875477
1467.03463286625,8978.3796661394
1596.13215668334,3393.23564534849
6830.90881047543,7385.83689984075
1541.77576601642,9124.46395424305
2266.33022440243,9171.1239306133
2109.21506766032,4002.54922632789
816.28467847791,3293.00254253739
7954.40951907605,7809.06484976317
1094.01340486638,8733.29925059002
7673.69807322113,6949.16860128671
8931.78776265393,7930.3158771605
1933.32216817757,8334.75551988676
687.674820294071,8880.07258922019
7016.90410434428,7101.86172278898
901.044386199267,3518.30868253278
2097.87330890367,8304.86585224814
1379.81633100273,9171.30171839038
1226.33680195902,3701.49212289145
1100.45592321061,3497.41019985102
1449.82815545927,7484.13985945397
1358.76920386468,3635.70035124027
1014.23948694129,8834.61505017093
8720.00260088443,6330.34662472028
990.525765995648,9236.64021928267
8386.68483634139,7427.66107183895
6941.84690594091,7248.28499790414
1771.2052892749,9182.47406673932
1308.91505480647,3367.09856350854
1717.3331588941,8934.76596897118
7543.89069073379,7767.48991371168
9188.01540341894,7091.09386653666
1786.25222978741,9055.47965337675
1338.2628054258,8787.10275686479
7344.21910896036,7439.44643180845
7406.78575797885,6929.09939279173
1659.01746743275,3623.45685133591
1429.43397644664,3529.01473638296
6239.47736217015,5688.10941657709
1641.22907353031,9281.67403538007
1785.24811722966,3916.52443831349
6746.03803687718,7890.27607709683
5140.4241106346,9510.06884227629
8367.27722709325,7721.88187956329
2182.26248473209,8248.1793331909
1092.85476045064,3470.08863131978
1305.2790807386,8352.37082482781
6290.97208339103,6753.58382027596
9051.87863001956,7723.33964690757
7069.09871387567,7323.5543158958
7249.06471961231,7678.82465254655
1563.80277410171,8470.39138360323
7472.33722982109,8069.91274419117
7454.92099318025,7997.26893873495
2521.09693136891,8139.15793026857
5733.05277040239,8502.33451332182
7082.65650993713,8450.32143333269
8240.63356846171,7674.1873937601
1540.59923674812,3903.59094892624
5859.89924973199,8796.52283930032
1197.12433215754,8777.71543633471
1262.69341991697,3616.95355624441
7968.31464829663,6391.84064178113
900.407642526026,3520.83901419034
1014.57089909044,9156.0829775839
7559.62168193512,7428.19551548445
7070.63677390032,7436.40158403636
1877.00696767275,8118.93956880219
7104.48364588618,8039.19081852692
1437.98319791386,8951.37081374825
1467.81351209228,9073.94890566857
1835.89620191557,8635.27218357005
1553.81943788425,3561.15794986685
7628.36603429946,5767.30514148908
1656.54080909548,8549.29021316827
1455.40443769241,9197.40142081659
1191.30750647834,8541.91528712627
949.174457431556,2947.23368615889
1802.36625517323,8475.16213688759
1598.56978761339,3610.42845335566
6884.74230423594,6572.08101769331
1845.06692599754,3657.91806164588
1526.18875598668,8921.59488620591
706.328825521548,3453.08672534975
8010.76619701994,7336.38833689079
8041.19876439386,8159.57314045923
3201.35593513122,8462.25583132867
1655.02392823503,9000.47416901378
7672.86920217185,8663.74086758746
1733.14144346799,9022.54785666269
1583.93128540502,3898.16705599225
2314.44255682755,7980.95823328191
6920.99675429843,7841.74673508753
7948.08421613171,8945.80164537186
8990.41847246315,6706.35645585212
8161.25624772392,7448.7473970707
6687.05248436105,8216.6382455029
4326.0642876675,4632.30321022218
918.7030127204,3272.66474131594
7499.30136855647,7904.45301186383
1084.4210077059,9412.21404853044
1855.89355617222,3800.69823915661
1177.61650444658,9037.14789975757
1402.36104952895,3661.00568486706
8330.92577685538,7234.40422130402
1045.18601235311,3914.20114925098
7784.13167059336,8110.26042551976
6727.34594014163,4746.55791930225
7854.54690294953,6092.02907354838
869.330963674483,3399.80651782411
2154.30501398751,8059.39797036403
2356.98802090629,9167.73552066897
7736.36196667572,7839.5606713395
7086.90095164023,6905.06538035251
8173.37974880325,7853.85891870949
1067.95167040366,3593.19088245435
1054.02935618518,9041.14183162641
685.098823250894,9000.51625518096
2669.47053787316,8693.78501335637
7770.96655346624,7894.22564099508
1904.91321842274,8907.51839481307
7611.21101084579,8251.50488186572
7572.13556234944,6341.6767219892
1399.19625665107,9085.01054104783
6340.14358904999,7773.03954893737
7510.11069346993,8020.90854295869
7246.35170431539,8154.22099189354
6451.24795080701,6621.22419256326
1946.42577863488,8733.27191496071
5704.33924085007,6906.70966634228
5491.73395566859,7373.77315844998
8235.95715597477,4719.7141854555
8898.09097054222,6674.71296968769
1310.94719679158,3706.67012662635
5029.01911146236,6241.98246186211
6830.49529697758,4885.45114666813
1421.99052838836,4065.32897071639
9049.77535612375,7745.27226766684
947.973359066401,3576.76059716487
2498.20446887676,8027.90478358157
6854.41340403797,4253.27630006713
1519.13536593146,3756.21920043919
1109.71231123575,3380.27259618974
6489.07559258969,7366.74251432847
1100.92889414222,8611.06474538997
8043.78958156969,7018.89864327888
7115.08813004119,7374.27572110165
4017.35923652071,9104.81061413801
7352.76045877604,7527.7106377629
2018.61010923281,6491.7677627182
1227.19005922093,9154.4144675535
2567.26295157394,7818.75843909879
8212.67654219046,7769.2865012935
1176.2962396459,8991.54887381439
7936.37561328779,7337.27117871858
8439.60670385528,7453.99261941054
2859.91684233147,8884.3707841031
7631.30889804758,8117.49661186502
1638.59708551141,8036.03822063702
6817.59705446352,7915.82578538845
6249.16217868997,7882.93566836744
1942.08885858893,3603.35379840167
1717.93976892375,3720.33693039366
7906.91459067614,8772.10342313245
930.563509993434,3278.8694032055
1357.0507754885,8927.71599712303
7414.62069171801,7168.8697571039
694.135772135577,8750.89157646048
6321.27986610223,8125.66439866307
1681.78419959404,3297.31646861304
1706.6295642988,9060.97629136406
2091.48309350481,8887.69921381274
1879.23086005267,8783.64012590183
1554.97611671683,3710.6098836702
7334.88910600755,6461.48136939206
8291.39888046563,6397.10175627685
1361.33554172312,3981.47350329846
781.743221800649,3198.92133483035
6710.24646943323,7999.25631392506
946.176793088815,8578.34678971088
6866.18490411727,6681.80494638243
2315.93426559037,3594.39866680495
1548.80672928208,9058.65806702669
6687.12095479948,8102.27269503538
1478.33683459292,3472.36309676971
7753.76372304093,7890.91477350481
1824.34763658488,9121.08533294826
1352.7398187431,3715.89090819597
6603.46058041526,7664.65059955977
6876.05525819614,7514.16006763325
7738.465691168,7710.47188504806
1662.45479856756,3371.36213621281
1505.58229825712,4044.47729579288
743.283270231334,3249.23563994394
1591.05329273187,9190.08810226703
1699.99133047792,8509.75381408536
8791.04886981012,8276.20701961529
4374.03687967656,9567.18267122724
9314.84488443188,7408.88847671234
1842.64428559232,3855.41267994131
1549.69651350495,3289.83951075128
7354.04991146002,7488.57003562911
1855.37006724788,8962.78572417273
2691.45757795847,6394.17974714993
951.866357116813,2933.63150250372
1888.15481931013,8525.52068962294
7281.73692345899,6670.41038849652
907.629768800582,3975.52768474522
7834.0312302949,7758.28547883487
1985.56612341847,8625.43576644289
1516.49506408714,3635.80633928022
696.132123248082,2981.25170160155
989.095779252967,3237.90460893559
798.149767944502,2926.86014884705
1996.51424616966,8980.3415012501
1954.14885886908,9047.87615581444
787.066218080486,3301.59470565397
1293.82685032267,8919.08452447296
6634.66829646278,7603.53393475448
7386.38390190205,7874.60733551418
1771.81996992878,9054.37809088784
7589.37361190493,7538.35460672261
1366.31882091467,8844.41752301056
1594.87348833522,8564.4331569659
1595.17828252413,4007.16517674976
7206.88880982668,7094.19241585695
1387.90822563402,9014.09145109835
7079.72200088913,7249.78926481299
7783.99002191379,8605.08764239376
1415.40070507775,3560.0339451033
1890.44445026586,3791.84346897461
703.476722593543,3300.24889327647
1211.81266603803,8941.73123067105
862.556860709948,9388.33806187581
1308.80819267298,9239.05792870095
2069.69874747245,9229.02180981691
964.292315014227,3284.92678917842
9275.67176618504,8344.67070170413
7501.57975561161,7639.31675075477
837.661177684105,3186.2906941865
5258.3749510528,9710.39118257487
1531.75679919452,8972.86744778423
1184.88489759672,8861.74145528431
972.187830999061,3168.58796794889
1790.1149737897,9031.95281356999
1808.21502831003,8902.68246148536
7315.15341781128,7570.88713213483
805.453907350754,3084.0817753189
901.500903788004,3194.83422210875
4196.02290393263,8317.00733760133
6031.35155042032,7202.88796251692
952.494440673393,3362.69713430231
2851.08753799134,8228.38486732842
1445.165657813,3684.67795937667
7762.34267770271,8188.61948428511
6790.2249782739,7867.82780372823
7428.23595333341,7280.15119290921
7342.70923888586,7426.94044747382
2069.3016911731,8830.42526638246
2057.27824213312,3833.20450003573
7631.35939693681,7570.30736744146
1257.23330179671,9099.94701840075
1222.07707458324,3548.49750466118
7404.27800370499,8387.94058414254
7891.20517577387,8021.76526037945
673.4774753737,3068.39662706998
7466.69276307652,7829.42554299696
1518.08842479888,3624.29022390952
7105.26669204236,8157.18331518313
1349.28156242689,3474.27397928033
1729.85160680869,8472.74581523599
1014.02313368428,3333.48177116825
6090.15030143032,7984.12438048781
805.02710412511,8572.63059100574
1542.24975394252,8903.09700791596
7392.25552008087,7518.48056510245
7811.80504912957,5320.72324516553
830.193135717125,3302.17272793812
1944.17411551609,7475.19051320443
1750.05666435826,8684.72048646549
7708.01531652244,7473.1704321109
1558.82193747153,4169.56539821481
1404.84829107236,3633.59736198972
3625.52159396531,8355.92772305229
1441.07509362876,8244.39722446992
7399.3689610884,7841.073853464
7350.69328338728,7666.65382558747
4988.09245383737,5217.37872998689
748.65700661713,3198.55416429978
1073.69672396714,3564.09124352727
6400.89954149692,7768.38778677559
7146.41998719051,7667.95539442506
8013.43339357255,7554.7372070371
1799.2787799105,9124.73981821323
8679.39450422952,7167.72368598714
1505.60769047258,4355.04237003915
1389.93425749704,3434.4537905027
1355.60548198742,9261.63179150252
7951.63949240653,6482.82792084117
1366.1763019002,9087.26364929551
6670.33162321523,7782.75830074556
7051.85261027793,8074.16572566011
913.920089440639,3688.1976046172
1405.90050367178,3709.68960980189
7505.52799080435,7579.01795791389
7207.70730696708,7635.75290527388
1515.31068117887,4253.10578293818
1681.81607512717,8788.82591884635
1423.39429378717,8484.15233108833
7076.39097690512,7695.41616200976
6981.14030091557,7306.59032333941
2342.89841952192,8226.34709628719
7896.31254577024,7803.63233753056
6257.31997931251,3603.93013813073
7511.32870336332,7149.39849551929
2477.84988131252,9532.41515772544
1175.01721993219,8682.70101417586
1775.21946159811,9131.74174795983
1856.68759278339,9153.45496525026
1570.4529663174,3651.07097840288
7609.94177692212,7967.68171637514
1576.56666584333,8194.33481689397
7193.46735073666,7302.11267768603
1344.81689781767,3749.27947720822
1169.6777245293,9006.09999308774
6935.58089414565,7214.18612339502
2155.95878604184,9154.94754114631
1675.19933966627,3976.634310195
1300.52205428513,9144.88464857752
7654.82598072271,4968.031964573
2036.72774064329,3927.42839340518
1729.17249987112,3744.28652593333
7957.61717818513,6002.84913315881
1929.09868850681,9085.24256962409
1253.38109459666,8923.67858260361
2302.571036491,8157.15529636981
2437.12076010229,9058.40354040067
7515.51842982927,8007.77813995433
2082.7318791062,8901.31647538182
1241.924433735,8786.15989031829
7775.16310188316,8423.4084189987
1130.19769035896,8710.78316332419
1155.46155549429,8805.78126913298
1916.85256365415,8665.8986243962
1519.90240546636,3697.59889946446
7454.28677558166,6367.02955646989
8644.26583628579,7972.20671536557
8996.88180112598,7325.2783565279
7215.90968403899,7744.43937604385
7365.01853653057,8219.76762721728
7087.22149155275,7494.71415533905
1245.75201964203,9210.37969334555
1124.67919233464,3569.73159405363
1254.1411118823,8905.65859143842
911.173077104325,2919.14540563902
1521.77499658266,9112.75341079501
7506.27308829441,8373.93241055374
7094.33348331159,7198.77275684946
7237.58030956246,6949.94655814508
1219.31617550791,3318.49705592082
6618.02837355061,7725.42199817786
1966.80718723302,9239.33568326384
3201.77424567828,8725.3449617887
1879.32736141448,9022.35913284552
7236.70626715962,8062.30860335313
3334.47498399998,9162.6987397591
1146.39723672345,3560.53744160051
1378.92327818663,9214.36157452906
1785.04799274465,8003.55843328835
1299.23894965364,9045.06149270656
7124.65748973502,7316.89781162592
1229.18926336503,3349.51373603781
1429.90298202111,3672.52248186689
8393.90335688609,6814.71091857172
7828.4781311707,7457.30833265678
1195.39768835388,9026.52729852737
7515.71913169039,6499.00944080305
7678.1916258426,7297.72684632186
1242.30403054145,3909.18331135611
837.867203349111,3552.02757715889
2056.29760913816,3649.52965107129
2794.94095679136,9180.48910709941
1850.14738971714,8870.71283888898
7316.56687551844,7909.40324473167
8314.03175618669,6653.8896872607
1517.17147299715,8923.62456618784
881.255948861091,3334.32755975134
1726.55672190556,8226.02631062611
1331.04839246221,4789.66683575147
7244.80203313142,8145.68207775109
1216.69768165983,3875.11873900782
1757.91581353989,3605.41891671191
1006.18590451913,9246.12051763623
1129.97366256885,3355.42650864848
3819.91969897333,6273.29710602328
1837.02652669932,4059.50901788011
969.699421207221,3346.16467866186
1789.9543636742,9114.96434562222
8228.54378441268,5147.37164088569
2296.67537469335,9201.67277872643
2907.30748637085,9215.78375085341
1799.93392988715,9381.83867090295
1443.06499628206,3882.43836465948
1257.63877515408,9085.76633837533
8301.52133567313,5683.18681229628
2109.87166808569,9151.94505351552
7402.60542385209,7377.63907798927
7129.63726973119,6361.88112650231
7543.69078863152,7425.30663207199
8584.28820770854,6137.07722844028
1209.40964454827,9375.41596305372
7054.12367108528,7443.36012521514
2160.26529848403,8867.72005449465
7142.54233351937,6963.77708019475
1336.50471581572,3301.26286854951
7075.49294639307,7438.12370803961
7632.66454204025,5505.50187111626
7233.5151656173,7472.27549653067
1842.85892858492,9059.38232665565
1766.44913680537,3511.39759335252
1428.49061568293,3493.58185500678
1342.6819452323,3754.64790795352
7673.33011919265,7527.71792304948
7546.0309530853,7499.21422622288
6699.39379860242,5652.75713595047
1620.51286271381,8289.45820651835
1833.6198170912,8761.63954852549
1586.57149545417,9095.62341158788
7709.48766254358,7656.92053106761
7627.52338901069,7776.19685803688
1516.48315105087,9045.47007471572
1770.21447097191,9534.16476317411
1396.42525308611,5068.21451716105
7474.49099126806,5189.95294253837
1451.29166712828,3588.37165962747
8496.99474677346,6975.81333959776
1650.29477185055,9027.69969283814
1426.50498160027,8593.50488396495
1278.76273238889,3593.01903893197
1019.58679188504,8759.33163691555
1159.21424633425,3409.7795138767
1612.2391394192,9098.29974746813
7999.1677201967,6376.86753000705
7018.5356279154,7332.60830692982
1659.75226024436,3094.31319350024
7868.46902903069,7335.11979216299
6731.80935988466,7825.03326774386
6798.1458271396,8395.20340122757
916.600060591649,3372.20216558822
1295.58368871714,3288.49924482038
7431.33362590195,6843.89828933884
7573.66051072307,7706.92041356199
7293.82341465069,7814.80024973665
1763.32260833757,8470.86685358455
1295.23090968282,3372.5799889716
8796.64467201463,7556.34100682682
8204.5667938098,6918.38919340735
2065.02115760071,8637.23099966625
1792.26707938938,8833.11730775606
1853.19709342979,4201.55352214721
1659.61748412151,8907.48527864328
7223.02811917073,7663.03668286129
7365.00850248411,8370.40413026406
1304.75084268452,3133.63702177378
2343.77291482493,8938.74846877584
1366.88251426394,3252.20778270163
1075.63275450801,3551.99431953025
8794.22525534915,7294.38094294457
974.409291378216,4408.17654885832
7633.96643016361,7276.14123993304
1028.96479399691,3346.54225860797
6693.28188959342,7953.5408813424
889.406750627645,8843.21208009982
7957.86581821287,7965.70336472965
1265.32333576941,9276.95738473334
7659.97658769699,6949.23572859646
6777.33802620366,7412.09593441972
1440.73976407216,8827.57333291236
7456.30271735288,7588.65850040263
1364.77726482429,3426.50104065158
1513.09586631467,3871.56241462802
1182.05930908641,3427.70473291736
1683.73782607668,4469.1728829537
7247.71400219614,7854.94770689118
836.73174505894,9247.96954043853
1139.73970053625,9246.06870424249
1736.92335231314,7408.9673292057
1840.56653180157,8749.92673486833
795.509098150561,8758.34464360818
1382.49827030322,9407.08256427305
1822.76777467216,9201.90446010737
7439.27914248789,8116.34064345546
2000.10570662036,8988.1076007821
1479.83977683802,3803.01860227475
8403.10988125993,7381.16155069426
1287.04149760416,4145.77598704514
1821.65474872077,9058.43855837503
1327.61566212,7850.67428440328
7774.28030068929,7553.7656580461
512.3403435491,3095.06919337889
7423.27580510419,7395.64978371238
3173.60722958875,9506.12949896601
6896.49686901117,7130.66176358486
1586.960833423,8898.80437159926
1106.32807995801,2788.63917632803
7098.45187506184,7607.29908004478
1907.49922447387,8841.195558594
1549.31479146868,8897.60713361282
8719.03518542248,7603.94901291957
1296.30510133444,3235.24069437637
1601.81667313953,8800.25294856211
1550.40715464848,3818.53887326548
7263.43774734097,8007.93067409464
1383.83884976143,8960.03926560316
1410.69316653811,3595.7657879912
1786.61834336943,3925.16459762947
6783.13999197613,7817.30260472042
1513.81231095936,8624.6027211727
1257.68884063393,9176.17782273552
1243.59760707443,9146.53453549191
6541.18167274863,8022.87851766062
7667.46805659328,7963.52689303596
1449.50475418491,8278.81237137892
1337.87508292095,3735.56692452108
7506.64753364221,7773.26455730266
1943.7377849443,8715.00337862125
1220.13263786727,3742.99733190527
1433.93960899372,8811.20999136471
1607.14694312156,9038.87561893045
1313.1013116337,8928.37582982806
1898.82965178543,9212.87258291721
7729.82472846271,7765.4159173259
734.021087309118,3137.78222825048
8558.29055865634,7629.46461491757
2476.94858884974,3050.27670116874
1485.16794530461,3400.43558879533
834.225376313806,9100.41468511581
1848.82640027594,8564.90976823248
1365.68735316611,9247.54799893655
2055.46067977344,8702.71234577473
2627.80909003631,9095.07050036564
525.805406081125,3365.1498891846
1352.06293778482,9414.49075974523
1029.19061753345,3556.07913943583
1423.18665880231,3137.43547500368
1582.00903558683,9183.79232887815
1180.70164480627,3263.60878811037
2582.54828501689,8897.91005118433
8643.73441787014,7896.57818319941
7714.83176418018,7641.66875052775
7276.66120790397,7347.93535926654
1716.26659516889,8463.73441638408
1277.055128641,3471.7584104123
7235.78269783322,6278.18150493564
7252.58346995704,6973.23846957703
913.920317369572,7664.82120261099
8392.69506256336,7138.41652393242
7456.24940386331,7600.58504067897
1818.19015985373,3295.87343163998
7174.80673212264,8301.38940260947
1771.92799331558,3957.46175244014
1209.27374811991,3604.22249319569
1451.53307302969,8876.82318074525
1194.42303942312,3739.88555536551
7338.47252418229,8400.98933230465
8184.85532148562,6730.62523175541
7109.15072610651,6655.65543160293
7538.27730230535,7797.80676372791
7588.20292682038,7874.48795926064
2103.22979716152,7923.30822125209
7192.0114887454,7527.15768734025
1693.79497962687,8746.07224403155
1315.95719386407,3621.65693744614
2148.87624204962,8947.12513766141
6731.69107876936,6288.60969149504
1439.61831697129,3812.73333844582
928.869325598656,3687.78054599687
7661.91743288854,8333.90682513338
1870.9012097923,9212.37330505799
1889.88978328505,8526.2961366265
7704.74789744641,7573.08462168617
674.716358433777,3131.97200653189
1097.7661658084,9252.85329000254
898.565074931986,2962.36313809005
1906.02545963112,8850.33370042124
6313.70331769633,7538.94208784192
7678.30757033949,7206.83832156291
1704.75014531751,9317.43140801193
7544.33588227488,7184.47599055877
7958.61967109535,8119.85259964513
1157.8510085963,3404.21836911916
1605.20450299424,3917.36188799779
1005.52008844557,8944.23958280149
7000.52370513365,7770.25943760377
1874.16791662181,9147.42126884173
2106.27420048536,3870.08380124579
6422.87685420991,7631.80677271883
6732.16369106079,6607.02148590763
8842.82488537168,7475.64803232107
1265.15639176457,9028.85652944964
6928.23777179649,8059.32881973787
7357.47837056789,7973.28698263907
8031.66153350375,6662.77947760635
7129.41016477184,8307.40521893409
1700.33413636455,3800.41125418982
1494.05121196106,8777.42112190466
1786.59594863901,8375.9573008822
7525.17278385155,8641.71088253849
4468.24748267378,9053.04494363508
8503.55548184795,7603.21705990372
2075.36487594423,9116.90534780248
1966.05086272415,8590.28729520733
8506.07202733948,8019.4433150243
7628.96005080643,7818.61308827277
6869.73777703994,5006.96656622775
1029.68454362017,8884.57880869732
7418.04904956105,7130.21706149398
1284.07284629812,3844.97062984021
7526.82982795717,7737.10053157496
1302.4070034781,3431.52593757539
1644.47283080416,9062.33003644765
7639.28107320857,6719.34501242136
1451.75784839515,3814.99219084609
2095.46870948514,9155.30702722112
1285.38536823658,3617.9800694715
6736.28218245371,7656.82771308493
7400.12441023761,7708.03632349302
7752.82338234096,6891.20036673971
7334.22256751681,7192.96147792304
4963.3496871215,7527.05186210365
1276.87709981021,8975.68926400467
7778.66284961997,6744.83672320133
7531.23726794685,7316.83925350992
1597.92270760356,8333.71391873469
7804.69778856688,8014.54450415818
1098.54804944553,3298.66290351844
1602.87409432271,3769.55022624166
1451.29634000782,3653.47134232164
1069.43002589253,8871.82012022197
7914.33060019303,7582.3184339619
7809.59976312616,7977.27029902747
1424.55000363619,9279.57823111105
7729.39052789421,7146.9599064588
2027.3553652449,9018.24510397227
408.909669749396,3420.90660888866
3260.05095484966,9207.00034369341
7517.90616008697,7526.5679895804
1593.27370198355,3587.7544425524
7118.79120849048,8261.18446434442
1113.10356807865,3500.89525136323
7994.77549957486,7621.64109754945
1608.51821803522,3656.90428636008
7860.9300995301,7814.36500282214
6667.37079322507,7348.95550854891
2849.44682171312,8442.95596304134
7148.1866651006,7329.766929302
7546.20745222054,7864.87614649453
7783.08884254995,7210.19320359714
1338.58156077556,3338.63308771403
6500.63224764834,7351.19804850593
764.689866648341,8174.26081965425
1912.90708357715,8257.18459099938
2394.35346927294,8385.79017555522
1145.61081175351,3628.25169284085
1977.41174497735,9168.08393328755
6698.35372248285,7527.22372350631
1743.04919457465,9107.4969921792
1367.96801487951,3104.64402439716
1276.87459664808,3652.24607437756
6813.48690750708,7724.52016686402
1855.05584986151,9118.60503148909
7812.26993662154,7992.82606189184
1128.52694625464,3364.20448054001
1184.77807992514,3385.87997905668
7401.20715240528,6666.70344965573
2961.78092511021,4357.33788697719
1674.58734865374,4068.84243439019
1215.86591511226,3116.06331178343
1822.39573379557,3587.64352394461
7505.03767149223,6831.38068070962
1624.79641122344,8218.46482224239
7473.4691191587,7625.01176651205
1095.21364282408,3735.77620890348
1745.25270684042,9124.63635971894
6768.47132589551,7670.17980531856
3364.76125483821,8623.08290990041
6036.71174492083,7016.15117340372
1414.29222700325,3532.10859036283
7823.5475864108,6263.10685499082
6432.53195411137,4100.95788173201
874.031452959546,3533.25384270906
1538.27587964346,9172.52681817217
1855.8085385012,8324.79191645148
1402.32609413529,3460.49044766528
2251.06466596333,9063.60110292058
1761.22075464094,8938.6686806755
1587.7582224886,3616.83473452818
8290.1646698857,7888.62676347584
6998.89506788777,7917.40862449192
1460.87278044842,7797.45607724824
1476.29141512608,3840.41287137592
1445.58514621976,9120.42547621371
1190.38291285141,3731.44494180931
8111.67367883275,8674.33613217775
7228.86535505191,4839.65873742452
7733.72326402154,7181.70208434916
8683.00672808227,7103.50119583798
1209.93588855652,3653.19651527306
2071.7624873992,9033.45142797429
1514.36124030741,7776.61251228651
2586.6415920754,8864.26419282262
7354.00427301446,6996.48031267912
1447.13727205837,8881.60814768449
2081.50873347049,6017.96075048061
2360.38812379708,9251.67323412829
731.626041766998,9284.83002732617
7940.24232814133,8084.26399621506
1111.16753471741,5472.43200145563
1934.617412204,7806.1859875891
2013.65180319897,8714.81971158752
8039.17989987526,7351.31973356518
7086.01052164678,7374.243715042
1109.72074411446,3725.39587368028
1454.69347417659,7425.16936878718
1676.59837330346,9182.52214471386
8221.50787704214,8360.33076445786
8102.38955605486,8226.5179881941
5788.16231534104,7484.68525374778
7471.19656537957,7378.71399711757
1181.26040772006,8990.3437584141
8644.053461811,6919.87760098369
1151.82258817853,3497.45948018747
1849.70222799131,8943.11096593358
1555.26764544899,9121.17361091276
6975.80918426936,8072.41715072256
1866.55761616551,8737.74715283099
1091.38974391157,3292.59167251158
6995.50362011829,7939.93895285387
1831.34679525573,9059.05530667273
7701.11028358161,7900.59340450108
1096.92309018657,3401.75900503915
1020.15422794046,9020.17687061872
7526.83434352492,7841.25276957855
1374.10771088136,8957.12826375552
857.405114827955,3142.80509880703
1411.67084926984,4029.19444113077
8440.05141586119,7673.51041656227
1069.10790165721,7696.37176626177
1779.4090869096,3934.36222833281
7428.07655608689,7978.35144441013
1890.70753178134,8183.06125018424
7735.41151134301,8337.3925560119
1504.58076463102,8561.95057035044
2559.55067237768,8447.48616607324
1822.46469949668,9156.70929501608
7860.42516700845,7571.769384027
1949.36728262427,9243.37828325266
1279.63796006746,3528.55603271452
7778.31720962175,7061.36072562512
2796.92893095373,8129.81020808588
1639.74754048713,4100.57333244067
1008.49238734061,3418.59462850309
829.615873693652,9020.03938095566
1652.26828038869,3662.33268903624
1537.28181765744,9013.54049088294
6987.5338834565,8476.12670694233
8141.26547210209,8569.89635005928
8107.24827262514,7942.83570343994
1258.13235597348,9370.86461698685
1786.94778773613,9394.47719118403
1257.72516817608,8710.73703590946
7706.48665969381,7196.70429724706
6298.17379487703,7901.6847343874
1862.00197711562,9242.07431410053
1973.94097967406,9000.23289236728
7513.36577706396,7316.2655223494
8083.06200296749,6213.75436106196
1233.40597280503,3712.51886945635
7176.59001136512,6787.85528285134
7119.71522440832,7715.67002806943
566.071690557581,2901.26157638128
1476.37296748072,3706.04774645557
7521.30125661642,8370.64481078578
1376.1135631136,8699.15833673789
1286.04788950117,8719.07173057912
1817.50588489146,9211.37314700314
1579.31348382514,3846.45788563199
914.540592117466,3422.29315951372
7016.10573958166,6947.96561028792
4849.87080921517,3887.17142631065
7261.44000383485,7553.09889135147
7211.52042619207,7879.92600174823
1244.89443463193,3593.54409245891
1653.76555363972,3678.1685054181
7484.78807717784,7360.4710918167
1970.76728398586,7612.85426201289
968.282087206517,3371.55200681765
829.192613829502,3721.1391595971
6936.40694521491,8037.35502363625
1362.60605364347,3671.01203292176
1115.09025605267,3283.00428834208
8592.52430717668,7316.63188654917
947.512636020664,9020.30311474467
7464.16700839426,7046.45887115433
1470.13005204958,8637.80901674078
2643.11932621794,8185.64382574368
7909.10011865663,8133.61019129356
1333.68203972738,3628.49604847735
1531.49915804259,8222.33768770163
1330.58236162217,9273.27061111808
2549.08625564357,9256.24573347839
8335.31821497283,7626.67280819639
8000.8383066348,6892.29418188383
7694.70972697344,7899.23557612068
7153.8963948092,7822.21603668528
7522.76686593973,8022.42754123103
7330.28830244191,7995.76646600992
7880.86273338127,8319.1419134786
2262.89702566263,8531.54423297651
7197.01373990912,5816.65626292719
8131.77489842137,8009.87879334067
8431.53268222707,7373.6537267469
2253.34503821515,8337.75153126073
1738.97450385576,8965.17569732617
6640.96000725656,7594.20831411365
928.594746625944,3294.38514786438
1309.58485936242,8878.64852359743
7491.19432522867,6762.95399189752
1516.28764576176,9005.33054718371
7874.61804256772,7193.67721378919
2127.05931152895,8616.33225670118
7831.04424948933,7757.18234459804
7083.77502940984,6724.27771701444
6736.8397482588,8250.60581644238
1059.84637781412,9265.1837768691
6819.37634403423,7185.92307709361
903.711484319373,3148.28118618805
1013.70027324782,3284.05088474266
852.103722299211,3084.09367422859
1838.74044471262,3583.28628330159
1664.3058455296,8413.56959253834
7706.46216747042,8122.19136783105
2348.98114254389,8123.91255278385
8306.66393679191,6264.93268177268
7951.12905363043,7566.56321982638
6986.05665898106,7635.81584255086
8876.82520806654,7742.39479382323
1190.19586080633,8863.89582162034
2596.17005690444,5835.83582488405
4563.34968096576,7988.03660518366
1331.27733249884,3642.51330658995
3795.23293695177,3718.37141452584
1083.08882761706,3373.08239746851
1556.5711556272,9153.75584437392
1785.02556390535,3666.67033363586
1271.99726735789,3034.04693278265
1315.67555852149,3185.8947712565
1710.22788436719,3194.90115175249
7787.95808811464,8266.19311388505
1265.91056315546,9135.19901254362
735.269292080229,3236.315593704
1413.00584103809,8939.61612789487
1574.02936096986,7705.91911603038
4788.60115377128,9198.50130725848
1017.90740697509,3189.94163872439
7638.16080023843,6237.75385446729
1402.05844681952,9058.28982609162
1947.37934133387,8654.59276674241
1140.01302888054,3290.73340483531
1620.91229989943,4057.78472537665
7085.35962637811,7507.03815433489
1550.64049157308,9015.17191842196
1571.34967752713,3368.67617993603
1232.53179538076,9230.01764287567
1050.76557178633,8644.78295142202
7353.49480099508,8115.32556171482
1762.29396258927,8880.05493976389
7521.43506972036,7328.43933678567
7597.86566355957,7841.05789271106
1591.85078386371,3656.99892586254
1409.25084784593,8854.2933247348
7455.79773931755,7706.27216519298
1522.33114850583,8982.57794685573
7983.63626235844,7744.46463763213
8287.58513270994,7363.02929802143
7826.23274347985,7939.2905684349
8259.19873366831,8028.70150568314
1771.00043555807,9382.81281234559
1826.01391572896,4162.25322661207
1259.85577016539,8179.61741142483
7142.83662711576,8596.35341682746
1716.75391115659,4197.25282593715
7346.9257450933,7941.617042174
6577.9916494375,7899.01123811732
910.923702763853,3256.27159387557
2517.50933802323,9228.30766497751
1070.22253886659,8365.12401010525
7564.98251057743,7729.35482919299
5583.02051273193,6602.64942671397
1383.45741370563,3735.17257098787
1309.55454966127,3560.47020343006
768.933145346591,3301.86899588189
931.609884398273,3495.99850200949
1259.48123725797,3548.24042709967
8287.26329314901,7862.38549237425
740.423937752236,3009.55676817461
6622.64442351823,5333.04124655098
8080.69456148995,7523.12094405749
916.387442137321,9022.53984262133
1706.64464005715,8764.17023145116
8023.19593594615,7391.29403247891
7234.79020903357,7829.29273771986
7279.34293087973,7762.40710751702
2789.49292811925,8589.76184474564
7854.01310054224,6998.60193409483
3342.86449011516,8055.83863199331
8438.27052752173,7197.64888032857
7724.69347893707,7680.0726452159
6640.80426730158,6966.83164520346
2707.29642775152,8241.79495958445
7424.69297654713,7218.80583317716
1710.85325863541,3413.55098577324
2505.94676101692,8640.62872130985
6785.97924503572,7578.14246860901
1797.24472288082,3915.10964021265
1563.18216130595,8915.93929925835
1262.23362292066,9302.05068448193
7195.81437373406,7865.31241319353
8172.39885354683,7780.11996790656
1686.32236171239,9070.05382949149
1742.27278252397,8380.87149833078
7404.00826088156,7563.15669087235
1084.14415931102,3507.75989127236
1288.33381309126,9102.73130173462
1202.18213519618,3612.35991906866
2121.48884636111,8997.20847280784
1373.73793525161,9323.76177159409
2620.31273669382,3777.05694897933
1595.27678577741,9072.25733141958
316.4612376358,8874.67299406833
8033.91158981528,7087.46041592039
1095.11428626668,3680.58687185023
1274.45007542499,9420.91362686379
2874.80872915194,8980.45899245094
1564.12646430434,9241.26910801891
1231.67820934043,3612.42022661286
1466.29850562522,9098.22354220313
8217.61351225299,7227.71453369202
6530.75776152651,8553.64022060516
7716.22094353893,7917.42927185822
1613.40242103245,3593.54200073074
2073.39174495796,9408.15576616825
1829.41766344383,8808.27745876296
8060.03326755975,5643.31383257533
7676.69617091424,8032.39969867909
6974.89602806257,7757.96590197801
1601.52705831424,8737.40539691099
6521.32951320574,7726.28477919367
1850.36853502062,4609.74374234396
7645.32188342585,7819.26876798087
8493.55804638838,7790.80055115781
1529.06633769942,3442.15544853288
1030.27953287041,9020.52226735574
7364.96257013442,7863.73870047085
1382.67830082217,3312.06117707056
1358.95862115035,3860.5306129504
1433.22965584733,3491.45953718868
1496.23721571525,9052.51106200841
2255.37293460305,8567.59076321305
2508.5858881299,3728.76639907843
8180.45310965547,7846.13860614156
1146.85121981053,9292.05584590127
1889.06707222245,8422.46318282165
4298.63198461181,4137.08614050543
1203.58655055118,8846.99039748724
7573.73247982136,8177.18172795477
1107.6496432626,3140.44929451242
6928.20619642989,7838.735137917
8579.01453140938,7886.76489814077
1090.58941004193,3402.23994709476
1468.91577631546,3824.96564816789
1523.90616527913,3264.33635664226
1207.78717473594,3226.75381881727
1398.93713787331,3424.33843171977
7188.72677006952,7908.11428917636
908.91565990229,3113.40131462384
8574.7029884402,7743.62950138317
1063.24609677421,3362.16514402451
1284.60234760307,9041.84008809173
7462.29682758546,7550.78258574521
2207.29154323789,8895.56702185946
7007.52309225708,7041.51807619455
8462.29106748395,7636.65916665455
3624.03643787129,3373.67026762065
818.575361942232,3244.3400337187
7657.58056438298,7981.4001513973
7255.51423849102,8225.57335161709
8177.72735656573,7418.37005017375
1641.71737575343,3767.49039241507
7508.20456196377,7857.08705946825
3800.1749580453,5300.93315812408
1597.94688920225,8357.32397070488
7912.59462231798,7313.03394653716
1545.35014220005,3906.01459625807
6648.77821368031,7312.18150117972
4219.45356556841,8633.09580233916
804.357107253681,3240.48531127408
1587.04985517499,7560.49232983905
1271.1839459796,8885.7293871275
1176.78772471892,7685.01457241918
1922.77417410799,9207.79115256919
1149.78949950532,8826.75240163325
1903.11028522807,3568.46281630933
1392.25266573796,3556.8444592794
7264.98766075748,8325.00170581459
2371.89620781392,8948.44491213294
2160.64003020352,8748.46952027032
1069.37381797798,3377.54561795436
1752.96076106845,2598.568788163
8593.2954093296,7189.08673099899
1310.23154430881,8219.42659491077
1007.19612040948,8947.17647124064
7523.59879461433,7526.12252598192
2357.70746939083,9820.47999391977
6735.13571868454,0
2761.28989123121,8757.42546891948
7509.24224581795,8044.55652985204
7426.53478328929,6310.66768342856
1980.2061934853,9249.40360223179
1517.79239229624,3614.46326391643
7364.79385524275,7549.26850545377
7817.62984829566,7295.54265178573
9086.88546975421,6316.51481010737
748.257443229358,3177.57995665005
1639.26020094773,8949.63779706811
7351.35531234164,7592.17583115656
1701.70226375043,8661.008118004
1018.49183357709,9134.70850408854
7517.40221339052,7856.21194812875
1265.88610164827,8690.97005015878
7231.85316570848,7437.27240568556
1363.65909663999,9065.28111423243
6615.90521643381,8457.45918934884
1615.44388734542,8893.45608341113
2203.66192853609,8743.54346108903
1167.66116813195,8723.79924761635
7479.59016743512,7014.20986876103
1044.03432392214,3355.82577602338
836.489589573983,3219.46713671334
2844.96512272433,8863.46257778208
1752.16961137206,8711.26935782125
7809.04895888683,7172.17724895891
6568.56980579802,6810.42405261931
998.993671336655,3451.25240597713
7403.43073187476,7097.83876506895
7729.23841382105,8152.12680012247
2428.42627207633,4266.84633806012
1815.22178053097,9008.35208222878
7117.08682486174,7022.01878342479
7366.40579511368,7681.59336306676
1672.2048080138,9261.5542452492
8203.9970912177,6992.98428810122
1606.09093393408,3540.33326071784
1391.01817248205,3673.20739156474
1624.80948942841,9509.19261859068
7375.05464057857,7762.19014750762
6719.02506254884,9040.21480517565
8083.12785255061,7920.31039734144
1394.29662511309,8448.85652175119
7936.88900295392,5241.8500312451
1377.606482323,3429.99762221807
7199.88783755662,7986.08650617923
6508.63941784322,7783.57495154327
7938.94802633075,7690.99336649074
1397.99853258895,8246.4478205179
1268.86327618425,9188.41801004938
7724.4524798752,8105.97536452923
1207.77333330595,8968.64746200979
1198.87123696225,3968.26378094794
1637.00295951182,3538.18349543787
1647.5707547125,8122.26981935369
1159.21978968248,3295.76191691019
1358.57619134892,9164.71945866636
2034.56735090842,8722.23474291976
1259.46133519365,4073.189414904
1231.67130730174,3545.02057256919
8121.37899146082,6685.95945271717
6539.61392068558,7230.39300478976
8345.90440498755,7678.24659744988
1243.78050236598,8918.62954937118
767.437810756085,3304.88337735063
1447.89628713751,3699.62229009092
7001.29208164651,7181.44979213359
8250.03041115729,8104.36946437546
1370.39275273938,8543.4420520471
7488.73107846529,8115.19088008277
6729.07541757065,6077.83061623706
1539.44864578123,3681.43243623228
1000.74219671076,8639.5012934596
1489.9283609841,3315.6175421892
8112.28458398217,7918.13717299273
2746.52766277232,7733.51003003188
1005.44475620774,9211.04133082086
8580.83397881093,5580.96103238692
2807.14436409964,3570.35473174689
1655.48464068379,9058.34425155694
7166.64843176002,7789.59948843223
871.933969514396,3063.55616424417
1144.19589499441,3645.49426343317
1319.86688142764,9036.27607366204
7466.55519519643,8267.48339818513
996.921840513251,3448.09878983519
1236.77667209086,3769.92241931516
8159.2581703379,8064.31332454441
6875.48441693834,7417.80862952808
7159.79952965357,8169.24335474317
1651.82247878353,8806.77673590501
1472.98821272406,3635.82695193638
7456.78568041067,6814.57564942039
1240.73144319552,3205.38458800339
1843.26061721342,9126.29666054924
827.674305530847,8724.84197144947
672.379158600868,3185.28862741329
8677.21346648919,7094.67401374249
998.403074917671,3554.32359080152
7344.03140709124,8556.7817753601
6739.07415083299,7774.51359931081
1027.02059517294,3602.14205856196
6901.3774301928,7917.90939194491
8886.07287150118,6155.96822311088
7435.35627125994,7700.39224895441
8038.35425645015,7803.99951280511
1084.62894093186,3690.23828653358
7863.38291893943,6906.4052304206
1417.87013564495,9009.0559720307
8265.037862799,6896.51083981691
6486.59734693803,7100.83644849844
6608.97379357554,8209.50904881425
1369.83084737268,3917.67679934126
7635.96938345046,6267.88478075079
1392.26221441725,8570.42122089255
1604.40036625574,8951.2063128888
1083.53873301967,8855.41856311186
7621.71830682325,7999.94118899076
1620.72598662283,9102.81491330966
1958.34227753498,8940.11767726877
841.86499813448,9223.02258895196
6864.54140305241,7574.87175951483
2583.97843098629,5478.09333759835
936.201460453352,8768.45310737145
1680.87639589641,8797.84527498489
1062.17482932002,3424.1157156237
2190.6608439161,8999.07904863204
1439.32327126834,3636.84979265542
6452.58526567713,7112.66567144834
7136.53555758853,7510.83585878178
3027.45353329416,8621.97615365486
4043.70097855208,8420.60500011174
3168.41815419287,8520.15951975404
1334.62071862107,8982.54712075612
908.900579963568,3697.55036216252
6931.375013188,7600.19915249243
7539.8119043743,7171.38671955287
894.314819853808,3423.33448629722
8168.31389793648,7154.28651089849
1810.84893941782,3633.35627786018
1502.37424942834,3534.37253029992
1224.654980067,3459.91055872956
1279.61088415209,8124.89125864663
2092.62070193428,9066.29086081995
1930.26932189969,3757.55020246019
6680.88813962797,7869.24093365696
1808.10703596453,9022.59880011756
7268.89075819999,7702.22564294372
8139.95009539179,7641.87280307303
859.124741685013,3085.11704610232
7596.9072645792,8178.45250396662
1637.03505079638,3365.43559888351
1265.4003974587,3219.81672288757
1066.85682608684,8252.87017042002
1333.3463116455,3597.76175973591
2090.6446069003,8046.32027485666
1434.2501931754,9260.2494525501
7706.20138781449,7361.32302571172
7300.60545196762,8413.50854918909
6560.76661444774,8177.9218780108
7756.64503391444,6962.08147081336
1703.24848888874,3358.65086288018
1335.92521165174,8850.77355288257
1228.84340150563,8811.53786507973
8949.28138704748,6768.37411442116
1917.02397463367,9608.78901285774
7348.60195076881,7901.0323564028
1069.27677345037,3437.27087032701
2812.72134330539,9191.99321367649
1416.64168797117,3474.31916186686
8723.52930063895,6834.73351766104
6235.02962568668,7441.574856208
1646.64894368919,9190.53331196745
1661.0982585587,8791.41372103758
1337.45614045509,8873.75308161075
7727.66804377231,7535.03166787874
6522.12055905157,8070.81771739765
7270.00721360006,7430.65595972791
1499.60051960418,8700.22529070867
1187.51959899675,7607.96772776137
7842.99064257402,7955.70768020431
7204.35359505362,7724.91403718105
2433.50611734641,9059.64080663571
1477.5246433343,3697.05606512448
2710.1916191071,9051.23926978618
1623.15876897175,3947.15340996406
1308.36373943975,9104.17388729463
1362.25021678077,8538.17572921898
1026.06602131552,3766.14825748343
1180.19657768325,3377.15306496036
8474.57127198395,5653.24651372343
6448.86207501907,6706.34450721509
1049.742059526,8965.20632141387
7851.16606313375,6188.39185236276
8058.1448457916,7052.35884872058
943.845082689299,3615.97951042925
8326.93030690818,7745.40745307652
1659.9358488336,9105.95314882044
7951.27964752744,7768.52932740622
735.957854481615,3764.49595250517
7592.61030641154,7538.38370701009
6502.05093562229,8439.90035990641
1557.77999338934,3786.28773712074
1758.74861622634,9315.41103153703
609.267655133316,3128.6692681391
2702.92910942072,8300.58396049292
1033.78713740955,3379.91693228606
1613.77938373822,8804.85673924611
1164.86284634183,8383.1838130312
1351.26121426696,3794.76717295661
1167.95779875199,9369.49882366764
1427.9879503931,3622.79470385032
1582.21863839352,3737.47635586239
1437.34141766011,3794.38161966288
8446.40818104255,7995.3231275603
8791.07096975904,7615.23690852082
1749.56809886094,9113.4805739679
1306.41739798602,4309.65460119141
1630.67996702766,9124.62073668909
1450.09826311898,8501.46616251545
8105.11620679162,7964.91605981084
2241.4686760135,8774.75373761477
1730.40475881508,9140.10743405181
1062.20722851791,9235.43429131222
7078.75993804265,7291.98692487702
1855.39886506562,3421.53294612019
1000.74109675211,3243.85850029339
8744.57194119649,7117.08279744788
916.108222175012,3030.48520080094
7361.42711238535,7842.97339753031
9081.04269047426,4729.32690892752
7437.61594375005,7011.25671539257
7468.44864300488,8630.73755113543
1650.45051959039,8762.32228000612
7553.4075672908,8044.6783427234
7765.13601509498,8363.49336855569
1903.89977661602,8310.44231627947
7148.79931045653,7890.19709964842
5796.47204214811,7759.41408962535
1140.07791028587,3758.14131808994
2635.59409577017,9180.95415150408
2032.69816743033,3755.22181319669
1563.87958527295,9168.0182675703
963.945533520814,8946.97051345634
1719.21945023955,9206.40752766207
7639.20400051151,7483.24433294931
1242.27085826904,3211.33773927228
2236.61913480522,9055.66914431836
1369.85410874245,3404.96446497982
7735.73596092137,7040.65484898357
7249.79910729603,7189.46762708626
7780.22250461271,7371.84615402234
8378.35684450334,7598.36008951323
7565.38993590449,7373.32929859231
1689.75958570848,8973.41952156466
7190.82925068978,7269.25816264021
1741.51484434009,3492.08255257299
900.914045186294,3827.84495794627
1081.92097355779,3462.49402799328
1444.34393354999,8677.64371507379
1209.39975685086,4393.68065747763
7649.21865163884,7535.59578715138
6587.73334629002,7198.22285962066
1324.0933073921,3804.78167765726
1814.71850122595,9124.30655345598
1692.02942911677,8990.90636198316
1868.21499084116,3929.56610411982
7419.23155099064,6992.73007164842
1590.42537154032,8145.63174639069
1818.75211106492,4529.14865291919
8423.1863844055,5954.99045822006
9374.74196682784,7679.17870511302
1053.3543282868,3478.10421906412
4825.00688913034,8598.63889306008
1741.46755817888,3883.96704898733
8184.51851068049,8271.91652459525
7141.87237244405,8006.12534194071
1040.14194606764,3352.12189202486
1215.78483120629,3316.76871456819
1105.67401292088,3495.24779592889
2137.42549645391,3974.25857988033
7635.80456207057,7525.23865330471
6826.81925419708,7196.49555400108
1437.49917591128,3638.60007316215
6948.60987948703,7247.74559179114
1412.23581006949,9029.57675652682
7790.63690871244,8175.29565696656
3560.96650088436,4090.31441542708
8686.5588795222,8185.26078258558
7021.61980685767,8290.73512289068
1077.94494452624,9055.32023229756
7640.19308912481,7168.57761725052
1205.08914655946,3733.08986564111
1648.05865222178,3600.95110601426
8821.72216182158,7332.2032466941
6957.17479656463,7964.14519411977
7651.85878973167,7527.30822559016
1959.29061043354,9439.64181420765
2143.58856866185,3443.58038148692
1736.31244384127,3978.01834697745
1417.00264370933,3652.0073586308
988.365833649684,3131.73368806755
9062.05838709935,7325.64067667379
7753.59889174921,8266.91489084615
1162.01844056948,3411.05290214759
981.971271441002,9248.36328111326
1585.0989007298,9002.12546646927
709.94582778017,3535.03980649655
7677.18423690614,7792.23866466398
1832.96723331267,9296.7308693368
1394.78606270452,8829.70386340043
1448.4939478815,3528.65133654814
2215.94989570495,3701.4836263365
6640.56022393947,8175.79037736808
6959.22413733626,4417.80296323773
697.952973765142,3177.38020917512
7336.19135525744,7997.48424072561
6472.06548800029,7182.35059660998
1478.12048782983,9202.15837239204
6838.16343437116,8423.56080597007
1896.52836335938,7502.26658138582
1447.99441079067,9119.47957913615
870.653721663148,3179.64423796032
1907.68737154912,9242.54561177951
8906.67191990088,7484.67252579756
7197.27200759934,7663.16415667183
1260.26409563769,3454.45594974348
1065.24348825186,8916.92021146456
3006.71201516436,9904.47263237219
2482.50154576719,3643.22388409011
783.529694613398,3271.32458158588
602.156899522336,3305.51289022885
1829.41947641088,8967.08776838003
6923.39425695282,8243.49447384208
7528.3048274159,7984.5226217591
1071.48964426451,4240.68984009106
1169.89207300738,3819.96924000213
1128.11111862844,3397.28797467906
2060.68281995047,3985.26265534306
6886.47148170378,7076.9821500003
8206.65717297048,7768.28926520351
8419.61351763626,6115.81916647978
2464.11604412293,8992.92420240386
7431.9333601715,6859.78471986751
1671.35213278656,8189.52273597782
910.197377138044,8824.7940559679
1584.52566488578,3689.38497988535
1529.64996781969,3513.73132623785
7856.0264178173,7236.81143347371
992.502046770277,3095.14525179726
9063.63827241176,7861.00904438013
2378.2550341806,8249.55201933843
1379.07251169754,9009.24177008941
7164.99389271371,7882.57391466638
7486.50438787612,8237.68794830093
8399.53020164679,7523.77533896148
7257.73136538111,7166.27302044127
1625.35458563575,3523.09410692296
6756.48807809899,7565.09603528213
2031.45417858389,3629.21575675114
7439.99553017616,7853.79869334032
994.925552677963,3324.60149223994
1828.52928204149,8776.25372225501
858.451976989084,3266.4313816345
7243.29516372444,7581.4196719754
1467.27036355931,9216.14176479786
6847.7122482484,7049.13577038669
7499.32908648097,7996.61395011652
7646.71597212994,8359.78987071228
2893.14574958818,9581.2683244331
7724.96366727785,7989.01934404277
7213.57188217505,7319.44271063655
1666.44693594711,8995.25092794476
7453.58756338453,7937.25663791832
1386.97386892492,8976.93985932989
6308.1851014436,6893.67582018878
1759.29639483136,9515.76989242088
8194.30384444464,7534.92299426589
1584.23181845379,3879.34079140558
8643.75984008722,7511.89134247941
1311.08020909496,8840.70093732889
7108.77962684166,7345.36181360256
4857.7140638241,8916.56272875958
2114.20501849239,3459.26131771867
1062.31538036758,9117.65435811614
7287.35974478852,8158.83228076321
7305.11777495926,7578.87592406501
7000.28724617103,8446.33067844163
1631.93544800284,8344.29925621923
8260.23339690624,7501.36661076025
2415.49622178623,8311.45537735269
1326.20057816872,3438.22561623487
1628.97600243684,3593.13000548023
7805.37269653498,7945.44776495076
8815.75784558836,7878.20382179388
7623.13080855398,7598.34973242996
1849.42660765977,9225.85403356084
6990.53476775544,7604.96160135764
1122.39948050205,3464.44006138801
1506.17778940766,3808.40689566239
7076.58503685529,7971.28230300736
2264.15000544122,8638.30826269083
1138.66442137144,3286.75912640989
7434.17499625756,7972.24018519528
912.697068229203,3067.33231670567
7763.67027090963,8475.78346990907
1676.41751885998,3937.81422489655
1094.97299951971,3524.87595593322
1374.39907538394,8870.01862614314
3106.7708315035,8730.82719892226
1690.74748428993,3795.02673527802
1446.89554339903,8730.72700800421
7434.361539594,6561.05240088891
3262.40502938022,8593.22881619368
1942.16260527534,4658.9119806446
6512.71536976041,7612.73446028327
908.726944176484,9181.1673497794
1644.98038437703,4106.34939886218
1176.64118376003,9188.71477993376
9084.38034116803,7296.92495355473
7875.40628184394,7724.94436846721
1630.90500891099,3500.28036489381
1482.08679951823,7881.77048423465
1282.87014068794,3288.97770287952
8025.33282596022,7769.57293568045
782.593805060614,9113.34869744529
1408.77165504608,9106.54581679217
1563.09093071999,4099.81098547724
1346.04627870016,3581.95826356891
970.730210391312,8406.33131543243
848.375489304813,3274.57859771792
1270.65600472262,9053.64030066598
2199.06561230769,8386.27959913746
1954.09841257459,8259.13174556356
2166.52542623181,8662.21424301909
1493.97123133746,8671.53498404978
7581.03800147033,7448.93384427555
5141.46457448152,7382.44910848402
1555.68703476946,7727.14977733701
1386.7156952328,9074.64437176951
8924.65267094872,5563.66236138517
7485.53486898612,7580.84052114915
5350.0123732289,8978.26888817816
1371.67531372692,8518.7148185092
7373.84316602253,8478.1997989398
6880.3340995008,8096.92057234548
1459.09405876172,3402.87057030406
1210.49836571339,3360.66841701824
1404.81797273359,3820.89081429136
1516.55052576092,8203.08815939732
714.144407763978,3108.27035081339
1026.34359602258,8630.02019032771
7780.8401383478,5993.5013886054
1399.79587756211,3656.69240173435
1846.98785863414,8003.16478187253
7958.96758878042,7472.26971611781
1074.52534361008,8993.91412629452
1358.31075861605,8670.10492595547
6864.04172260125,8202.69989677507
7887.36773160179,7143.3377338649
6875.13214333003,8333.98082704985
1325.8395251875,3812.2662749852
1074.56323535812,8604.01070945138
1963.02756327103,3825.48018016795
7745.27606119391,7947.19062166541
1160.98015034841,3585.47230949157
8054.9601412577,6834.95355761136
7193.09398278868,7293.77892325096
1639.8010400258,8904.35010942321
6303.05711721443,7110.96632098352
1593.2975675336,8899.21332630877
7305.10500096552,7452.76961024975
930.225481634221,3455.33290367816
6223.56505427089,7477.72759073493
7530.35078680239,6946.43823863435
948.438586909882,3481.20166819968
1621.14895740997,3692.90635797887
7630.02673776393,7557.38803292231
7779.60894290199,7323.04166468795
1126.5974159034,3727.5574768518
1528.75840650025,8998.39993315307
1575.3105776145,7183.76553541854
6317.61488522007,7712.84608713811
1241.14246570248,3289.98448517233
935.833370861151,8743.14732131757
1784.30355778155,4743.46294532631
1699.81744036054,9050.19233640264
1450.27523834935,3679.98475690996
8263.21142213135,6875.8595194923
1559.3787055176,3697.4048430252
7186.51986981425,7342.27523093877
1885.13188548965,8917.51833853644
1267.96679163235,9207.05123214972
7556.70726513012,8144.12656125186
7428.66304393285,8028.90088729606
1207.71461646563,9062.50559706146
8013.05858734157,7489.59769207017
569.347808489077,2982.61977055044
2387.47396366886,8758.43417396041
1105.29302064547,9006.3884646809
1741.26914332968,3360.90431263281
7090.9781435179,7601.762591378
6433.04364707497,8749.07161851581
1059.47184694637,9399.76207117789
1920.65290632603,8749.50319133033
7167.68802379314,7860.38103217685
1180.14231182436,9104.5224638224
8867.25744236705,6857.61734070171
1827.31054559976,9020.74909925376
1590.13016963233,3423.41625186255
8318.43631802624,7970.42031289928
5368.49420445896,9139.0607390019
895.620170900285,8352.19818499919
1445.47066030283,9365.37937648125
1321.54348542421,3622.42639638357
1730.49736145097,8411.1408452042
5052.16556632372,7225.49269533746
6915.93001319336,7884.97382696136
5808.1023989816,8918.69051722862
6559.72714931583,8061.60540055933
1181.05543526245,8816.01027876447
1571.9208683629,8810.59176140668
2475.157293446,6098.25029998041
952.045471459127,9187.6909253555
2260.11653397865,8768.86654383504
860.469384454613,9079.67353595609
1083.82297370643,3554.41458046071
3921.23768606894,8485.69195581433
1590.0058418479,8140.06737854201
7374.54634920273,6892.94505814718
1583.53017246967,8759.3192993933
7401.88971926951,7819.10130698173
1386.23999283621,3674.6096584887
7823.78686373687,9155.80563686063
8668.3021305607,7309.84655975823
7771.8432717711,8401.32173519923
7039.42349805139,7994.77305760267
2031.35602287068,8974.62531954297
8276.49120737941,7508.12805165083
7916.9244764645,7804.79088205453
7812.22857633463,7592.12591666572
2271.53227579246,9123.32943297873
1516.42244564196,3586.21129536891
1667.71350609589,3351.05995575719
7283.0628340905,7329.31460703155
1434.19372414074,8846.94127868594
1226.4379635789,3642.81635289823
8237.83490348315,8509.00106204888
7015.16126691205,5979.02574580131
1437.40898487037,4005.19077614524
7399.12425454282,7444.91103274298
693.278308093497,8974.32178080809
2157.04338597185,8982.9930325595
2244.20717664576,8888.83225746969
1323.80637381367,9009.42064913637
8165.97925962766,7002.01273673692
2245.21762666361,8563.21399394716
2603.06856796579,9113.55680643836
7651.15418351576,7639.08100627684
1081.64695443907,9155.74368265051
7314.68453270634,7370.22448397118
1352.79351474964,9157.05290834714
1519.01524336793,9942.32846481428
761.615306374673,9121.05692407494
1670.69050642153,9019.20889042919
787.099426282142,3333.50262361608
1735.63399562443,3813.9494287944
1218.96977835192,8989.10484719103
1686.19427631465,3545.04750874874
9104.659536048,7857.60433727417
1524.08116593501,8368.48799666545
7944.82365670956,7438.47087795914
1344.50886932945,8399.49479748741
7411.4267700885,8037.00322849295
7405.57578019791,7136.1006527903
1249.80875046815,3400.17019911485
2985.2364293239,9002.68813142848
6589.33688597998,5463.04616257121
1514.67486401231,3735.50113625383
1198.25248055661,8658.54484315696
2028.05243747289,8216.4904096036
8389.85995289284,7381.70338233685
7996.12973599876,7913.16470116412
1337.39948814332,7776.60502252486
2363.48029511449,8102.84111630323
7196.3729223732,7373.86283312071
1094.40240586915,3261.85832153486
4349.78788939521,4044.68088950842
1194.2049731163,8780.75418953463
7867.62798213125,8224.93475573124
8159.83708065311,7838.21963370079
7089.63724754109,7276.04905393711
8377.21944476756,7972.90538241333
687.497076395994,3111.75542359764
1973.89826248981,9078.34857899742
7013.33316245077,7506.28738282794
1717.58713889196,9079.94182480549
1323.03823074866,8935.96075157409
7739.95552634874,6733.33414467429
9277.49435178075,7535.46524605084
1172.6737130303,9168.18631957219
925.717448782216,3050.12826646846
2137.27348196265,7460.46363073343
994.091600619452,8772.92243292206
1479.75101486856,9180.56529134865
1780.9411009836,8251.596168859
7321.3713787258,7727.55490710954
8828.31939651683,7483.80921262429
1506.54438072518,4078.45788307025
1059.91313823302,7263.77529786316
7556.77843885642,6969.28172475479
1347.10485164996,8442.20461451006
7581.12290671255,5870.33614335163
1374.58445738228,3252.64123628212
726.416333207073,3149.61490092072
7590.94423709237,4989.7621201569
7287.17772369157,7681.23297788666
6889.02594313203,7800.40156622369
7388.11392531413,7629.0261504574
8271.61627072128,7675.11645051961
5019.90088092331,3361.23432637612
1509.40102833521,9065.95840326026
846.474848333842,9235.63623789456
1021.92214752623,9047.91089280572
1860.93855130641,8230.85949679301
1000.66987914605,3397.96935330314
3043.55910485287,5091.87379471423
7879.20785475616,8114.47114313593
930.805867796278,8976.13765848885
7898.13252282993,7443.82180433843
1923.93900801162,3665.10326797612
8483.70715313429,7421.39407656054
1045.23667945454,3395.77860083472
7260.59483999132,7486.25924564736
1904.09401627941,8769.16777111583
7642.53306352254,7543.21725086692
2330.64713685834,7576.68757086605
7134.22182751374,7732.52712957255
1044.84718261445,3282.73249211234
1384.04703349768,3636.59277891334
1215.01135022108,5665.47150109073
6821.15053935327,7322.28098461676
1545.12008212629,3860.51891894093
6788.68176640632,7839.09507010095
1548.85592699231,9036.85793243959
1428.62931235363,7881.89752237085
1537.38726893261,3636.85081238984
7770.79167787353,7690.83464366538
1377.93047978456,8947.17756904941
7470.81605200413,7273.47887616423
7363.3196102126,7081.4606940001
1699.84464554105,3906.64120121292
7413.00008099417,8303.3742687207
1501.19784997163,8985.82140041493
7577.24719436196,7048.44308686158
1369.09872388336,4319.25134802848
4422.76337066041,6040.65687092951
7748.08066875794,7704.40208723362
6666.36592845674,7225.42564170687
996.042138549605,8734.78475019574
2223.76552219091,8752.59250461676
1630.58782907325,3947.09761381789
1014.70693893708,8915.77448150656
8983.06343208441,7216.12026739183
1256.91439525717,5159.86393628486
7313.83348421085,6605.98677345711
439.610997470154,3002.08323019615
4849.22206573579,7865.43591248401
1449.9901609965,3561.86573924716
7785.69103336543,4766.0745803817
7604.91003991327,8022.81833428208
7496.88184858623,6737.66154200738
1020.44678313805,8496.88424365599
4683.04675285202,7921.41534652681
1400.34958874681,8636.4445432413
853.590215369138,8372.63319611344
6498.13784581168,7185.36083192262
7707.48211219279,7594.6778816204
7811.33183337805,7431.02111311321
6012.86356631494,6770.20746779035
1429.45046810105,8655.38772493458
1589.5158768247,3448.90554410069
1338.07801763827,3664.50219430595
1612.33326445632,3911.5982788567
7356.28419563382,8058.69354987997
1516.13974893998,9245.4430478729
1012.0016676244,7768.19129637019
1203.78577647957,3749.32618665635
1447.05251083571,9233.61967797312
6897.64197797307,7488.35244348041
1444.43646568578,8558.56610546257
997.337439642438,3477.85468111362
898.003963477311,9015.89394846806
1370.00484213423,3703.48236480082
7394.88927387397,8730.24609870809
1114.31445105382,3726.81505741707
679.35223667672,3253.9327495877
1527.95451706526,8726.35465979412
1399.10107576765,8871.82635144393
7067.20885735188,7294.89551908844
1097.70099771234,3554.38937566838
1033.12187731969,8509.88874142628
1694.14537301447,9198.24713187917
7515.6251797305,7673.31238319934
1550.444410017,9346.09124260622
2095.79429359025,8385.04692488844
7462.79429783432,8038.85483501833
7495.42076181342,6840.18569174876
2073.21832833959,9022.23087568168
1454.58062065842,8794.71333679166
2057.13529269455,8898.75855866342
7307.53712633835,7128.85817108692
871.283465980645,8433.40420056858
8057.59306485586,7025.16203826592
1284.41278381292,9098.8117689973
6935.56168177531,7000.06834554462
7616.35576398319,8552.08653019612
919.144748663833,3340.06793365594
1313.88143936298,3419.84053181185
6794.20332682603,7406.71922168249
7168.94867248202,8143.90144710737
7042.12987479097,8010.8596365999
7889.83775680733,5438.97556297751
1422.26648136424,8434.14060615055
1523.53951343895,7761.76161639558
3066.1926076678,9083.02792143348
8314.21023336859,7720.16575381885
7256.73213466402,5590.38207233208
8486.52655619495,7456.26479343675
6224.89811937813,7304.88994171942
7538.19082420246,7725.79612094653
1907.03801114119,7970.83691732722
1426.14552051075,3743.66745561398
1701.92348516352,9175.5076922336
7750.36948214724,7288.67043702875
6947.13862709413,8078.89814260548
1423.87686613404,8129.44760835576
8535.42647214777,7533.10103735665
7668.77209652765,8137.27330832193
7041.84219743742,7807.42648046255
1396.27008142324,8939.61618215944
6294.71344785177,4086.14741872385
7240.34486470966,7783.61710269353
1239.88836327672,3947.26147938742
7280.68610284932,8196.25892748501
6872.2501433972,7585.80866841341
6724.15813458507,7680.85355102808
1470.07965913455,3450.33073175356
1511.89157303504,3298.24723022909
1469.28815464065,7427.20553657086
1008.68697818,3315.96218736904
934.086227581957,3410.24869666961
1194.12157785351,8086.80730882201
1412.67771549661,3557.90507241552
7721.33988679705,8235.00416314533
1128.9495849305,3449.37589433299
1323.14394416713,7291.94169399428
723.241941175268,3121.23232745096
1694.05355288412,9044.15872628586
7763.56918708448,7693.78463524891
7747.75825090429,8333.44984409462
2155.77708188258,8949.17888963494
1370.7255494882,9163.78647241986
7428.97602454585,7980.51788107906
1046.640551013,3426.69939351807
1377.25696142128,8590.52944758611
1719.96315603917,8065.51058525177
3027.06907264875,4331.07862716069
1337.04214308965,9213.04722789673
857.874324574449,3246.26758302517
7464.40167767478,7800.03608635723
6027.06764433666,7801.41517513662
8267.74005226557,7088.37552230894
7285.55497840492,7650.15801461918
1782.88757119887,3771.54484766347
7056.39193145025,7217.38163832791
5503.56178626441,5652.10200889432
1772.41583461933,3811.44643590584
1439.98464750811,3438.06074632463
7836.70651846751,7452.15664702722
974.32513672389,3680.14146378418
2112.53490639089,8791.04235615393
1211.52436592192,3693.00993590472
1590.97042455113,9232.91354692655
1381.73687923012,3312.94692943397
1051.71046790494,9032.62491620803
1055.61418825266,3343.87277269835
2246.87549867508,8554.62915532661
2077.7479175271,9072.23322693574
7618.09104228856,7975.24893361485
1201.98572224263,3423.8043526469
1775.93583962968,3845.0608839952
7530.18142011113,6440.18434074105
1338.68361494666,7470.56944198036
8224.42649610923,7409.22197625083
1381.093581632,8322.24747437402
1235.85657736799,8720.7702339841
1076.10997550169,4129.24211852918
7816.25173541813,7634.92899801194
6018.16287720737,7902.52792493045
1881.445996017,7562.76028004511
1183.51715533404,3837.0488991634
1197.53644339984,3473.72929758599
1020.73917169694,4670.60306223142
7594.31033970835,5832.72496021926
7323.09059275346,7204.10645949283
650.577611434942,3242.5358977013
1674.94463361285,3349.49018419389
6931.56429926999,7519.88747936066
6384.7502992175,8208.59086605581
1491.21389789093,7412.8315050242
8093.90814646467,5542.96479551232
1762.50530642748,3813.80593719079
1509.18601413742,8460.36052544007
6922.29742515054,8113.92348323742
7246.56133836112,8185.37500292218
636.084068986517,3119.45953276943
1285.34800729915,3391.30215233861
1169.08848786373,3763.11233564581
3568.55253927359,8652.71535855116
963.489062108217,2981.46004895909
7691.92812980544,8355.65879867234
7294.91800138908,6696.57969874124
1713.36642922472,8447.6139411194
3292.2472427606,8693.69849994223
8861.64408296561,6874.03224864323
1718.59711435731,9141.32975245902
9171.84190806084,7385.13190684259
1528.47557898945,3809.61782816008
7390.06068769666,7178.77478628795
2315.55202063651,7990.13984125348
862.805924989205,3130.72222521765
1321.23366871972,4170.23699480782
6895.1099068486,5018.19202075825
821.329343620162,8997.93372699816
7941.20026851265,7897.81948217103
856.86934776032,9147.39962645187
6896.44432669171,8111.02232402801
2236.86651320024,8798.65951181021
7000.07631462633,7592.93338457193
7870.07286310382,5363.02383484766
757.693274581872,3145.27898709968
2091.33023710915,6443.54597155454
7440.59902796652,7383.42478204045
1667.91122498889,3165.83985535312
7474.22535427968,7590.0701323348
1145.97904719296,9346.13182507705
7273.29439969977,7402.39397112073
893.293354091491,9015.98225216615
7485.08299524907,8183.71657593332
7860.96568385135,6910.78006681778
7111.00947912444,7774.4938372033
6886.54972093854,7136.221750432
1614.63582045154,8901.1377315704
1434.04990152438,8017.01501442864
6946.11167458614,7980.05761978292
1231.62785667281,7967.06380074575
1768.1373444163,8786.83430406381
9012.16840094266,7371.10922189082
1808.12417002673,3803.66270015829
1720.2361945007,4156.0395863935
1114.78118167408,3274.87111608433
7260.56051208384,7714.43590117325
5029.81133450751,3729.39463176298
8779.33038230875,7734.24762914151
7331.86581076118,7923.35947419605
7502.57266016458,7461.89984006827
7538.37276102316,7332.92731828929
1104.36263432704,3287.62140509342
7696.37397563731,6536.00433393177
6674.64281889121,7217.89900286379
1906.9649124146,9075.25448450505
1842.54041993911,9214.70048629061
7473.04670851588,7426.86931948625
2921.4765978863,3871.05955889795
7804.70365343907,7680.90092228146
1458.32115983075,3800.47815296271
874.770880956065,3158.83799658797
7177.93389425414,7689.99139660425
1681.1611775288,9112.60118416936
7933.19895245058,7841.85785127477
1665.79770838795,9284.46651377102
2879.30556199101,8762.85266544171
1357.45086510577,3266.31338358299
1522.77901216675,3621.98424719874
6774.221140985,7497.9663320335
1023.40151363078,3643.43399659513
1469.5569348883,3620.75781452628
7935.65698782953,7656.92175750865
1862.75483737192,7974.23420661785
1082.13430785693,8050.5419385587
1239.99055054173,9151.17091796415
1678.72564793655,8863.49773266201
3020.81316213432,4127.41407062674
7722.41663141014,7017.23761213258
1383.87253158777,8874.57216521091
977.718254989014,7999.90034436153
1232.04322944831,3621.1715651195
7591.41628163614,7218.30640951718
1298.29686324018,8922.05420833976
1301.45582348846,3415.03844121813
991.382954882588,3625.37710578583
2072.09049624432,9334.87519452405
1887.83002287009,3578.22196395666
1729.7925019132,3703.30773590832
1735.83592685096,3885.4541407381
5882.82951059099,7836.93418674855
1551.95716356675,3209.54322708484
1640.86730188754,3620.10732602497
1244.79979408747,3388.12592385695
1548.98455727482,3883.16049037185
8106.38879412874,8089.22203872776
7074.75609653192,7289.75587346687
1508.29568461663,7964.57299756607
1863.11071485769,9124.96774435639
1659.1963511927,3822.92611252603
1059.85284174761,3875.58277039563
1630.6435617821,3811.42011651477
7630.95676382551,7320.83750633109
8164.39408440554,7294.49453000645
1061.53864028236,9192.53913964804
1575.49181223465,9018.21604529972
7874.21403413057,7753.11978055112
1538.82919094365,7952.67366659498
1898.12670592559,8895.70047201885
1667.63785333555,4142.33179646104
1078.21462853091,3394.41084308145
959.300733579145,8741.59404320799
7126.06767928319,7491.43423096648
1367.14615647757,7837.33735844694
2706.53012308978,8706.22386469803
1371.8769401145,8955.7611820122
7054.55609854794,8189.92156306991
7438.68439121694,7748.86521681155
1773.12802897701,8769.06280221285
1888.3275056831,8892.68661363445
1126.69577449242,3574.99736561767
1693.90498154512,9146.48814501
1267.08500911743,3420.64492190387
943.373899016535,8609.85190405701
2729.83252119844,7455.58469922967
6762.18043628461,7838.49012488718
1641.79456724811,3859.32547232082
1757.14293136867,8843.82955026831
7893.24492422489,5628.6356921237
1320.66001624924,9202.71383371892
1075.06867877526,3568.73309773337
690.537607549146,8818.91837000033
1384.52007644775,9191.14891002471
1894.43701938808,7095.29301046956
1617.8744451532,7966.84169230527
1364.55845181202,3801.08539937359
1378.59236826236,3656.97177919978
8447.41457134034,8284.47454124373
1553.85715197322,9075.34562833934
7504.09164956997,8170.76226399943
1308.81391767584,3306.28599314153
6139.14679755521,6881.26311737933
1493.12856617332,9322.15482108636
6133.93960684595,7577.50948997259
7670.76574234024,7684.18543700005
1673.18368705541,9324.24985806701
1569.50734192438,9038.24855619869
8059.85490910531,7549.89407064503
7508.30971889543,7219.2955127132
8372.57608145426,6508.07371056228
7149.20024005087,7470.95233129484
7503.39504320735,8379.05274623878
7017.89733421382,6605.20222138758
8994.4996978858,7850.12047961361
7173.53780127454,5475.61604325831
7647.30774833773,8238.30476069815
2260.33963322568,8931.6105838319
687.989718532704,3165.43747722819
1537.43703576713,9274.24145234393
2139.07965038993,3689.75436104926
7291.29148511067,7470.17901351901
8972.44789231247,6528.72102878978
7867.0225201888,7249.73290719634
4042.90217665869,8839.98566160719
1710.18926100467,3573.28571708557
7537.45389809232,7258.81364977108
1706.91844520897,8371.17834736252
1774.42934161728,8092.58846122861
928.298120218616,3239.83073013589
1693.18172010269,3815.62529560494
1870.38604634805,9070.82617050269
1483.1972140185,9023.80984397436
8383.30019858856,7861.13044165705
7878.63177626906,7237.64726607639
1361.30703318902,8968.32263602021
1248.52035815161,7723.53893976742
858.326015807705,3131.07313291593
2606.52529602015,1993.20257258166
1190.67969187525,9438.22505016913
1145.92078610768,3473.73915387698
7623.81696368371,8238.67233881491
1232.27020589298,3593.30403367698
1448.35816436968,3670.00070289543
7534.29822853116,7168.22988084108
1701.99924856166,8986.03047070107
7601.6549083768,8352.34706651368
1736.88980053417,3517.1650216494
2179.04494162185,8798.09623852752
8675.8397688397,7010.8630934894
2835.38747459612,8833.25647168784
1381.22083841402,8960.35917213107
1306.60101365358,3691.96214059376
7939.69011393855,7067.22754497944
1308.31669635751,3450.51981561177
7383.39275250719,7072.47818764065
6859.12807125744,7924.56672267993
1143.46287938676,9276.65546964534
1795.44929185325,8173.16786149795
7913.0083274941,6914.67425203396
7165.942273983,7540.78043510214
2033.42434074566,8251.01872676451
8652.93005796062,7155.07443256997
8309.69245244801,7053.18479975807
1663.31795773745,9367.97012510161
5285.83731887324,7404.62083116773
6376.55435769158,7131.1082975188
7685.69614242559,7424.44748682902
7942.14148635859,8142.41121666354
1644.09873082998,8631.94983737213
7380.32627550526,7879.57287323053
7938.70551543026,7890.41413594072
7759.9707944504,9437.37992720858
462.70047823796,3238.49625275538
2092.89897857132,9311.03458807617
1796.55692269565,8816.67915851594
4110.32973702763,3508.58620541133
7619.26314032764,7615.90667208844
7294.90883557184,8191.71880612815
2121.42172895715,8784.97063456704
7336.68557414827,7178.85653316612
1041.24359655771,8578.12112357339
1354.49315707561,9126.83493289997
2032.41641906625,8833.94915632988
1196.21346218161,3324.49013297093
7636.45907021037,7385.6995340579
1132.07561970199,4386.30813833368
1864.9206100336,5010.80107100961
2556.8625538768,8974.95144155439
1388.00367787969,3490.00829577639
1624.44318708897,3895.59219574569
7702.22632697622,7065.86818865856
5954.14399496315,7369.7296913873
1362.41878113995,8833.00259892794
8238.92099166385,7963.72446459402
1039.22246264603,8837.25879740529
7551.59633928088,7598.10324925003
7179.82151349942,7591.68753071309
6316.17872197666,7930.03821912809
1500.98817804215,9096.18509282642
7646.48498746216,8452.32313711963
1191.4621204175,8541.83884798874
5122.0139570303,9199.44364630105
6904.54348958573,7294.96530194778
5382.12814271036,4123.0601433223
1728.95240138949,7879.32237140137
6378.99443906092,7031.33980793379
1148.93741959456,9096.24570771772
830.380051560062,3339.76797187075
1569.11284249964,8749.00281291947
1322.35602913379,9130.86418467599
2383.87378719244,3886.07174994483
1276.21670528964,3817.76505751074
1757.02817058165,9075.18631375887
8038.23970977811,7957.59019975748
1207.12599999066,3745.15159337248
1497.33601023558,3286.76097171093
8044.2538223455,7366.81551226492
640.501347366275,2913.76686583737
1646.75450614892,3573.15158071282
1386.73519674148,9023.06452473286
7363.22817375127,7114.68184149578
1027.25164600255,3235.76559547157
1308.67037034993,4024.86404119413
7617.67462441195,7967.98900856668
985.982866193796,8693.9510578104
7297.14950769684,7975.99887623262
7510.12816851168,6194.73935157887
6636.6581425505,7983.16978780865
1531.03795914989,3612.34323217003
1206.10518029008,3786.25437296918
811.288274091219,9078.70077054359
7466.26793652451,8378.74643162574
1302.76261223124,9337.3419052934
7078.2406847394,8061.66850551574
1747.00623227993,9204.29036699203
7273.70966468973,7667.11122037485
911.954700885836,8944.75564053746
1964.0166844368,8880.21800424198
1274.41751695971,8766.18086123886
1325.48891761097,3479.59510394418
8181.03327589944,7363.33380047597
6869.14951308979,7252.10571881422
8430.00077432319,7957.41584173592
864.604506786995,3655.17360815539
2439.6970564643,7933.6148563228
8062.53045845892,7082.44959609535
1848.82424320877,8846.70111431715
1047.82726980966,3399.48056118665
7506.72364997333,7775.71517778536
9083.77349223114,6907.09084573993
7379.44387065991,7829.53833201547
704.432972689578,3068.79829975096
1916.98109078149,8702.33881634063
1843.47022370999,8321.58075121565
7968.16784532702,6919.54801405599
927.70017596758,9127.21726466412
7811.82351556953,7512.03101280116
7929.34703913196,7280.25767145449
1585.00524400448,9235.1291584029
7785.74510415784,7550.85862937532
1268.31060849661,3570.78503863106
1324.36519353905,3565.5186058012
2619.98450396236,8890.24755994125
7595.7887482916,6743.13913095404
1450.72415489386,9237.13270806707
6683.44289672412,6767.38693394986
2497.64758132354,8722.45599440645
5006.46650280187,7827.32669096264
2233.70250217108,8599.49190222258
1987.41999175224,8708.59545668576
1245.62947982938,8781.41060966157
1340.03070031231,5099.63042832514
1897.65579635437,8020.55887845452
8021.6484456423,7314.51783513823
1043.42303692568,3239.98867990357
1523.37454782372,7801.27067411094
1600.2213289086,3434.63693969308
1722.76442650766,4160.02255331284
7138.04574555122,7787.71896634197
7423.91022069059,7469.9524029273
1830.70416258924,8369.54783493444
7363.50621355158,7623.44674788454
1805.33258804129,3613.86200521245
608.093623025007,8922.37143695413
1480.18801597316,9054.20235836538
2237.49178227853,8932.8024189239
1694.62583437471,9373.85814154576
1267.41325662856,3271.14360185217
8072.9503662118,7382.08759911751
1334.79847822289,8926.60234346399
1087.52229640929,8376.95832167731
1105.12323998515,3228.22400009039
1497.22194146793,3700.15757567268
7135.79781592842,7305.33206268769
5736.09404420744,7295.91813461721
1772.83230003975,8368.18802440537
1733.79099479642,3743.37440965468
8389.26756414274,6963.14668145812
1336.96074473056,7790.26889215065
1387.93344591263,8466.91270803176
1228.5020368949,3319.20009323634
7140.70901961097,7646.61380817555
1914.24254241466,3435.74558510399
3097.23394848526,3322.28509718173
1171.49012994644,3499.78490503656
7582.16115875138,7443.43817106687
582.909970242902,3114.68942422295
1840.86181799091,8102.13816913646
5433.23766727087,7421.63106975772
5913.3305810748,5147.01083997655
1458.42401847126,9139.23911194052
7214.59341357685,6787.91090072009
7525.74110428096,7444.36918342867
4368.55238921322,7493.59167329946
1039.22973515564,9118.30796101123
7038.35511264219,8222.93269463012
1144.6527946796,8576.98333370312
1186.1540033171,8379.25607773615
1466.21618167379,3685.46191815184
1991.98085794267,8214.85286827569
1879.00133713806,9281.9901962221
9143.75201619821,7791.55533200172
6743.06109485601,5356.76585436695
409.006048072101,3300.19530346301
8148.76032790731,7386.46795724668
7385.26926370697,7852.51247054654
7648.79190221881,7488.07609714833
1052.78573571303,3030.61320186424
8794.68042506655,7860.27265837424
8471.56426659708,5917.66770672899
7527.37557939405,7632.74092577654
2095.72369863828,3795.16364036877
7772.32928870933,5690.95387719919
1522.01424803212,3933.87934478536
3107.69782455854,9549.7557704623
822.081281214499,3610.74290401803
7145.4099459253,7031.40135769719
7812.91582555863,7469.31677900711
8001.1504023747,7441.47444635677
2122.64863611373,8798.08184379288
6794.00374926033,7568.79398102447
7210.74465682978,6452.50918862409
8090.68698009214,7894.82397470586
7742.26738126933,7409.07788278062
2321.81322323221,9097.99962689099
1348.10653495785,3589.3943627252
1172.69426834825,9129.64624093213
1927.76917026789,8591.79079083853
1723.72579669296,8141.31821614316
6161.81638161067,6708.36812345145
6920.72239134761,8003.36838444508
1350.98301898123,9035.89528557551
7870.87064415677,7869.35675646993
7416.4944747392,7996.94502703185
7654.31094835649,6683.23193722629
1954.69483226215,8811.3026436138
8346.86151544601,7977.18181503015
1439.22060512469,3945.30785033641
1850.35014633014,9063.01469249078
1109.86622205016,3304.51682162861
1109.19981016156,8949.47738470073
7577.78847141983,7971.56830800834
1610.05017020687,8098.84411357437
1281.74978861867,9220.18867690044
7001.10741617519,7707.47816244069
745.998498064068,3195.1201949724
6823.38586948178,7675.79260612652
1931.45840119476,8631.30137406804
8110.14752301806,7974.34829173544
6078.14244875117,7451.87612139135
7638.04961001782,6896.90878704259
1412.45189489907,5708.79432540917
7767.82996783749,8080.64880607037
7431.43974703979,7423.7646614177
7516.12167611277,7783.16653743231
963.55453853254,8996.97368208352
7207.52907485793,8520.17799326806
1622.24530363927,9122.12086784637
7694.80175821437,7325.84429886935
6429.78413658955,7607.12906387842
1530.75511163441,8009.29223641871
1432.23577111383,3607.51337998781
7521.99100415177,7271.72618177941
1708.7799182335,9053.98605283883
1602.5650135742,7991.85318770445
7371.40305442171,8324.25967332835
1615.88588281144,3644.61546779592
738.804552642101,3781.03496272228
2051.07874438944,4406.42681142661
578.693515026321,3220.64989638071
6671.0320220824,6310.36216285641
1289.8387176656,9012.95059668147
1203.02804996191,3386.38675479275
7588.49926988584,7730.14572407638
1403.39708114784,4093.00025394201
2232.5282318978,8859.47855672158
1313.89439270097,3278.99224225975
8660.29143378136,7577.9996030089
1450.11213949463,3691.47453892421
1871.10772189577,8820.27925041689
7893.79910843301,7102.23019784209
1459.60755923108,3795.45364204623
7600.73506614708,7406.17790468062
7829.86260092465,7231.70451252551
1441.17072855947,8464.27623552112
1626.50442230689,3568.20113441761
1286.45639282343,3768.28161103041
828.137396354882,3278.59012450833
7056.10692539116,8336.24859775074
1517.60597063969,3602.03493693345
1389.40796643634,8538.5837671047
881.038806694817,2851.03351638115
1651.43688521785,9021.42456818835
7921.12090886355,7455.41913688601
7649.08706121927,7902.99284803595
8539.92798637127,7618.84465127683
1674.6558729512,9215.63681787239
7372.75079251274,7409.7811570645
1896.49777692382,8854.57978724516
7300.76422970071,3868.48069305259
1912.02830856738,8229.0912460468
929.460464463191,9247.72456132785
2928.30170014322,9003.11719456514
1847.36482844753,8193.57833555998
8658.71828012254,8105.32505990811
1297.39220254438,3399.18325244902
7702.50157563238,7319.02994828371
1794.03415183616,3969.50321557407
7045.32336791164,7638.24958056828
9062.8313613054,7846.01637134767
7484.99934040655,8199.02515303277
1681.66267342306,3580.17252158715
1594.50482685674,3653.43628946789
1486.82485011739,9227.39436629466
1484.7678826379,4139.63878783469
7478.17770464217,7634.93756310349
1317.90317815996,8473.86479321306
1420.03980837728,3642.26082423821
8234.81157564243,7463.1002704267
1775.14658809078,3791.05444412744
1276.2371513409,3433.97460466591
7604.28476615091,7674.40045159884
7167.89279125353,7093.24269555033
7540.28474652053,7384.98687078167
1767.16240347629,4015.96436061686
1902.66949717403,8497.9012151681
1332.35018101553,8299.48621085067
1634.55899824735,9181.34648971772
7286.24175267396,5862.33286605165
9024.52831196527,7894.13887464819
7533.22780573979,7381.79310514907
7411.58703003483,6957.31930340858
1592.33436525485,9354.38668173039
7491.61175453516,7570.20106628028
7677.42151176042,7158.05904206092
6832.81561797334,7607.4148007322
7842.76674168726,6258.24346203944
6368.93333835062,6759.05089918471
913.5076645927,3107.51790966823
8000.20024189193,8902.34136196318
3075.51389179992,4391.96351391391
8170.20461293079,7819.00818635285
1363.53008190316,3616.20929730272
1358.08997331933,8997.04618117664
9030.72353195428,7595.30278939059
1466.63076773907,3756.62170081051
1475.93117371793,3573.35978252205
6999.27341469547,9048.65704338792
1036.56551800582,3637.67344733035
7980.67049220121,8406.81322937641
816.739630476757,3120.06231512602
8657.83513117534,7686.60403872515
1001.00277902726,8482.23535601255
7399.22195441543,9373.8539373235
7819.04070287967,7051.74464972378
1703.2509648574,9183.45175667032
6416.15550058664,7096.71664541278
752.829054548718,3217.41877018972
7930.35538996752,7795.65100523875
7087.32150477217,7072.89979854047
1491.59465986256,3392.07013716944
1191.33291516312,9066.40521436985
7272.27071747168,7004.75184727975
2525.0868574827,9029.40354105568
6618.15506424636,8300.82097342575
4001.12479869459,8945.46172072644
1425.02884436583,3406.55702348608
1166.82652054864,3241.7929563985
1370.91879517404,6375.76486535052
1959.7694656786,3980.0620292146
7911.62708801953,7407.94877225689
1178.9741544863,8125.03399530404
1644.17646924663,8624.91912123238
1448.59288276967,3677.61302250141
7911.46701367746,7961.08798745227
7028.16567507657,7863.12211230193
8854.92612720598,7458.91865655555
7123.09571288079,7808.43148795385
3566.7950620296,6159.24419984153
2277.51416654188,9059.79104263214
1154.18567342995,3779.18540094128
7784.96809629326,8035.93761124214
1558.84459294693,3763.70064880676
6835.03414692585,7664.66618913335
1969.98677241981,8064.02249516788
1974.62841924711,6240.10255622705
1607.98027275321,3597.27012023899
2208.79718217886,3806.49645608397
7773.59354452506,7196.43897717791
6993.71625611728,7416.02514789261
798.879976729616,8250.12139840479
7258.98087323712,7144.87691087411
2181.84973582898,7505.57244966274
7541.22137136441,8353.12585537524
8032.46836168946,8396.56245971544
1743.10605664222,9096.02014559747
775.911520715269,3347.29049688718
7524.55710269449,7213.20712822777
925.744412669772,7883.20051188692
1950.30725544658,9079.86136505482
6743.62703847724,7215.40183710886
1171.24983849207,3542.21399214468
1269.99965902438,3878.03357102231
7996.62491809499,7318.83405488779
6123.21658922789,7727.75771504953
1926.71898662225,3979.72783423727
8350.33977668836,7738.75287489326
1285.05740282817,9200.10737229606
1180.41792060985,3072.28177961405
941.372700413707,3164.89156239372
1985.91787972626,7367.01901732381
3260.0428750243,8381.56629274337
7880.77474306606,6481.02198979474
1832.48365932008,3769.35162657812
1850.91804600296,9387.5165298023
7517.10763167827,7960.79491334789
7494.55032228914,7837.79730391376
1576.29762289247,4006.18773410862
8204.97084880255,8170.17658867557
750.164658707681,3272.00940700718
1569.22006753592,3653.88963775492
1211.69824992946,9043.51588802389
8089.88714636262,7898.1910382287
5427.31214220966,5201.09399731688
7994.58713004681,7837.36147331862
1254.78785251061,8949.72169039431
7968.95111518812,8011.4326754674
1018.37963944115,3638.15395827983
1413.90218538807,3493.29431957249
6871.95482940212,7529.40706037173
1829.87842886094,8983.26538368146
2022.2456053159,8666.9161637581
7614.91765404348,5202.73826702948
1247.01875750333,7284.79315464416
1955.91159220305,4038.43579616207
1422.33172267632,3666.18226872512
1240.28945552303,3467.8537667169
1139.12612188227,3589.4635238002
1349.75463051671,3669.51210994911
7246.84066999271,7910.04037378077
8572.305195178,7231.75763144435
7530.83174332553,7361.34925970668
7774.04537239502,7955.29690362261
1551.11667694626,8794.97684542675
1281.82382299406,4059.26265190715
1352.92540370557,9195.12170923907
7968.28591293638,8240.63102075872
1995.20579331438,9065.95688636466
1954.6235018194,8616.68899288892
1166.19343639739,3477.10716125447
1590.19683212918,8857.82284167147
8046.33653084267,7808.53120802936
1751.6053767817,9269.73628614299
6209.51066358001,3821.77629717654
7834.16282080628,7983.08904731944
1118.17598799217,3399.42671065964
7465.94648725946,8657.83813259658
1133.36109047661,3718.38428749
3327.42123112799,8857.36667466462
1570.87567489309,3737.56852109394
1705.7620313846,3869.16364103382
7103.09989301379,7809.0858828921
1386.23911257565,8774.33048261757
2158.07775915315,9150.3522658856
1774.33466762731,4008.38497616089
831.502209664289,8253.43450885031
8764.41339153843,7096.99811634459
3086.85051388042,8448.14571892274
8458.34854636884,8239.38392715299
795.547063139113,3437.39187526005
6731.02343389283,8077.71839436955
7754.04538210442,7826.90881867274
1231.51936411451,3515.80727636432
7604.3785261923,8517.76181432731
1217.30659261604,3304.68340697691
1111.30366398681,3470.60116176748
2343.42696710216,8894.12508939126
1097.76570463818,8909.84610488581
1463.76782252167,3670.02755590968
1991.4125436995,4056.30272307761
8371.31542051341,7411.94125287487
1013.16028620653,3337.61313199033
1998.80127665355,7882.27617226766
6498.70880240359,6220.95732336599
1371.43048374218,9069.50985648749
1484.44977267977,8961.03555789231
7605.38961197463,8177.80412070402
1553.35101881369,3757.65230116314
1160.65433991221,3764.78224520202
8487.96136845735,8318.25134289427
7357.72409570842,7837.7391946064
1758.00923512107,3672.26312887696
2521.18106247184,8692.62568305194
7103.10334790462,8500.75339354726
1124.87471830691,8849.38444765884
1263.45741748773,3977.66543832029
7967.15124258019,8510.92989599711
1935.75993232463,3623.72088465199
1534.70465131602,9093.12023390179
1019.33560393136,8628.9556145805
8164.62385221841,7744.76777039042
1341.59644314874,3708.39826197971
7403.76710195242,8098.50272171955
1354.08619383823,7892.16396637134
6660.32581127789,7337.11799177592
1442.37805135524,3682.05331278349
2109.57084621843,9088.78883466893
5652.33927389078,7297.0760450656
1337.22384590494,8833.03746427962
6338.96800649235,7335.47886667155
7755.41985643959,7770.12901926145
1734.58069865097,9183.78912473831
2965.09768327928,8516.57320630048
1035.88805951485,9045.3230724289
1316.07476642865,9056.41044718537
1519.50875584301,9170.54985477555
753.926070320674,8855.88980784314
1697.09266668471,9596.90266253092
7583.51971041814,7295.89994355346
2455.7715168798,8677.41162985421
1837.38189506279,8990.00485740331
1121.13900930088,9004.79929931636
1684.51416828348,9094.04827247738
7402.14458906917,8025.59385840034
1742.67954661785,5570.4482102979
1937.72720314419,8776.56517318158
1616.29229123909,8767.59668583411
7285.92870578687,7867.03923743356
7582.21746771165,7525.25445610998
993.374172938836,3368.00760095384
6838.89030017714,7605.68870979719
1748.60193511353,8847.63704794426
7313.88907708266,7652.09352562109
1522.61275535823,8769.91495599081
1717.17045907394,8599.65505427277
2433.34431064663,3515.48870285577
8003.02994147695,7286.36818604562
1973.7185322357,4174.93001315329
534.592144829023,3122.89109046621
1001.43039408389,7433.41508560518
5341.86901619703,3445.30983028819
782.862005086714,3162.24603098302
1397.54525743655,9046.93239326179
7972.03856971575,7007.69239421102
1657.94329676998,7756.00684197307
1244.42140908419,7154.60115334988
1055.90303484925,3387.10399860769
7015.11747035983,7849.3144254877
7643.2435587851,7302.99527545886
1134.68620212284,3709.31786502242
7641.7636923445,7826.59301814111
7033.41942583077,7888.93295243144
7466.89499491151,6808.71397359969
1446.18352193132,9273.73164878256
2079.64392083523,9054.66968608583
5035.00658553963,8591.20662534421
2059.19784010341,3444.91379278897
6988.80556839966,7690.71602748267
7518.1146957886,8176.63717441645
2292.69895448618,8185.09726215352
2496.68890274207,8722.06571003742
8215.7479294473,8087.15861812469
7931.49218131419,7905.96183832928
8046.31446362578,7452.35258649977
1384.84446742906,9040.30845374748
6947.21672671996,7889.24618571858
1837.83578911599,9023.16713109295
1879.65679000729,8929.48766847859
8454.77533123127,7822.60717090901
1469.76354324553,8989.33907441114
6289.08694207598,8222.68097012215
6903.14726610175,8069.78219668476
8004.4574294109,7515.51328601915
791.258909687008,9025.93164989155
1951.49678088911,9049.69953610709
7548.7040482943,7619.72583634351
6626.60093326468,7612.60015138055
1844.86468081872,9100.04183462257
8728.55550127314,7941.53415985777
7515.72320628645,7681.32229137416
1643.54685550512,3559.33176147171
6220.07808329264,8270.95285720802
6828.88490510534,7746.67013621812
8521.04112653861,8147.33343493966
7475.49420904854,7661.74160411739
8020.80981015148,6292.67773869208
4838.92651358224,4234.26385717583
2169.18566945236,8902.15984260152
1674.64013970571,9260.77045030223
1124.68237959596,9283.03755000538
1640.96920512073,9190.05805509109
6859.87070299014,8494.84989215714
1490.23431270377,3646.42455926051
6976.61663084808,7607.49375323191
1425.47879013065,3544.18396064528
1557.84902147859,3699.68867650965
4558.97523556358,8856.92174964342
1041.937259759,7892.61346437873
1239.58345581017,8941.93679451977
1394.34955468163,3849.21480748071
561.511159667751,3072.86580711109
1731.19437884152,9387.36053942198
1878.76132178929,9015.02918000492
8044.94433937272,7885.76526180437
1278.36962561649,8845.80480069894
883.085198172727,3452.78579693278
7966.43869885694,7517.94627647743
9027.17052816142,7186.90001428529
8617.5344006028,7808.22976628351
8293.62834688185,7974.01163431451
1098.6752853814,9037.90951990944
7787.27240031644,8026.64622816183
1535.0865573512,4041.04072928306
1504.36726212604,3364.65980832168
1002.80105380033,9139.73800742706
1572.0700807211,9237.75268647264
7573.27728700205,6654.55118626515
1320.9506012456,3984.42627329816
2205.77086236497,8889.65393936722
1805.3203669468,3780.08088482678
1209.17617711224,9189.51777022829
1695.84639578407,8964.47175111878
7131.01990345257,7350.3523231912
6673.52476298499,7320.60266549942
7817.93978715086,8270.09019338858
7610.7854223252,8198.76064194619
5187.51197745516,7423.92057860378
8330.53554989725,7831.27422511607
7602.2491243381,7343.35697272501
7628.3336475693,7888.46982604254
2652.17392705968,3540.44286801419
1918.32077932582,9019.96308664045
6448.29751432492,8090.71144730177
7565.67110029847,7504.30187125677
982.63525009122,8931.7174447103
6256.14400809636,7666.51684827148
1306.63422306079,4177.7849485387
2114.13033763588,8499.89312804126
1398.35766431524,9099.34417578838
1577.1919171185,3946.50775384526
6967.30805175167,6812.79272046081
7676.83507109777,7590.17703607425
7670.76396134961,7407.90826140742
7529.12973699723,7362.43584234066
1729.73701931889,4243.72114469958
7361.63526078911,7574.31850573994
7193.15961145694,7280.7686280279
7114.50681975023,7956.10727569968
7309.33466143437,8493.32563752071
1238.11541014214,8713.64313708987
1298.89007075089,3784.68425607837
7547.44848902268,8656.9380237375
8320.09303800248,7730.75272249844
1497.26143266076,8664.37090416992
7429.84023553162,7964.86589609404
1884.9067566912,9146.2338529021
5882.54698442078,8106.6860261162
6132.55131783225,8201.94945622839
1439.83862895704,8727.81931451006
839.384081136965,3420.09663618148
7380.43371787231,6957.71335126189
7708.47830144698,7618.46608562893
1547.73263656408,9157.05624593784
8124.22743217222,7310.48297682203
1516.29869510034,8967.72450361105
2091.33057984985,8850.54393239387
7074.8465998854,6695.60172777122
7880.27610047483,7662.90840924202
2447.09401985091,9259.7952113747
879.573824414234,9015.19411762097
959.299983770064,9106.90269511293
7183.58143194816,8143.92425779235
902.549684366609,9029.76244980721
6123.55776334102,7558.96501583455
8038.79403613112,7974.22879616253
1741.25601043677,3713.45143231376
661.27780813421,2990.22231118483
691.815907115687,3174.1337522634
8268.10087682299,7667.2859733296
6631.49799848263,6546.91730810229
1470.67717534261,3688.77793495523
1714.90881863265,8734.34433735109
2638.84387691397,9377.52870224917
8379.46184758515,7297.08326929457
3302.97707993715,4167.5709937228
1738.53686138377,8285.60996945944
958.219506995896,8615.73680784151
1051.7254252863,9183.81262377206
1406.86961816172,9050.10735675445
8350.54605788733,8180.81736646683
7383.71859106424,8585.65916561937
1666.30485937177,8747.04745074873
1383.69607759222,3935.01331853274
1814.48113749037,3622.51032855863
1327.11004461296,7900.3199276872
978.699578847112,9036.18405911912
7626.94033112623,7884.11678094067
1700.34416820579,3904.71863751735
825.417308752162,8980.70815430948
7972.35062524201,7765.60080666448
1179.01251214775,3245.20298535438
5036.51829221746,8736.17572250132
1909.10070133731,8692.36452738923
8396.2038154172,7283.75143725666
1731.14275522683,8731.30497838233
1981.21770860584,8962.54578715928
3427.80581472075,9083.82997749466
8347.2834096731,6900.75461167919
8357.00578917833,5842.4941580921
7779.91019717374,7977.09199146703
1547.27616994794,8446.21915432152
1300.7971142554,3273.10065417533
1549.92593940017,7089.04662660606
1292.84094716417,8943.65863877379
7183.19252513002,7185.6644645042
6609.63476648934,7237.12580103112
6677.36411739259,7596.04282360434
8717.94204139765,9195.09975309928
1327.97522856205,9078.30648947264
6745.96424767504,7550.35227307884
2052.79995547341,8505.03889317291
7672.42301202657,8145.63299847116
7595.07173367319,6864.73644228519
1157.32205285915,3563.35076126431
1747.1025212166,3659.63853390966
7424.34864315567,7701.62653949304
8529.09326115519,7305.99670168163
7154.01575212988,7411.54456339909
1438.1504432672,8786.60002833238
7734.59944485567,7786.33910148723
7870.89430467171,7554.29164027171
5140.56539842291,6773.16728647773
1211.69912626276,3472.25366431581
1166.9680229228,3617.29418950012
5769.170411204,7948.0388747568
8692.68476312211,7738.83365507587
1717.0214715182,7564.51793088193
1647.96175655927,8549.76274511586
1264.79904056559,3462.55291360351
1165.63536021031,7869.19195738336
1035.2623581524,3224.17468087459
7132.44675684686,8084.49310423843
7526.04006728677,8430.52038105868
7148.63191779272,7906.13213743991
7049.00237200517,7785.5443290018
8856.32145137101,7209.10274406235
7095.86276529117,7648.85983013896
6717.02954960095,7631.76928064898
727.608672692723,8293.67114671849
1871.52752282548,8807.73519406908
1774.73954278524,9121.68515179132
2163.7386010578,8977.80635412442
1486.47202158642,8729.18480379447
1784.38558949486,8938.52675385671
7740.7672780788,7690.00214301263
4856.55743839073,3826.11455384883
1908.48887074465,9285.24788758249
6706.79252345146,9114.2228617824
7992.19528061323,8286.48756217093
8183.15924664906,6925.53234682685
6795.18617656341,4199.92977180456
1564.64865228789,9058.80211773707
1466.02697189875,8373.93450683024
6250.81651923459,7287.05188217204
8094.33079817153,8173.65053896259
1946.97120206944,5934.78822184714
1335.00807760089,3529.61300602623
7675.4608974456,7303.04922302154
8527.56978918259,7499.69739989153
2419.0484483796,3996.74619207398
8270.8833998922,7159.37433801756
1183.79371207841,9074.34857693091
2158.33471933346,9213.66142441142
816.076257926659,3174.56279825543
1878.38315672132,9284.71263917992
7049.93750176268,8067.06027703791
7559.02597859916,7829.7472199336
7772.16880683874,8069.99888753244
1923.15673860933,8250.08394583086
2763.25907408611,9236.21526688986
1088.1695569133,7948.20891412446
7618.90947886652,6904.53376980168
7402.7306393981,7051.8689628082
1132.98611389528,7936.52134093503
2160.93635832462,8131.19898391452
988.245275059155,3528.34199678616
7433.95264128841,7106.2048216399
1712.19909842099,9033.09080873682
4763.93518379221,8243.09404862472
1950.97872743914,9094.25006325389
7989.6451651364,8073.40912361296
6609.09492027211,8063.75217305397
7574.3662781484,7131.99056136471
7913.70618899971,7730.01063085846
2172.29413121997,9159.45406688112
7326.7726431732,7939.71809730812
6823.56725520075,7581.91416205659
1368.42105219204,9262.55963429453
9117.39595796415,6363.38326921264
1771.17575207864,4099.73599331143
2205.85677103642,8725.35593630302
7274.05186908779,7469.00764529936
911.949995779798,3023.10449881332
819.671489123479,3525.57703060431
7599.83407061727,7266.22027008395
7464.89471672784,8021.96172128493
898.794033434321,3507.83855535983
2267.73865745159,8691.14775500516
7728.063305867,8035.94789973517
1217.34144093185,3704.9895199575
6104.09119885074,3630.98366498087
1013.41316285151,3116.07573960584
1729.35845848214,9074.4130083464
6889.71763542645,7048.41896232579
1473.18414212959,9091.78580573449
7965.54251026356,8348.44182981928
8185.10927855114,7539.86400290643
1958.66909142043,3998.023279148
1165.97107914048,7843.32225603806
7511.21094092949,7798.2878483865
1718.45595674567,9115.69839720453
5247.0945492615,4124.67241596293
1725.95766694295,8861.80043824575
1124.00871144341,3441.35773241505
4413.22156748417,3440.77108783184
7054.74127621351,8149.99447930748
7646.13282785861,7485.83830354101
1331.8819409983,8826.52814594527
1484.1721385323,9095.29084625633
7757.86742706868,7005.41255021979
1504.00446352365,8140.69672512083
2083.64923947201,8801.25158408352
6946.03503943233,7924.69806288598
722.87118455475,9113.79594054604
1590.89388305793,9093.54485630612
1564.8661448995,8931.0413124668
2180.09038734097,9698.14727195372
1900.53269867965,8721.46546970857
462.271224104866,7959.17070040286
1638.55454599343,4120.18457140501
7812.11327533594,8280.11966444418
7924.03206703401,7803.78734050297
906.150832508919,3539.54146873819
2294.73080845498,9412.24121384761
7792.16850768693,5928.07157118805
1432.51925416903,3829.82122675334
1447.42019056361,9167.17517304855
1310.35441669348,4597.77729820741
8272.03132699047,6897.33622931354
8052.49982616183,7505.21355263135
8832.15410090358,7893.31031156657
2053.27946347247,3935.45007292291
7772.60658637581,7759.2512266491
2265.05022616363,3519.50812416354
7832.41190816996,8260.39227663753
7212.12157366066,8199.46376641866
7924.64638529673,7523.10487537612
1275.33352738118,3731.23174196588
7270.49400481519,8325.90373113982
1827.17916959658,4056.90068200503
1264.32769063369,9195.73841368781
7258.60800733933,7964.04656814102
8213.65424564404,7757.28584609953
7324.72134526198,8132.16039151184
1722.87450818066,9034.11527380728
1297.39083751723,8387.71622118609
4661.55763193757,3351.0756298298
1878.46022992209,9261.84568451977
6861.69496238759,7810.2487145543
8186.2327146749,6319.214034706
7809.73831360958,7617.07891893724
1497.77219724799,3938.17235862019
1613.02709542284,9126.34459481619
1929.06905089863,9127.45662610522
1653.87409464056,7692.19373942034
7801.77230059883,8483.96166859646
8501.75329623152,7728.53962975673
1580.60351955602,9021.36648437914
1020.86454463602,3344.95966054622
1366.25851458634,9195.77808006852
7804.68756692463,7442.61384392071
7405.50549537613,6887.56257239332
7632.3639995832,7659.97640496147
7664.27272250336,7807.1103473112
3257.07483121723,8473.75168997717
1412.53945538789,9046.34830472719
1618.24199009951,8960.31575806092
1092.83118938379,3278.42063882079
2202.93062212946,8931.37163985277
926.027466309274,7947.24563385773
6934.30585460909,6658.50357614831
8606.21503913477,7052.30404097578
7898.54624247425,7205.71650396138
1255.13319924834,3577.64277987132
7955.82332656642,5455.33448232778
2576.38674928178,6084.99224026899
7491.06991745212,7743.86856652248
975.435812182892,3226.35278512349
6888.1023839808,7692.48558883022
1395.09610687839,3677.62787951862
1912.62309450832,4267.31769579539
1677.51899261943,9087.94798161427
1508.3128447043,8699.76690902501
781.162619936308,3275.54639302487
8711.57033300191,4848.84912359897
8585.96647407883,8240.89172581103
1695.5411648134,3947.2156521679
7070.66312899339,7776.98627462659
757.667977214475,3260.77719637773
834.197004992675,8265.791091137
1062.27272218637,3258.80352210347
1724.49461332806,9211.05923768634
4566.80614235914,6128.75388815847
6665.05247285002,8299.69120823556
7240.10675413225,7403.70989112671
7443.22095311713,7185.02171278433
1659.38809055468,9233.55471548474
2218.18353380428,8544.77241356699
2077.66955476846,9206.70216139252
719.66189600299,3023.60540108696
6481.21653955584,7035.97277678066
1674.54924780693,4226.20309818341
8615.91662135421,4233.59535058744
1972.34440517505,9252.92667524102
3011.84111300551,9564.19177629098
7863.89749722031,7854.37196338569
2019.62937707795,5698.87665582748
1875.31147720911,9140.60218086925
7341.8255297118,7186.52671068666
7573.73438828275,6739.52479961287
8084.75558509745,7106.26210514503
7529.21470765873,7898.82901766778
1178.37062508039,3719.90993834266
2224.71727872134,8157.01998428924
8272.31902612015,7701.48156584882
1086.11328375452,3167.57903509468
7685.93769404432,7909.40330941495
1035.88636587128,3223.99293394257
8911.36813403002,7860.82328430911
7521.91053417544,7337.72528334116
2061.44864758531,3997.18277802037
1373.28196365168,3474.17279755727
1112.78777875783,3497.12591789418
1249.10710286114,3612.80638797365
1135.89465104442,9455.21803877768
8201.05135550141,6956.86411065149
1493.63301329549,3930.25711289402
1601.01077096554,3884.63621360415
995.470823402493,9096.96726434836
814.033449572079,3386.46777977593
7228.32314936038,6997.74596489526
7403.08059696389,7651.4344819984
1931.76542680495,8045.87252379906
1201.81681838587,3443.85985760702
8522.33706741779,8230.19235423531
1737.3858626032,3861.69318559215
1071.22924373514,3480.58550671014
7827.97146897854,7523.50043159592
1371.44376147003,9020.51145514206
1205.82342631398,3408.34545941479
1416.04612050754,8723.35295269915
1014.13227402448,3514.7394116285
7217.80179775389,8142.81945888818
7487.6396716175,7867.6631619265
8340.1711920377,7168.99390101494
1321.35061887748,9083.77795778521
1753.59486626597,8975.73641455968
6625.56391431084,7929.19475976523
970.284389291604,9001.6435895895
1681.34170166374,9015.52119454743
4096.00764879704,3800.97793558361
1398.64740846611,9111.84115083919
6189.50856324343,7224.10585892999
735.24252905072,3040.7465230671
7497.08074264295,8457.38338059627
6487.9908475208,7861.70916369302
2079.78981337525,8170.47600177539
1772.55902032231,4095.0426324634
2327.17738050738,8925.76590316484
8409.52269055794,7718.6329543446
2015.44959913407,9196.65494311146
4160.28368648893,8981.7316330302
2195.92854407169,8042.55167763012
8251.69384550739,7538.31437383011
1716.93136911947,8534.96030015325
1165.46830898983,3604.84406829736
1031.85651360943,3112.86097216396
1992.19620910692,9205.27936303834
7071.82101740414,7200.78270722105
7489.76247661641,7409.648109027
7893.67382974244,7865.41348376545
7410.5940264475,7791.87200005119
903.029566090673,3268.65900644559
1316.03708536789,3870.15032963154
1591.23483709518,9333.13836746913
1786.50928760554,3439.33592281275
2798.7725763818,3681.87235915344
2935.11117260302,8597.15493014505
2153.70269889951,8711.00817224529
1407.25318721606,3741.10867275293
1320.45957519388,9145.04840612542
7368.81023663023,6738.64419028415
8973.85971753866,7769.62982173808
865.667418008523,8825.99432377767
1757.15203437946,9005.59427180774
7161.57071122485,7850.11797320958
6264.13367332819,5870.48086566578
1173.25046306318,9277.43857464276
7144.11765430926,7779.51150423023
6627.98238871772,7803.64202411343
1285.92028163713,9154.80919909553
2703.60366657012,8037.15243345086
688.148040353641,3220.46308421589
1593.77816848444,3773.76781766207
3087.11331440616,6072.13701091847
1515.81001284203,8816.05637202498
1827.89785242966,3525.44018113222
1201.37094667597,3234.1268250549
1208.23174159834,8806.93434870887
8313.41692368021,6326.85500174977
7219.97657019413,7434.61903482563
1342.26566997545,9181.13723199359
1532.47710009511,9164.33977080431
6491.6510238833,7745.87895839291
1558.27491261842,3702.11806030188
8443.00310027018,7420.12346203663
1865.46982096523,8531.71037081862
8037.21332787238,7503.22057031085
2320.20842712004,9041.51164613992
5965.8683898158,3212.40997542835
1453.30993509002,3480.0318951735
1470.5678432682,9466.04741097648
7674.82895629712,7728.05182591197
1909.4455195104,9127.06196901131
1440.67770830022,8956.77888560677
1540.02150167879,4397.84092432196
2843.18488906921,8258.95848918171
1250.68884283476,3539.89531035527
1628.56429091145,3629.83370147031
1278.47254456558,9028.7818288984
1696.13545031655,3793.83718494395
1568.65964463194,8606.67750333719
1404.29943982301,8789.53101683172
1519.02042345684,4402.99268589475
7447.00598173145,6202.38338889186
2097.41078929042,9191.96319662347
896.11813201233,9003.30517582803
7212.47895146238,7102.69625458571
7215.51686003653,7651.82585691466
7455.3809240713,6829.45464634983
1661.31444853635,3773.01223038249
7859.26501726143,7762.46738991643
1554.76444729919,3629.25799609763
1781.84611017412,3871.95769260937
2168.61999589372,7681.59851346052
8304.49945381003,7378.43198545533
1172.62612439011,3817.04932831637
8130.99616969215,8042.61529986871
1720.14897655486,9144.28411077951
1539.12075590151,9450.42508974732
7363.43690485985,6625.54594515733
6958.82504438149,8332.45714824649
1711.93159969085,3659.79441542243
959.608836233171,3095.14014258286
925.999741192292,3358.7137695304
971.082012910085,3793.91417866462
7271.18311027682,7481.81550629215
1393.40305109434,9266.39822682364
1005.02162172022,3562.1765554167
7001.42145349473,6913.87267336373
856.308846388702,3408.22100089953
7807.53188816925,8207.24166724066
1027.02556433586,3354.67075967795
1667.79573862428,8887.45174888915
1473.48895247893,3763.92750690042
2025.77905616264,8003.0424068691
6959.76548252317,8055.13005354502
1389.82093134243,3642.64873512479
7804.57014151582,7320.58762130761
7706.11378846659,7429.5095216166
1213.68298066699,8996.18689132338
1691.61951056458,9147.98339730489
5356.09746756177,7173.82286122867
7775.9202395166,7409.72202256254
6902.32886906624,7408.0990081868
2038.25515075472,8822.12855093295
7339.79283516961,6600.28595886082
7045.89892545898,7351.5913365397
1057.62426702981,8765.02724866032
7463.91973627974,7414.59967266221
1516.05105251062,9172.37098574837
1290.37209199873,3566.38914688932
4561.43217212327,3377.26404914008
1300.43164635691,3327.79758501436
1563.09144961288,3887.57832365831
8049.01850262434,7934.9029765606
881.812124270731,2934.6584252285
8524.21689392527,7365.06816546043
7425.93598535964,7670.90208253399
7214.70685470667,8557.19458057042
646.936569073194,3178.51577549867
1608.75738338342,3678.88625417847
1789.73367767238,9194.76074662344
1680.27608958318,3842.14925485332
7422.66199287223,6985.29417483472
1191.6044047698,3435.23710416859
7263.28537680285,7805.1216804927
7399.47129111106,7838.95606081674
2752.26724422319,8416.56167582985
7202.45757320025,7430.90442818298
7601.78123467193,7464.45926106337
7609.11580779422,6362.91505518882
752.885767964318,3302.35264205407
8449.23905568573,6384.15481971703
1881.9531933473,7954.03708186563
1021.30053651145,8016.93131466216
7077.32365805076,6960.07490898601
7032.41022411743,8141.85762875041
717.119188711924,3278.69603449328
7495.7178354793,7080.5201581192
5789.98873606475,9245.91358513594
1255.14879310148,9163.7201160797
1026.87751530539,3257.98332234109
7331.40312197621,7940.28073663081
887.99704479238,8944.23401685145
857.468580114387,3451.09978439104
1209.24102213786,3631.06504317062
1558.30853178562,9713.41772165812
1459.1297697357,9092.78370395656
1789.85820655904,4003.88338100978
7885.2653444646,7559.5723452611
1127.12486523649,3495.00304707547
1494.88508508205,9113.48914061371
6759.2607625018,8037.44822877131
1422.25767212329,9090.70345259356
1060.26465330151,8466.29608090138
2185.69642641824,3808.7418195245
1392.6731590379,8253.60580890598
7008.59112657938,6882.26905579578
7194.16848256786,7527.38723620282
1179.95441842596,9249.13692619481
7439.27474546756,7660.44759511229
7429.19519114546,7461.43211055123
7076.48745068946,7537.87944163432
2048.56888383735,9156.25391377386
1247.83714209062,3240.87462959296
1651.69878803051,4066.58415747346
2198.76171811751,9031.72688517706
7628.20127357772,7518.75504892612
1386.7056521193,3242.86071678755
1142.06526045764,8887.78817697574
1123.39133440269,3077.95748946668
2445.0402314667,8790.91575316468
7849.0120903148,7625.48351200846
1508.58910979258,3915.19206096074
1921.86502527209,3647.55095392794
7575.72637128887,7839.19031805326
1539.04947333558,8671.45442606552
1427.19509806328,8987.9175337159
7392.8447523568,7409.26022281414
1428.90121586041,9058.59602901596
7128.48736535445,7504.47124995234
6685.51118129972,6779.43832608538
7298.3400097114,7962.64253494325
1580.18318749003,8518.28061928106
1179.52039406302,3829.30161218497
2628.01347909098,3328.86873640482
588.521476333805,3104.92845810667
2917.12144882759,3911.74334898548
6179.76722483139,7247.98564163032
6993.89507251817,6249.52643830142
2591.16727501721,3332.52944839859
6628.84548866722,7778.60339947541
8683.14301185597,8170.69120782522
8508.91828243488,7599.40975571235
7129.44824107619,6824.93759099908
2256.77886932033,3424.46304767872
778.031761806172,9071.84185537114
1183.9784338086,9163.28283377421
7296.20336397166,6979.86262514172
1102.48065382553,3576.75075626126
1985.55319874332,8994.27075380617
834.009777359694,9155.92788954033
1411.01523215746,8793.32450795293
1277.229226416,8105.93342224633
7630.28751958339,8133.2393308684
1806.44529292067,8150.35154427583
6364.91423902527,7675.56921740539
1716.95259513132,8345.76479890634
1750.66366318571,9086.63183769129
1747.11557413872,8893.52468500552
1973.79870904633,8762.12839318763
2281.2173873648,9045.19731754162
7386.88830274244,7778.82580998567
970.439042291087,8668.85810981898
1311.87552918114,8106.19135267258
984.339041527182,3180.18815948736
7256.20922055899,8205.55508269597
1780.41895764384,8853.24822448563
1551.08082788735,9225.44699958479
598.766879013303,9037.26357832829
7671.97610227214,5347.59118852194
1760.01884600058,3991.70834907902
1983.42277531195,8567.20355233964
7667.46314611946,7701.03954230038
1025.25220806209,3530.30707005872
628.624871246496,9163.53213097321
2715.63663068408,6828.3563392598
1211.87444404472,8278.24249182471
8374.8915477646,7798.85482366085
386.560166891577,3114.7287016767
1259.02197770796,9018.70313741174
1665.55062772109,8449.07933357099
3181.63239815833,8939.87126824084
8151.82127272592,7114.09938080668
2341.88017424683,8110.25001371812
7466.46099952216,7859.31161072334
7571.99656431575,8225.07953092968
7474.10082363332,6443.80322329441
1810.51000044679,9042.96349733083
1348.16419648628,9171.61812939756
7402.19750131818,7969.90357032842
7160.18674684025,6779.09041079176
7087.31781150305,6813.67130453015
1323.64634402816,8830.43304380421
974.483152042804,3282.12884320474
6229.69293478228,7226.93232499076
1980.01391013251,8453.17357890806
1366.45623571758,9106.78580296057
1854.70378494912,8992.40223239206
2157.90922541505,5954.20745048673
6748.39421853613,6934.79933511457
3029.59038507985,8785.59776494815
915.599589127176,3401.32409254461
1888.67302114648,9191.12618126431
1575.86140136857,3443.20069384273
2112.08665318436,8359.96219239254
1386.1220812413,9187.29042255449
934.629221419926,3142.87879770566
7407.89669384479,7593.28271239151
9046.32490191358,7150.8839418383
1310.65650862719,4153.44280023037
1752.15508241445,9011.11343500055
3038.77342280323,8975.39008581571
1507.23347369804,3981.3150304538
866.287611152697,9091.55393869562
7467.01422031614,7918.99466873158
2068.10128352694,3783.70527853262
7800.57263461865,7484.77176874884
3126.00636042867,8676.88898317677
1263.72184799901,3678.15173414912
1287.82704187396,9101.0951895111
5803.34658984175,3640.51042964948
7104.84452452213,7855.35898733354
7775.00079419633,8077.3260149009
5657.42713252992,9229.56046407675
6852.27160083124,7913.87506904137
1747.19564073214,9047.42333446854
2100.8366727683,8455.27123948981
7669.71671845975,7519.14079495054
7710.30873176096,6471.73513531316
2127.14588083633,8270.32554039884
7802.2968085433,7815.8885246498
7476.419930678,7554.79523516399
7191.44758728922,8964.78889037446
7646.48831586898,7924.13738786026
7253.24309861245,7916.91320320024
1686.67615589335,3710.79384494924
7817.63288828965,6981.11612250534
7887.86986501169,7553.96132096453
838.986146070845,3236.06042318245
1634.88546893404,8616.7746084432
1508.8102160606,7919.94039258426
1381.50146717126,3494.78002226347
6713.00693880047,8392.52982898478
8695.43864602011,6775.37393879486
3566.47936722974,5354.25303343496
1271.67607696202,3617.61106868975
1265.88159404157,8929.14893516901
3380.85331032928,5292.74425566712
1208.6221426047,3926.99364895224
7458.58195489326,7782.07539422031
906.903049874093,3399.14938798562
8029.06689902238,7248.36493189893
1314.56841810476,3743.86581718551
7085.58946925341,6845.98308358405
1821.00553661595,3746.11552791116
1283.75395873973,9061.49850567325
1122.9296651997,8905.0051705748
8054.36548225644,8233.53276504605
2013.04806058892,3932.34785141659
751.111979890813,8515.81852307356
8827.15623950585,7445.38947391861
1397.32375776267,3273.38587091343
7907.1700713568,7004.82327410296
807.135196300223,3700.9297715174
7454.78181281755,7859.26816216166
674.514216853243,8835.72878213023
977.418771609224,2110.66127848892
1541.01334317558,3925.6157059171
6860.68907466865,7761.35526792928
1065.56408647877,3365.36065723807
7209.17862975986,6933.58700137069
8044.23839279184,5590.0556994251
1050.70058690571,3604.67333534411
7659.84911000899,7679.2851839819
1431.56872372476,9042.38944085524
1097.8072976694,8722.43674387899
1029.53767230536,3210.79010063573
1258.20126345792,8213.93306038278
3272.80519583333,8052.21798636832
8817.60608449106,6481.2620898083
1629.15727951602,3971.05244493304
7396.88332912259,8235.85405887366
6716.93009495,7630.60538045761
1340.95386815564,3798.34552886235
7291.6311695109,7536.21706416819
7178.72924506034,7477.38311781984
7120.28167535281,7055.36852466054
6511.2004768551,7593.69332776292
1724.48853935225,3742.46302679007
1786.52202192204,3551.92609444083
6837.98004045592,5233.00544310014
1929.79941557082,8541.17396480438
7050.51049362723,7190.83710138771
1391.09523875908,8454.23615260508
879.581205458781,3615.09655607271
1449.44924278141,3540.05095988497
1140.6662374795,8957.32710210007
1771.78094233139,5652.13143287046
3200.12936888364,9067.38157885217
8781.15361553871,7561.01194542265
805.774088392377,3357.36829355461
943.718797046349,8653.72489828615
1181.50409421958,3433.13689484937
6940.39430761064,8059.17486115204
927.17882599073,3245.61340430997
1769.87326786722,3613.94478704352
1021.27889055122,3353.01889347116
7517.73552554139,7835.09809786464
7737.26424750783,8212.7098090491
7188.7781103356,7294.06392251377
7567.54124467199,6843.61972670879
978.384503816834,9323.37956343232
7671.7196046328,9306.37835308844
1276.93002482561,3464.64513238755
1249.34667861728,9354.65264741267
1066.76866120914,3592.51690352312
6449.36396279564,8281.92967966213
6636.17383173629,7486.1361997907
8307.98942122257,7430.46232711295
888.987412360206,8978.61847539429
7483.73624865386,7817.23090416708
1523.56813421722,8824.28098453133
7262.24342421861,8247.63565197691
7368.28536538771,7575.1764751769
905.644340007168,9016.17093698131
7695.7615465956,7432.83606232654
7229.87160606567,8148.58399405425
869.473627235436,3290.87482671416
1302.58377213378,9319.57656484827
1952.65582321237,7883.99083988611
7480.03736381782,6383.35704410473
7441.34181882921,7746.86391227977
8107.55369311308,7621.88483099634
1546.06437088382,3873.75441212714
5539.55621928548,3716.53191591728
3034.49016123825,7999.32706459604
6394.9072520892,6518.9180690207
2112.86321236168,9427.40196002573
707.142900610611,3277.56830018594
7678.46149811044,7187.12303501224
1793.37072881538,9704.49880442662
909.533173627557,3179.98723225835
7221.68858195503,7692.43912309799
1490.4311429334,4421.52767549648
6282.18820366286,7139.77487608415
1753.87709212946,8864.47726924144
1141.33505020475,3494.63777858127
2047.90271368834,8267.72515095711
7508.49859462202,7412.97929039099
6587.7456904793,7616.3936863259
1127.36452932528,3147.54394991691
1839.8746343562,3817.63983349584
1652.9552027657,3559.83924471289
7091.2134402157,7476.34121384466
1431.57789057949,3705.78906859419
8706.52806028112,5641.86946873095
1786.92310949948,3749.49423621411
1221.77162063115,8772.56703299369
8073.59914821516,8260.27952660913
7828.05617958691,8254.14952322735
1705.34045834296,3600.54498625216
8515.77425883811,7346.70550543409
1602.13675450379,8881.28261709452
1532.61699445894,4186.41555240189
7385.84502757907,8002.00738087821
1491.83745367934,9260.42677838962
6629.81640034652,7296.25593815557
2488.35703341698,8516.0334452901
1421.93597805433,3581.51384882329
1064.70228578225,9117.77397344796
1563.19505095162,3669.46241312901
6451.75606670632,7069.19906250668
1047.86100266959,3212.0144049973
7947.59765763694,7991.79633171157
2250.16678839724,8417.55108922311
8683.30880951245,8323.6544909814
1178.14439046362,3936.84699540157
947.289914187903,3279.32849886689
1373.17243719428,3200.11123461931
2443.42477656116,8384.0097114355
1963.67472399325,8972.02920738714
8146.75969248615,7758.6693807219
642.161990738389,3011.02032225621
8442.26014757049,7128.53781026074
7500.41397795137,8108.79555686994
1747.71689220301,8715.03124399186
1893.16124397005,4113.36347973578
7508.96143650154,7319.18274259683
8060.34750168337,7780.19089213427
6990.7223589707,7825.81313590711
8699.08515382822,6041.06891652561
8244.84678566395,7411.18745819919
1673.18713499519,4487.41572985248
7893.43798107066,6236.18373987137
1511.19518604331,7516.42121831643
7199.04698627633,7006.96795799085
7828.74815020526,7657.55867676188
7524.56450209953,6395.95023019524
1113.02816381207,8783.13135037624
7496.00872028527,8089.63968315771
7978.26850556929,8195.64373636378
2220.31589118812,8420.66488615484
7277.11174093846,6476.57627809818
1002.91436846442,3457.24895292641
2062.91949340263,9150.89750403016
2730.01799567724,3580.75252608971
1907.97059508589,8895.7513802508
5734.33712543221,9003.49146053682
8416.87042213401,7625.08292799967
7418.38346320909,8239.78201465483
1422.48497716914,7468.99776976818
8559.97187188684,8036.81646891469
1383.01621135745,7919.54381317027
6622.53259250534,7509.32390008021
1890.53112986052,8999.94002122084
6572.13432794616,7481.3635641903
1395.33213206087,9027.10957089003
1184.03024189162,9258.57885817048
2660.21241026578,3873.73680131669
889.371298247857,3457.60152419372
6566.92772401988,6823.8326673786
1494.2951838551,3437.60422657385
656.768721623366,9210.67860398939
2336.88711121339,8943.51784929855
7566.46316439339,6310.9569347428
2172.26205404726,9253.21330867302
7559.76960278307,7437.19906620139
7777.26831282629,7789.42728627009
1519.18490089022,9083.64220733667
853.33213053006,8531.00715443601
7781.77014095365,6845.98815221903
7486.88295970204,6682.78829418853
8202.60826418022,7078.27229140465
1601.97718684732,9292.52992858945
1065.18617102024,8916.0090844502
1419.3919153432,9034.20473696056
7829.47851113475,7810.24979801346
7543.13510579886,7824.22582545831
1232.96174380098,3496.04549687157
928.179124229959,3277.53741374176
1355.14221307507,8833.6140613843
1597.5363911464,9191.83997765402
909.177876933542,3506.37851363348
1523.74882959824,4165.68270926153
1742.18090706956,8688.09843495695
7314.81990717466,7762.21851253979
7575.33558020583,6357.38121930924
875.338527436791,3397.84990761463
1459.78897864804,8988.822846145
8268.02763080281,5966.22213771688
6685.04478690412,8093.70819088148
1127.55946806569,3753.30365327786
1170.34995857572,8925.86925901329
8663.80700502865,7679.2625481296
1084.47303309431,3473.40762643632
7636.77594272421,7182.71332956321
7740.02160190961,8177.89088635986
1789.1619975081,8286.68044705965
2341.50881691403,7461.35382148393
1366.82198679506,8900.1318969716
1696.24964988585,8056.77345353517
2015.54702088956,3728.75811798802
6738.83070416614,7105.18816152243
1274.60804098267,7817.13220455334
1356.84664189548,3717.1574468957
1309.12818385202,3599.78285915502
7565.44918147714,8156.45621782653
1947.95812024428,9287.14628143788
7838.83388988842,7793.85182238262
1757.12257409576,8959.30644020779
7489.03957468863,6865.91263592168
1058.78713426298,3514.47814737584
1196.0431579281,3596.68338704146
1911.72024799565,4436.71858550462
1629.1373591341,3764.20753334567
1494.23398652241,4035.16672087656
7305.87729757951,7964.83527979264
1506.95075617218,3255.06122042603
1240.33802507755,3232.30094995089
6246.6850705312,7764.54149290873
1176.35533514258,3528.77635397405
7889.08595869476,7310.8071604267
1904.72398623159,9214.76301013451
893.770447395186,9028.34006553066
8222.46371387845,6335.66353413113
1779.49211329198,7783.44526848507
1436.92619247233,9140.78655546285
1204.45495647197,2998.40134593443
1388.34142877204,9256.78716325066
7971.39532684102,7404.13210872915
1170.06888451079,3170.41094211113
1200.12158911673,7660.30616852125
3113.70176830085,7760.28160176173
1002.22408219662,3369.48381359497
6580.20501614093,8153.78693798085
1500.03669218273,3897.59596573495
1620.80662466054,3728.46827041258
7249.52030628128,7466.24871239158
1540.5109808828,6530.56991557443
8139.68029154292,5996.86385358944
1282.47753563879,9189.74100449972
8171.88858629431,7332.39530587254
1349.17751779272,8565.66328013713
1831.54341735532,9170.42548728336
884.087022320863,3669.64958673391
6805.54201051081,7974.98718836849
8433.8634797211,7794.35067582594
1443.6819037141,9156.52379447226
7041.87280565429,7253.45052932157
8116.61431283987,7406.53757302667
7366.29212954823,6914.66662534565
1129.71351746097,8949.29667678554
3076.99394449752,8204.40192500809
8607.88705807672,4778.28307607937
1418.09470723784,3251.9105283359
7749.21941421551,8133.74818080899
1759.32943832839,3616.17731574771
7023.49795088614,8459.76417267025
6931.64451905687,7508.33684085117
5839.00842037141,7438.47661900713
1130.17706533102,8622.6265947134
3539.15078715661,5952.47337191143
6767.10731620241,8272.39480322672
1636.16406881701,8978.72324368399
1407.76543873669,3994.78669022304
7050.6169254746,7736.31227857982
7741.4573329013,7374.70701350731
1456.37798938991,8866.08018608975
2060.80153429883,8194.92931036482
8722.07050576103,7610.90419473433
1224.57597677305,3722.55124199786
1505.98300417595,8996.06353483789
5911.67013888647,8083.1396715944
1440.63314730196,3442.06908391654
6796.12817336993,4961.58913910851
988.248851364123,2989.96683401475
816.035203523422,8722.77113897865
1211.22862741433,9385.66274991375
2631.90801285749,8432.96981937802
8167.74205371448,7373.94875032899
793.555227541997,3461.23655523976
1313.6054632863,3411.14002255439
1291.49481127078,3700.77669163609
997.633554476217,3401.407182685
1466.07332490493,8807.24638386322
1300.87151328696,3795.94119707691
6918.49912095641,6190.61435711214
7301.04337897012,9013.77165366439
7219.08635401414,7382.7584310373
6866.2720820726,7580.2300714272
1451.00533653297,3703.23551679039
1123.44589438165,9067.21892049701
1736.54483719298,9073.54989661945
6414.07152875308,7589.34166417358
8132.81787856329,7822.16101849332
1470.74865080402,9037.58466600034
1654.55316470846,8858.09038339497
1161.10071201425,7901.99122219464
1114.17282742408,3570.55004325233
8076.01024650934,8005.97562287499
8920.21457693661,7601.68983819633
744.877560342791,3063.32677319693
7522.33449302326,7456.21035242435
8733.55661070826,5041.71475678229
654.52288281444,3212.11126414165
7714.56361408888,7675.00379627053
8830.92749571569,7171.19640413066
1999.6864993285,8870.87633420335
7305.61372758877,7000.12378470233
6473.32696872835,8219.12567274615
6888.70471139382,7349.91366129102
7685.86140868823,7424.83870994162
1250.4735808417,3547.14829351707
7919.6696138534,7110.74170041247
1541.00828581301,8976.33582413997
7525.88821739285,7659.97615641722
1306.19027078446,9188.77916142853
1151.46226570539,3443.72306813746
1507.21896128209,3751.11114795654
7661.33445268423,7490.15105761391
7419.23770335711,6638.838731774
7865.09341474973,7375.91206885441
978.713081936065,9101.06786073843
1383.14080775045,3567.89479259431
6997.26237598251,7190.46085413497
7528.46641770594,7667.31920853025
2761.55632773547,8875.3840145066
1314.4749425226,3587.29124962588
1106.46498636897,3768.80293376769
8433.3012834136,7429.19231993881
1236.1563011084,3384.8172222527
1765.85055387132,3556.35985717789
1716.44517556873,5427.92399277029
1075.75003748352,3506.34951681696
7387.70516405684,7237.79323730593
8554.76779797941,7283.83401313911
7640.45069764625,8045.89892891287
1233.47290903976,3837.43858580391
599.279769701182,3099.60379305464
7754.19717281724,7271.50010023856
1191.48092864011,8944.95609594438
944.193045439373,9141.67075985659
765.58004030756,3406.36680862215
1154.11247817094,3541.99611376498
1654.25574838081,9407.63073909927
1641.20120415567,8690.80209909938
8179.45412802871,6873.84932060533
8329.19882091245,7500.10336328759
1715.09032273841,9089.04305451181
1035.42646384798,3498.99585364986
2019.19998854615,8953.41835861035
1770.51398350355,7666.978636111
7459.50129359998,6952.10385373097
1052.26409908241,8739.40205101623
7077.43857364484,7523.15356563386
5672.22848342829,7315.58788024466
7208.57091276103,8612.09907200665
6719.27998895905,7606.15150534221
7550.02381128098,7155.60099308065
7094.03359309875,7677.20147780937
8446.84882067209,7763.08986804587
2334.66550548915,9002.68308430623
8489.31809826802,8247.5360184546
1780.59932849102,8907.14543440095
8133.07792228769,7354.92115762031
1716.91709153396,9097.19244874121
1139.26750524093,3315.50059585461
1217.42254231062,3914.88251213076
6450.55213639212,7467.95470110075
1630.87215668767,9341.35684995748
3194.99104085374,8551.36471564699
1264.52135846087,8851.18770425468
6794.25155180191,7808.72563900762
4023.36001603162,9124.43396056168
1002.05981460306,8731.00791281684
2184.8812599006,9125.45518318397
1080.5232368727,3221.28604927049
1819.67241746113,7352.94103320252
823.436226173,3642.06800152159
8675.97835296672,7685.67330272858
2349.07263658828,7768.05795949562
1326.80270477252,8813.29636563134
1285.6370384497,8537.43203919132
1210.52297748462,3140.26966111877
1525.13851514607,3499.19388421554
1353.84083387976,8380.17853305368
7716.19888833336,8044.85188520261
2793.47705637657,3326.99644661559
1525.92773362973,9437.20412443377
3014.95683866613,8679.4404670278
6707.98784311677,7455.22212785212
8050.9571370628,8091.81223485186
1440.27453868113,3782.54536149117
1662.17393665579,8443.2012273819
1632.01057200323,8699.02545862611
6917.92249084468,4925.80670520273
1794.03687507484,8821.89744079875
813.241946728259,3071.71105704905
6510.65100115593,3717.73087401499
1215.28942380485,3517.4134244212
962.988999543886,3713.11777398176
1369.59129779566,8946.46577531118
7465.47750591269,7662.21266279367
2071.92247667392,8986.76544203133
7906.67192946442,5427.42182896728
1024.2267036282,3170.25810830605
7492.50645443533,7833.21897433193
1899.89400838402,8522.55476601925
5556.80395489402,9045.53936826556
2201.34352615225,9358.35126389659
7560.9682901682,7695.13906120128
1714.88860571365,8463.67450486977
1352.96178271009,3759.77120199418
7294.31587995779,6876.87900622889
4612.11222778469,3902.92942588721
2259.22507466343,8269.61099112717
7555.12637932848,6746.83340023333
7312.82544263193,7520.27591295783
7120.95027048614,7390.19479886739
8313.90987152001,7524.68640050916
7559.37907445038,5267.04000603536
1382.67514713805,3965.78040242638
1478.03928634094,8738.61066430389
1663.49549914552,8771.78812503039
1536.0328486569,3264.41139074757
1153.96539394368,3628.64659371619
6937.88067861858,8195.51092858313
1206.14867686933,9118.29781378426
6962.78804056491,7972.00278438495
1087.35743716614,3308.60240467459
1540.76812572454,9236.55441365541
1240.8704561729,3174.08332298444
3841.99037443845,8721.54852343205
2184.4436478225,8268.36316801154
6948.56429123947,8095.03348512875
673.840422004025,8013.0735886672
8778.31431106126,9273.94607757905
2574.03724222882,8443.23584517854
8046.23755029615,8434.88520697666
7998.87436099197,8496.0361823549
1084.68647611938,8374.59588979735
7898.23257650844,7278.17722765115
9034.82044179281,8261.42355728909
1515.08761626233,7985.98713460782
6852.75187671021,8238.79534105516
1052.58563754776,3599.66532302945
1024.84995187335,3451.92464840533
2051.26180592434,8741.10518614849
7546.36080993466,5949.10802917567
1953.58936379709,3959.75831936045
1523.59904314311,4124.21376201823
4384.50203053607,9068.01202853197
2500.13918185015,9016.34030029996
1369.56496729138,3700.60821159452
7127.18527959506,7328.54935112711
7954.68590701969,7015.83413444532
969.272364946432,8754.68418911791
2748.93334946856,9207.59523083265
7269.84751967397,7788.13978582626
1255.4285762829,9230.97889637307
8460.32870695126,8816.05313289638
1294.56210285061,3600.90156847497
7466.0476984817,5153.52999251321
7592.73184633584,7733.63126590309
1265.6927791878,8047.46202266741
7200.86109302184,7386.30727628749
1018.18128211496,8210.98835938667
1073.36367184264,8350.57621629016
3572.29291688859,4322.23250332874
4373.84501328554,9350.85966956664
1591.41240537581,8965.70619886955
1582.293851823,7860.23451613151
1613.46625622065,8533.26180593947
6788.20343322521,7030.1747448541
1474.53782608829,8950.80863772156
8241.57069754694,7415.21471120187
7749.52444328349,8083.5188682557
7519.53158603576,7391.86906767976
942.279668631478,9012.41732615004
7665.40092311892,7562.28231654836
1559.16904970501,4244.76548644329
7697.30332179729,5676.765060335
1931.92547982722,3438.85983508642
920.4925136914,3174.25431885769
7691.57173874127,7430.00282372658
1526.81309849989,8849.28157691348
703.061589515287,9553.8221694141
1621.36095842169,4043.0982334
7381.99570188499,7464.13815737929
7256.80735164151,7749.03202146019
5942.82540512509,4100.82405959442
6332.16369979158,8181.8222909298
740.199345026518,3640.7227396001
1259.00359002189,3316.63973636672
8009.88129939329,7202.62183956998
1568.5057157295,8890.93347272815
7414.04371864623,8202.91927724454
7186.31603345826,6467.82666815002
7414.03706055511,6087.09850065545
1231.1298087462,8933.95276599506
893.685180770459,7006.53487373608
7572.62804982564,6889.37652944297
7019.75577837147,7518.65105748479
6710.45108539656,7267.61979475144
4194.98824113662,9001.8030304677
1920.54995397835,9036.62974178817
1208.34885761069,8724.50452132073
1793.1224158003,3833.4947512821
685.76548012132,8591.4654408004
1832.13946485176,3982.70518145635
1174.19161028525,9002.28963130447
1388.211612037,3075.79767420041
1669.59064240791,3852.93751045838
7537.41490055949,8421.3607557387
1682.70235805838,9038.32601791458
1776.7582586857,9163.66579967294
8387.23046297771,6640.17191003368
1787.06455089879,7302.38689622967
1211.88871016805,3231.85653822485
1125.77380753267,3446.03486360311
1022.25487931099,8381.80975406872
7648.3273640243,8342.05233116996
7767.51095744149,7166.40418930671
1501.37330449411,3394.52556338915
1384.16516500967,3281.61926819803
7235.00164453299,7638.68124759903
7203.4399500733,7298.84503091451
8530.19266055461,7078.07635261841
8062.12400125323,8457.91627080139
1804.35085570453,6347.51434176052
1449.05119297119,3563.21167690975
1673.41258923233,9112.48013044354
1639.08274930292,8553.06568850819
1201.00825205888,9036.23332078982
7782.23147837453,7164.28885012283
523.366387987165,2974.12944903067
8065.90909568944,7190.54240041355
640.211689857401,9068.25774548453
7759.28350660757,7428.8100944662
845.263282880651,3142.03139448327
6844.7825541582,7633.77210598272
1248.87062262791,3857.89647873198
1598.03095710608,9153.88852949383
7321.42828265288,7860.39102150638
8383.81713716085,7769.48608177261
1280.97546807764,8791.50466500472
1198.33337246016,3425.06380889911
1428.22320527625,3920.67791344685
1663.27369280698,3607.38139252318
8694.02323632019,7447.06680442782
1288.97416067658,3469.8588484735
1582.59464464312,8925.6111210308
1562.4762375846,5859.16811395653
7089.25672926134,7909.7332850229
7446.48199074344,7320.28340337847
7880.97724598824,7475.40893092595
6827.67361672139,7840.46517016514
1582.63197891661,9107.93815475413
7458.91930351047,8592.18304155137
1158.555933214,7826.21147775425
1375.23120989699,9099.27631375336
1448.677611297,3802.54896486351
1341.35207824534,3541.90802639797
2171.46753703674,3745.53179064917
1707.30690152411,3795.56825817686
1663.10287948551,8986.79329466419
1347.66573950415,3772.67075338866
1410.78928452828,8996.61243800559
7112.87713124948,7668.54722822769
948.289785812938,3537.21061362275
2084.22903427641,9253.71971631343
1444.00834448072,8956.46063083173
8365.06047188358,7115.79554999299
2244.03558860656,3301.66268092579
1615.29255300897,3773.36441251854
7529.19034628973,7505.03855097365
7478.94118046245,7953.86717766715
757.988624598561,3237.34226527677
688.443949842292,3389.11206771539
1491.03849734923,9111.74935364173
7516.01925138689,5973.92251995342
1318.03345149929,3559.5650684717
7496.65198843528,7859.65027184621
2048.61700749315,3762.82294655913
8006.85798241697,8126.04635069083
1826.55052893493,7788.63748986026
1309.8183738587,8680.56795994024
1320.42581367408,8860.2051620598
953.479062225105,3543.69429506401
8158.63090422901,8623.21017923162
8294.23304487488,8372.1534718865
1323.82349218235,9315.66687159657
7332.07898193811,7471.91505635079
6905.91974261741,8056.92170431321
1583.98737363062,8876.84300704113
7230.56627270012,7809.16897105946
1480.06986079062,8726.07767372117
6898.82847401092,8035.34451484915
892.975238182963,3284.44310663406
1655.92625388212,4078.50114662486
8418.23107406059,7363.43284957873
1459.25615886236,7519.02802023908
7123.93072884738,7478.01671535758
7212.96958024731,7241.60415171578
7784.03749447262,8068.88184507436
8680.47427079197,7590.24419473589
1209.6902658687,3331.47477548464
1415.82348433333,9028.15238724241
8238.14318641815,7452.96282756409
1393.51496485896,8950.87310930874
4275.16628089073,7662.42562068169
1478.7809787649,3572.57793487712
1128.72030916257,8399.83226824503
7277.63450507493,7689.2614071286
7534.87992313472,8698.5474185498
7305.80923307788,6325.12137846244
1168.78297058227,7683.80919726847
1328.9401125238,9025.7515648746
2430.86684597959,8156.55305073099
1660.0926264903,9678.09689700079
8562.87536487122,7609.94903971209
910.963793568194,3063.64678624529
8407.32109635372,6233.56106389987
1275.41911432544,8429.61026341083
1400.53653954741,9288.7936982219
8074.36617103448,7915.93771682221
1085.37808370248,3364.06058015969
1085.05904308322,3338.38316131669
9341.75677904696,6994.2794912885
7326.79902444697,7053.08517409123
1505.17301963251,3597.3531539311
5989.84846722385,7353.92490463592
705.629250568704,3223.77990388739
1389.47265519695,3765.08492808042
7557.62248642507,7930.67210441858
7495.2635012062,6856.79622094854
1278.95277509932,8905.03942583193
1309.9129045101,8884.33374354762
1512.91023046711,3574.08812887774
7937.00132844489,7528.84137612479
4543.16360711632,3580.97811140611
7405.96208106762,5925.00344918481
6956.32993225342,7830.56771670014
1032.25248052482,8979.60057134595
7441.0438009855,7693.11060837272
7482.08894997083,6123.77865770408
8024.6290529113,7788.0776817963
1641.48779929016,3788.47597734238
2151.89571188394,8301.96723929549
1318.48290159561,3982.3549015029
1780.95527536471,3461.12144695356
1471.52185795278,8867.99403052505
7268.48256243512,7487.49830651487
3244.87704377392,8725.30931815666
6931.02796394587,6519.40675398642
1601.12163798034,3871.64625627328
7185.90653005966,8201.32787538381
1166.25417175337,8955.88330309579
1764.5702957635,8433.75596173614
7133.4293063018,7604.90965725305
7030.13431114259,8321.75397625618
6597.61964241409,7509.23688074723
1466.19622384763,8373.47227531625
6266.16905219268,7705.16220217788
1683.08841928425,3649.13667073005
1671.61906916389,8992.26417681989
8241.48899553415,7531.29893099063
935.057549795529,8571.74717124727
9102.72200183466,7657.71433887164
7236.20153831926,7592.97124353697
7126.70574971563,7241.60221645434
7818.89090778195,7705.46516826026
2274.14387095004,7731.91485324225
1792.20040340778,8469.42697520532
2737.8984898024,8324.63359671254
1369.0679781746,3358.54315576408
8160.5054504413,6429.09571418562
4950.5540071904,3224.27347414396
1259.86850448756,3704.13124291234
2609.45615437357,8238.10849439316
7052.88693806437,7588.93090194221
1864.41180206782,3736.91877491472
1261.11036981736,8509.63107761239
1507.73931849599,3830.32733794946
1638.4387226053,9145.62204997104
1102.41820802656,6689.60323813432
7488.04332041095,8329.14014845546
1708.19055242396,4761.18247015484
1916.25306208554,8638.73844530059
1217.19840460514,3653.06482529158
1072.95046514316,3227.9289255486
2020.62261960266,8965.14449169049
7270.75198361625,7964.61852463464
1345.18282371735,3364.82862827931
1252.98966217926,3079.07714255787
8242.86403727538,7960.55207429298
917.846168674166,3599.88677461606
7400.27672722027,7542.90511622854
1677.56502519771,4974.18191286367
1445.79472110842,9060.04230001869
1595.62381642494,3567.294663434
1395.20596783193,3667.62345955482
7722.72448687705,7398.54190589071
1352.6701500573,8949.87806283452
7780.88110638219,6812.45294430902
7771.89851666648,7761.51374056005
1022.17093665964,3518.87699237168
7495.20346490197,6832.3959455517
940.337175486724,3205.47046217006
1525.49326669823,8754.83685637623
932.150903147917,9376.35821552423
2419.70831008274,8046.58042337825
6762.48259949512,7837.5611950944
5315.80122154624,4976.29167156795
8301.59946739707,7198.83008311393
7734.18928820529,7290.48900920005
6976.95740380779,7940.38292518753
6514.96741305243,4841.70661007624
1571.82209183856,4005.25679693786
1827.0274717434,8509.28741915225
789.537155387355,3220.55088324238
6941.09482421555,6779.76637860825
7282.68818908983,6688.74891025064
1612.06054843666,8604.92919985981
7839.2816982582,7595.90183410395
2183.88483719576,5337.25449422813
2202.66221721171,9286.82349545497
1051.99971808162,8905.10564195652
1299.6665003287,8319.34416552071
4323.05161126371,8299.58433413299
7835.55591150488,7803.83868567254
1113.07433493618,3213.57458944379
6924.36339173794,7908.32313136187
1475.17012887019,7486.23587895113
1479.01916333016,8917.19147274257
2454.20842219506,9178.10300352615
8750.71050705685,6301.12948412348
7079.9280219666,5961.65327480525
7534.57691882676,7692.49979304482
1013.43136242517,3446.65169092566
1496.27129141475,3684.43411149074
1436.33413407791,3878.39694103508
7753.86743828631,7916.90212518664
922.33992513168,8732.57926540963
8076.70117414297,7900.8205422579
626.189622130821,2622.96355290637
876.316478752126,7679.90163503251
863.032561639884,3283.82230709587
1454.8152790981,8924.66451551001
9145.41787121508,7771.95215819488
1240.57030545621,3419.81667017337
8146.34505412712,5568.54676595269
1420.61209134873,3537.42797364159
1846.19717458745,9158.44125832167
1270.19921044376,8900.14983490589
1437.8040881738,3579.94139527144
7716.74808681016,7514.155909188
7324.5471266103,7796.51629552587
1558.45484262223,4097.12976797936
1413.77132527062,3669.70487040201
1471.8391519253,8492.75923065393
1832.42609427935,8488.60585996735
1481.05726171794,9088.19583030871
7878.10602000067,7417.32009238466
6864.62444411984,7417.37012654561
1848.05707313925,3825.63463089205
8532.76720405651,7450.01003343485
2112.21424572626,5129.42473264117
1021.21481717815,3564.28904317035
7972.03535026341,8065.15462323745
1489.44149086739,3392.02428653851
6270.72664363111,5443.54140641059
1555.33253496459,8876.04792050021
7534.81609721594,7318.41803670396
817.165545923782,3284.6028799996
8001.18070672016,8916.98123063619
6653.26102210096,7549.73625862979
8509.13322721362,7186.250921981
986.36828925704,3218.77745632594
7176.75784351446,7381.30663749714
7159.25267978641,7044.63622347635
7221.09157941302,7258.66933131654
1387.82111403278,3542.26006550469
1832.66304217647,9216.52149203302
811.826608997,9035.48599687323
8162.22938639281,7312.56053086007
1495.95384226497,8337.79336811933
1310.83065969904,3632.05940605548
1568.87521928706,3897.58737809669
7525.39494615138,7291.47780423136
8710.85065799697,8173.09608738627
1678.67986662774,8196.7216175736
1721.43340764318,8143.41685133923
6059.66182948486,7802.67453932718
2955.27814919892,8777.4397933188
1181.3401120185,8957.0785750885
647.639999623005,8827.81847354807
7894.93131776575,7421.02932089836
8243.2716424402,7314.7061168648
1480.50306103964,3705.68927147544
8293.43975403807,6576.43012267279
7086.80802992856,7877.87057386343
812.140760044574,3355.21988703071
6930.25063583936,8072.49597247831
1338.07275357146,8977.30212182731
7459.98813916676,8566.47981447422
1508.50276689221,8294.06131368455
6660.30404430493,7541.42937587614
2475.51938048211,6486.59518105105
8079.89204816615,7406.18570392857
8667.73390967787,7485.36719877489
6666.7965346596,7898.3264448985
1643.95909787189,4351.03608600517
1342.50439387991,3591.97219524844
7233.98737226323,7723.88490537555
717.677276453151,8945.25724923726
1695.57932458465,8672.35409932937
8050.62509631516,8185.89637110754
1218.50463535573,3847.88758705688
1412.45730587474,3686.54321624109
6982.24348821901,8289.10290423454
8232.63693153598,6812.62490902234
1556.26207352563,9177.40302000804
7833.20634977357,7110.61103049262
7534.54496441636,7610.14708386679
1597.71592762539,9332.22230352345
7111.2792522772,7656.2841956636
1365.81779623977,9100.01990114643
945.212776800893,9028.43832060692
1995.7848026151,8121.0705823206
972.540018832237,8599.97553565777
952.760493009623,9285.98033233502
1425.47887347683,6089.22834511373
7863.97570650935,6888.54857680578
1309.65269382538,3773.69808065906
7095.38325989457,7680.26089791756
1360.33711438814,8884.74695677508
1563.00622424805,3226.78157682226
7154.76979335666,6502.41168477996
1845.22830879272,8946.61425053812
8199.19073560382,7287.95592456242
3555.53049072805,3517.09436383202
1622.19029283871,8950.19543402937
1418.57794609036,9266.22853054842
2439.98782661133,8259.20981505883
1185.02918680275,3166.03262041712
6668.25634300653,8203.82593564276
1917.31642141311,8646.16452850074
965.012851490125,3864.08825416017
1893.599024327,8852.92968198474
1050.05137495756,8803.21132039098
2319.51816259182,8078.30514232059
7458.31241481539,7807.66163708446
6555.21749748394,6707.90945100869
8370.51687836754,8227.26621382798
7665.0136526566,8304.21265123409
2143.9877048668,8127.66041367551
1474.23488638907,3643.09527527489
1535.08408547401,3743.93562329668
1223.66340139247,3432.94303849793
1040.45396777214,9201.65240260244
7385.68150055118,8295.92996870712
7193.36072735289,6362.09486472217
1216.34624978526,3517.61627577718
1593.02053814191,3353.46781440077
8066.38638757715,7640.91889301948
7631.20218148919,7761.03031219683
7059.76951068351,5240.03531571985
8889.311505011,7562.49529016023
1152.48865213041,8804.28075447362
1139.54369232732,3317.2841601784
7850.15568946982,8542.40315920687
6868.09748453545,7621.19754913763
911.487962391538,7290.07630744133
2869.6574166532,8952.21626213705
6877.83332170704,7007.70116471557
502.446951385703,3193.81239067332
6675.91945605804,7789.66016296585
1489.61345756434,3684.52845724709
8091.40965607081,6923.51763648706
9057.73823797352,7265.67969173187
9232.15640982634,7438.62851355065
547.886791732155,3166.95230969159
7575.86088925665,7865.85130722002
1155.50227369915,8998.84497776458
1954.20647547997,9217.95735830709
6882.65484869586,7690.29829446583
663.639578020128,3113.87882730129
6785.70309288712,8061.28189453702
2446.64861229923,3574.17342093951
1498.13666977269,3565.78085957452
1098.68619762313,9163.35919214405
7621.47907279772,6565.26437777693
1589.24715076745,3502.38327595668
1087.57378084288,8957.60326134873
6707.83112643453,9429.57151124024
7672.4124478961,7712.81774818363
1401.61543534381,9050.82859425278
1077.8376651471,3601.90030751289
7160.95638216398,8040.06726748306
1178.38682481052,3595.03523783011
4317.1880918589,6876.22003304342
1563.5301950105,9044.54561806481
7587.42475875686,7375.47940610687
6174.13812640746,7260.54548850863
2895.77886344675,3329.70489084684
1646.81513665554,8744.77445646905
1316.65665587216,3693.89450176107
681.047691943144,3012.16916452306
7930.11607306062,7762.98080312967
970.812193238187,3281.15026220913
7706.33618810586,7725.73759404331
6992.14787262204,4688.11373721698
922.05844482799,9100.82243790864
1521.81741706527,9113.06438555011
1208.24966922741,8011.4192995383
7232.00399240142,8137.76880622638
2660.51890229576,8841.87959290782
938.062304998874,2977.11052333871
2474.33733503764,3401.83830684574
7584.84187196004,7727.54969633008
7638.89009719186,8019.95197224645
1022.10537408085,3332.32139137486
7905.30961463051,7645.58274361776
1366.50482785047,3661.51574414255
2083.030042964,3868.39525974679
1051.47585728018,3577.49693880004
1443.84541866865,3789.86641541395
1513.06661065265,3645.19452949357
5640.39602375795,9041.95149418601
1150.21427237458,9061.76327280548
6919.34281838028,7953.0706977664
8441.57635538305,6448.43131719633
2062.65940782461,8779.44673558017
6856.53919484091,8512.04446485109
1434.41264564834,8829.93031762971
2185.88122568304,8886.22781915652
1650.73630612357,8838.58180844925
8006.40883602672,6948.91154911494
1440.7184766937,3481.06251365739
1703.80010534616,8971.26146499669
7493.48052966469,5177.56499684261
6187.37535825382,3883.20063087055
4213.51285672739,8342.4744578388
2123.56854155574,9071.72330384881
1673.50762738287,7605.86504334815
1507.2370610616,9060.57308523481
1252.19189683669,3474.41668580992
7828.31396840941,6153.89002725142
1570.74200513737,9147.34280505453
7106.60420264404,7388.44495494908
1106.33904841983,3366.72840760335
7877.90261100952,5275.25178349735
1172.98225769744,8939.86644735722
8275.48584898295,8016.3834503821
6969.29914301773,7711.73419681838
1577.63530838225,9135.68738849853
1453.43177995911,8147.61650751285
1425.31841142541,9233.27209517491
1368.08785657653,3380.7508212854
6969.80702791172,6787.86271888782
1572.35343627098,3695.65046770696
8331.06040937181,7507.14850437778
1478.03701638455,3892.49391162755
554.83017341236,3081.97827041668
1720.12789740295,8912.20654299757
682.196463942632,3083.28911585089
1536.03410795994,3598.66453197518
9082.40499044935,7263.8801307258
1706.72527682454,8908.29111807394
7117.00229269291,7388.52887719236
8067.8474095426,7370.91558621582
2109.845934336,9092.04490286522
1747.64152415354,3689.33670766583
7325.79129476838,7774.19644071183
1543.6426729458,8948.63460586114
8242.97882378678,7299.39411815648
7619.2475548711,8614.14374446629
1565.17646005484,8365.65526846733
7336.89899617158,8062.82621524024
7681.45160911871,6641.50116161659
1811.91260953036,9360.64110628141
1599.17459050009,4128.54728404063
1571.62119758729,4594.35822952835
1650.89149941687,8632.8560949363
1472.69516194062,9207.11585036368
1694.15336499828,5452.55410493975
7025.46285126065,7241.22214855306
1345.82668805002,3756.3746111453
1123.06928228335,3216.35511957468
7741.09140754228,7823.76603404421
4144.47042943318,3560.35890069982
7106.53331492938,7159.58027954664
5901.14100796039,7849.35781588497
1613.11044604501,8947.33079864632
8285.3735603151,7691.37933762071
8152.31138678288,7409.7758052881
1805.04447381255,8957.64053734852
8354.76569709071,7786.72518926012
1308.29406067151,9002.68448603913
952.447260851568,8826.48270291371
6888.36198508923,7857.29389849514
1284.8524917015,3429.19324475372
7172.03690660151,8791.60345066355
5656.34639300853,8946.40919065576
1677.68472628846,8371.35072125923
8210.36725004733,7380.60775048223
7201.6346667873,7743.28681207136
1489.75713511675,3495.74450975056
1696.38045596229,9201.88550360209
8485.60632468014,7152.1689709598
4030.17783027968,9297.41455398789
1956.62400304362,3810.69791187524
8316.95555590459,8127.26560974005
1653.56426428204,9136.30379990556
7148.22875879846,8143.53020716318
1747.16882962635,3521.84702516738
1240.49610456345,3421.80767754401
7629.30246948699,7309.78230275549
1187.47003868504,3806.69756473303
7012.11828295039,7464.33053346864
1851.27902989063,8795.61905435178
7036.36622479627,7100.22012394048
7606.98639750107,7624.86821568732
7147.6807221238,7858.74857029194
1157.01135307314,3424.39022227568
9913.13409013313,8070.38607195394
1642.09767145804,8598.54357636704
7501.21647731711,7776.15659422753
5769.87629768862,4760.36568207143
1522.86266733882,3628.2874678123
2146.813881717,3422.01326387122
8139.24374845666,7585.00133573099
2193.4902405376,8314.5865290364
1866.39179060502,8718.97812156828
2794.98234633185,8223.84884283511
7537.12000492295,7008.87977779101
1591.19424258443,3824.45625029956
2183.46594318458,8662.44725219422
6518.37316314272,7507.88804537472
7189.65394877594,7609.92414585584
2912.11055697715,5611.17378022103
1385.78020090124,3404.80363871307
1639.6656834428,9451.31400443711
8163.1685131197,7245.44303555239
1097.82299850718,3055.24472700317
2237.13711494272,3786.39341877433
1181.09996623033,3810.01408690363
1707.79553336343,9218.7444122647
6961.02841590022,7406.83414673315
1692.50607140568,3688.46343072632
1880.42244508227,8596.75201674583
1357.09736291144,4236.43996608113
844.413927806946,3277.43986620059
3592.56222956353,8352.02325179277
502.468024288624,8055.84952614959
7741.28918916022,7270.98238423571
1671.72300974158,9020.58565623971
1571.24122186578,9084.42321970381
1721.05907663607,7851.24706378649
1539.56388978154,8657.75498375758
6564.01120429565,6143.69467030054
7617.22494856755,8541.52221124392
1079.39431549079,3334.11970739918
1100.27679883743,9069.96490623895
1734.45913009403,8395.4081529334
8780.80913460839,7366.9628023995
7286.71028506724,7153.69506855127
1294.89168097443,8532.0765863135
2069.39872317685,8866.34688819937
1170.51826697562,3562.02799269947
1231.9184882604,3636.33715104833
1493.19994842685,8992.86909636532
7848.77642816369,7278.9756499927
7942.06551321355,7700.24570545882
1357.97786623219,3685.42646493693
1714.12754309875,8543.86271572636
2141.13697837877,7998.76985934906
7838.75670046891,8161.00568738422
8213.74427912996,8240.62349326965
977.144537270003,3266.6161508316
2204.17208092784,9165.73442714737
1219.66117555885,8606.85280476287
1317.30616981547,3395.25015189583
1234.00271378761,3478.36179118326
2365.79473065794,8809.53315749482
8239.55652239494,6545.67795264681
1310.1597034027,8623.83685396589
7817.36149713704,7616.66511905349
7366.37245175041,7707.56415945403
587.551381304925,2980.62914901561
6836.44413710854,7878.76229910378
1329.92014363982,3551.27602238335
2004.44015666212,8400.32143581797
9065.54195944154,8075.93886963945
7674.74437421547,5932.24023445699
1661.18364809016,8954.76865463526
7722.9237273677,7900.17160114236
1302.5341347871,3714.71605484835
1286.73894689978,9218.65837052555
7094.54890125232,7955.3027380364
7458.14766013331,7773.11176822311
7283.95528093289,7410.29259887311
7097.47074103539,8462.28456053603
2087.83889940792,3815.56364682536
2003.22086526509,9200.98529587054
2328.53062417454,9080.51789349526
1050.87073878495,3567.81859181275
1971.53372022406,8527.79124700329
1630.30625541986,9102.20338555047
7627.65020571322,7834.95495648362
7780.19217056364,7693.37650780405
1081.57787042478,9155.9847464096
1076.18778774941,9128.66603883179
7973.38849364693,7808.71616706684
1636.64879048128,8975.77402034195
7310.66798909766,7584.66675321664
1339.74774009141,8691.14060906259
1377.04073053437,3937.68637094725
1432.51433051742,8512.24142234516
1150.81972971175,3867.69587907689
1809.91629706093,3825.93508022913
2356.71144241045,3873.54194428306
1863.51009445906,8932.7714957767
6468.80292864582,5965.80289181464
2467.25436019611,4276.21080217859
1669.13118500471,9314.38706164257
1907.57556353284,9107.33675567688
7177.15282642156,7697.70706698313
1363.01409384606,3939.86649220874
6538.59871077116,7099.77359476383
6654.0181793954,7995.41877633338
8793.23187911234,7611.73086676243
8229.19202302731,6725.09670358332
8227.32303640647,6592.39101995291
1806.82991969784,8956.45906449571
7778.81528612472,8141.52996680861
1195.11488336974,3654.29967108134
6576.45407413059,7677.78941430812
725.628597416283,8840.81542106926
8200.62586696126,7281.33132448116
1686.30359606705,9274.80832881864
4089.15093527657,7415.63730361694
1783.98190918358,9057.15059912034
7149.40864385936,8135.91230389895
2150.92927115582,8288.7894686839
1325.24067130695,9027.06393405581
1314.94546228917,4033.40051138683
1905.37167592034,7494.07176756349
1485.67396575795,3736.90500445987
7468.41178765292,7221.23169575144
7375.78785566989,7353.04576721833
8361.7797218575,7696.91320673269
7795.42557589377,4574.22871239721
1467.00450639422,3833.82098435529
7612.81052271343,8193.04001216731
7689.75192961172,7714.70762978976
1765.51210540506,9291.65137527988
1429.44921065861,3799.80573311896
4867.27099461062,8835.2364331064
2221.83489146389,9311.36289738529
1397.36196684936,3447.72109276919
1200.17096700552,9106.41099064936
1413.18986826318,9071.55920155473
4943.49569956017,3968.79011057956
4035.82860074529,7731.98453075817
7832.91546091648,7758.07114108894
1017.2822760509,8019.16441526102
1203.31329040306,9291.63128654105
2212.4147933827,8514.61376835051
1759.70706710133,5213.1159113658
1054.86296252076,9078.44454610861
1080.46932829679,8630.48908474346
2229.54239600526,9127.57993679884
7423.79022359414,7326.58204861387
1511.45112502606,9212.95672035199
6986.30133435033,7054.42716005364
1115.3740475312,3305.54175329555
1133.62644716321,8875.24480518758
1371.04516607474,3907.34807639906
1953.21992798072,3888.91481002811
1783.85631347143,9397.56451021992
7959.07962833172,6313.492042703
8221.28970409828,6880.49962070205
6992.22864923997,7052.73276679034
1488.42279830511,3834.63245516046
7854.58326159662,6033.13254835595
1112.55866799117,9157.88350160306
1712.68090604775,9119.73345361705
1874.77128090547,9320.42010743653
1376.35307290077,8980.0028286471
7409.85943862379,7872.63491686024
7815.82804854906,7694.17645100505
1355.47935949739,3599.45101316396
1376.60090550705,3852.08977551655
2412.29422617374,8965.83595250436
7620.96370082343,7958.82795613596
879.39411575238,8066.35880440194
6684.6316092734,7930.72724981362
2175.62064099876,7991.58877106511
1143.36782750966,9269.86269004655
7218.82632135291,8153.26566800668
6248.13222391517,7726.80485198678
1682.3920653492,9350.98928145018
6844.21006636591,7843.74694485158
1164.66209583731,9101.32224612286
7240.2563662069,7703.54278063481
1814.63253592653,9151.53673202875
8560.05072189066,6714.56064617864
1601.94599279574,9058.96211034572
2010.32715321389,3666.07142657413
1119.20278870208,3568.35471541593
1300.83393009323,3641.25944212014
1409.78040681817,3702.61957543421
942.431395614076,3366.5769444612
5693.82426900049,7086.66468867329
1087.26612849881,8945.04229299462
1310.73421761209,9048.37309980375
1556.82173467801,3651.22934263412
1491.63233380174,3794.31840657168
8000.44775185791,7289.05234959195
1630.75464244284,3852.2457922483
7760.37943850382,6861.28176238438
870.081824641483,8741.95049755214
7583.37348088971,8764.09894279368
1809.49623645362,8748.31927745385
7543.80541236869,7459.8532415243
1787.26382360331,9896.03443241918
3525.64227912706,8372.76327850694
5348.74957071777,9453.34852793597
1289.29026772173,3497.41939582105
8013.70521192553,6644.96379739281
994.994314519711,3147.81379148694
6921.54780973212,7098.1339701318
2627.85278374037,9219.6152729618
7482.74878257065,7481.38189456095
7655.88623109754,6896.33118125546
7201.43864297345,7061.46936463485
7261.06282235911,6995.81259804915
1916.94523666261,8654.4370002468
1163.28753380292,8186.91347548221
1788.2499028959,8722.6050333206
7006.54771510663,8840.51605516352
2208.11561866783,9186.89989570954
1159.7429947285,9139.42979896768
1488.91301700794,3651.03699832622
1097.6540474047,2998.62392153423
1182.30087227361,3244.49865033748
1343.20126285362,9093.81876610032
7631.37785796469,7770.70454142742
1420.73102266768,3912.59603051397
7813.41025265923,7327.93849698772
1132.40431930867,9158.81254382185
7905.71229602964,8501.14848608571
1042.41730342524,8873.2517341774
1423.54640464533,9101.33231512475
7777.49900297073,6012.13569106081
6838.87518094474,7006.37899894291
1669.51546920369,4043.44047553764
6920.61599120541,6826.74372971606
6908.10993548968,7965.76378457697
1445.1751256099,8903.26290291719
7021.6306498621,8383.78724212233
981.819325573487,9168.11190147533
6961.87733308881,7486.95269764118
7026.23525871794,8018.6729671739
924.266232324804,3430.57397149876
7560.80028782025,7893.24156399514
3076.86670734362,4654.78472741181
4846.34349277079,8484.46115460866
7028.78875044604,8145.99767766013
1714.35206734473,3593.57917615726
2065.25397217774,9006.40542290712
1060.88199272464,3203.49509477726
1066.92247434732,3497.03191802446
2381.55220414578,7435.9305377814
3607.35824301052,6735.73177102236
1598.33146415995,9172.38988990113
1339.80549337307,3695.97938466553
1847.28323891362,8924.43666745978
1716.41292610277,8454.8670800942
7054.88310466691,7897.5310364482
1676.37497641037,8970.57372385083
1547.54629115976,8959.1444389534
7733.65003929373,7857.84342241576
7941.6102940863,7378.64198250802
1850.56639633538,3734.69622318504
1462.1679937948,3661.72167002392
1552.77339032504,8168.62959188581
1242.20502300362,8526.27376190576
7095.62317169435,7894.79219084602
1743.29615187498,9055.59922695456
7213.963954659,7263.05846428033
1186.42009802821,3230.79040008083
1867.91229662654,4188.47162111552
8868.52300139887,6478.14239459733
786.697728676757,3310.36102241907
2240.75174019509,8624.82255821008
6951.72595807429,7748.0043352328
2375.12266905154,9195.96989432501
7108.12222997564,7351.69234354816
4250.61535226236,9413.65581879529
1204.09940657038,3490.64055313052
884.243776521934,3832.3197092078
804.435393808466,3094.23771060423
7520.58136732124,7287.6686786903
8468.76555803959,8200.11038595318
7761.68976443523,7509.84442441717
2646.03749909961,3857.90743283075
6223.32314687883,7900.70275586954
5898.71256147546,7932.19587924633
1162.83661785623,8857.98604121445
1416.77513489237,3270.36233398573
1232.56957985607,3520.60946767
7299.40066316637,8017.40081025287
1268.80495524361,8979.57517840345
711.511394832514,8625.32858859963
1226.8022839625,3609.03641710228
7029.66695967866,6960.41301266415
1102.81694370238,8971.33770548265
8845.43935599561,7379.66782209666
1125.1695729475,3109.23921197594
1541.40554354875,3765.95568468769
6810.69966083499,8133.43304621507
1670.95866435935,4217.05040299817
1889.63095523757,8612.47278763906
7146.62595647009,7883.08454916755
1755.38812255208,3668.81396623958
6975.35891882769,6949.20786400284
1697.10977671367,9018.84278583962
4018.27666079162,3788.4656134229
1686.83917735704,8743.14701181873
2633.94013787433,9176.66833066192
2475.52634884048,3558.58800903285
1709.2284551484,4744.45800607285
7246.50159981524,7534.55325658575
1607.08986172866,3441.12191429361
7077.85082311039,7790.86308214503
8056.459187504,6528.8648864582
7806.45668217751,7365.30179891033
1769.39833198869,9010.17346964132
9178.03202279857,6381.92464590814
1471.97955279643,3576.01188270225
7399.84879745275,7714.45936393189
1672.86105803405,8656.8307119395
6801.56572171996,6208.49756058999
7555.57686238203,7108.09739631514
986.58068733863,3485.8884598908
6839.7123947231,8155.64544912709
2234.62402852053,8687.32427734767
1034.66886587642,3318.62100675157
1296.92553742003,3902.97633927902
1426.41110893981,8709.33749010162
2035.20043351639,8477.30273343306
6883.26735534401,7451.98892943565
7000.55126078953,6517.11476255604
6241.10532676412,8372.91166170118
7507.14708936593,7646.27806492039
8259.11417424212,6032.19702713786
7431.28840790266,6929.28842983713
1760.87612619317,8323.29987000731
7488.69280055125,7676.95107138922
7562.01419251728,8115.68248873564
6977.19712766607,7513.07873254698
8021.01576850542,7713.83821874034
7302.12901377274,7869.44377491147
6924.12544586076,7029.84123970278
1332.72355438064,9271.30413180262
1830.948856529,3750.86018450121
8144.92242519159,7700.16625049847
7352.01085250263,7121.38191358218
1883.51117294264,9172.62906748128
1293.61048877623,3420.4211880283
2573.54780765398,8760.69036108104
644.616233397608,3374.44226092247
1280.562121768,7969.33013697136
7534.40231967312,7372.12134374518
3883.97713564168,3249.73455332072
8577.36966965869,7112.82679758668
6903.99475540063,7273.98387525403
6712.20824155235,6304.52272548054
1283.32566370436,4255.07833478038
1167.1575710811,3373.52612901539
7763.63588810607,4798.03875506255
8474.84516139132,7171.53393476944
7231.87633540264,7447.23601612856
869.313224309045,3709.39321903868
1889.78994965873,8945.55410308604
7285.93884064492,8059.60214948299
7842.56432484833,8307.12849073964
1501.3764471925,8803.56537819616
5141.43898928477,8815.34821815649
1295.03734653717,9234.12214997285
1106.26489614068,3326.67907948435
9217.05018627272,7697.83808764258
830.882242576225,2891.02637183857
3824.67847928521,3962.90533721251
1778.8344669602,3741.64541358741
7287.06188170583,7240.02228873011
7843.79672805925,6321.70837597822
7072.55671070625,7969.60779459442
1959.09743122089,8875.25244996027
7312.18991870556,6928.66432209744
1598.12516390871,4046.85498434705
1077.53109756525,3213.27469900649
3950.76289379822,8113.0512804545
1315.62761481651,3425.62897880177
1679.75434123254,3610.37000938266
7956.34439468785,5499.86445070168
1724.81216029768,4004.59114983407
2877.44746440683,3855.70034584099
2127.04802194399,3792.00683471434
8064.72295500676,6945.13617729043
7991.99739257412,7337.73675188245
1834.28648217489,3672.16122779147
9045.97304355558,7985.99621603585
7376.20066861833,7520.85231786986
1986.14121650784,8994.48077328126
1920.00719521723,8580.61427767466
1233.02184853813,9142.55437552508
1770.32168936936,9017.43298182639
1777.72985570633,8447.70371547055
3249.9378862553,7101.54077674286
1885.00792839244,8337.98382358147
4308.17581735375,8507.58521427506
7422.91516836183,6697.56382007974
7383.82484792905,8342.16248430331
1433.13607753125,9038.3514195709
1502.11511116385,8864.34228280297
7491.2786680085,7683.92824025558
5705.89722818362,7423.67779097775
1755.46213972063,9101.03102798798
8279.76719486454,7948.99596400282
7417.17662504317,7510.73212205574
7712.66137762681,7980.07513238035
1650.40503230559,3389.48147649791
6683.94957159902,7444.46536101524
2563.20538959009,9047.5865375173
1808.20628122217,3061.82536676633
7759.40957253406,8177.41920937183
1521.43795620534,9199.13918029408
1330.86678442756,3520.99079302227
1864.1349102866,8433.46232878612
1447.24151468424,8891.74035841155
1556.27706004711,5875.49770004868
1824.59031112182,7521.83048503455
8059.10117343347,6336.10615321849
2011.7629698436,8491.84042147965
1080.29021056109,3659.88565191971
1173.69531262743,9078.68159548023
1479.01370943313,9494.44492157018
1148.62658452851,8193.6857580673
1338.13412768912,7642.86660186716
2211.93164791598,8480.4732636952
1157.8446920814,8425.21171305043
1499.67084174864,9120.40868464109
1261.33186964858,9217.45463454785
2366.17579960696,9074.83980329062
771.553389134817,3093.89716792778
1706.59987027637,9094.61571125387
1382.87880446006,4013.73744024313
7481.97643352076,6618.04680465631
2415.65852627245,8168.67874974095
1472.28700065902,3762.29760648236
1879.10456208661,3837.75371326797
8266.00298375406,7140.47005409297
1127.13085693291,3665.97329215049
1602.3444346006,8854.78899237627
6157.20946990071,7594.36930628238
7409.56552826248,7516.39966864924
1439.31309148212,7972.93630840076
1723.17054503121,9105.43053947739
7477.13578210996,8421.76737386739
1409.42337793279,3944.31892989057
7440.8541377225,7941.47068165907
6414.40064004297,6816.60821650677
911.991139285441,9224.24134238886
1412.38730672447,3358.74974864645
1326.94416679887,3648.28204648347
1505.03441554302,8779.1579009703
1726.8211499884,9101.535127561
1789.33808952944,3873.32428063092
909.702165996548,3454.65339166758
6740.34220119718,7178.41837953734
2125.60978789919,8685.65690381468
7465.62398127576,7917.04604774742
6979.28897705166,7560.96828767989
7121.30601764926,7520.91075112277
7232.43399698945,7005.21042243625
926.527484047711,8781.85774778259
1085.62920084689,9107.60265572232
1686.31733329568,3435.18470969848
8033.39682494295,7415.24951408021
8626.95941597981,7562.59188565318
1580.46323262955,8223.41318780502
945.103983680704,3131.94189880559
1689.54820064527,7802.86738048114
948.602395798807,8944.58937870371
5437.40076985239,8880.66979289965
8128.4389534731,6706.58665365807
7695.17010565171,7207.28031044169
1508.74519585224,3457.22755388425
1795.94920605199,9001.79950439866
7854.91653574246,8072.1110219163
7580.90006003147,8730.46634794162
7726.60472996148,6958.65561911143
1400.79466919783,8008.07288092495
1620.58154348097,3612.65045415035
1211.10867500233,8597.98822644295
999.274232231382,8816.83067138128
7897.59524423061,6941.52835404392
1993.5805924942,3943.44441230448
1321.72796075245,3402.83168328153
1651.39726790054,3821.54273498394
6992.63629855194,8093.57413179754
7699.12466999588,6942.56001595477
1451.75301067901,3320.03987684808
6744.45788677138,7642.52390691561
1848.04026252276,8923.06872564754
1634.16734278687,8950.0325461161
6859.8872614808,4252.50733568022
8576.82086254506,7221.20155062565
1721.3452968791,8172.85124339387
7836.07849629322,6932.30793542715
1166.61969702378,9043.41800224495
6624.67444489657,7986.20870963335
1435.92520239282,3797.50471322607
1524.32831241154,3850.3048664218
1936.01294128424,3707.0351973868
1264.13929005294,8991.15149692643
8089.3324475542,7434.75600895183
2021.8408554754,7940.68589508464
1056.56918372067,3437.01291511684
9042.8553573445,5469.94324582764
2009.91229246051,8987.77774198278
2113.17861125598,8863.59446371034
7499.71043385645,6037.27697702391
7386.34613601925,6787.77648764616
7887.17088777371,8297.22195227625
1472.64757609059,9195.13159519222
7672.00410083765,7028.1024626058
6541.91273665134,7436.87952896572
1262.04132636523,9116.14587102082
2719.7411007425,9333.12617541599
2203.94624535236,9292.74854365634
7828.13566260949,8110.01435464432
1531.57672213154,8941.60687576941
1415.63982327743,4726.04938011452
1400.77983672393,8910.78214219262
909.180052388767,3479.87950103917
1733.30896911071,8944.88493999947
7909.19164624262,8094.63919961055
7709.55693481057,7824.90219470049
5546.64906974696,7219.40816263259
1177.65891666226,3574.47721393696
1752.64652393544,4042.64353907808
1197.45682257511,3676.62189175588
8878.89936489017,7245.4671495458
2041.40020634964,7719.37130115027
1375.71408479799,3613.95689968988
7118.56248276611,6990.45895963036
5237.87308859735,8583.21881718452
1407.74365999153,8866.89039714154
1531.97220693795,3522.07620920945
7440.58543419667,7528.08430603876
1609.52778645163,9189.88013574652
1852.32853310965,8320.91308302742
1341.52477810218,7389.85633351572
9142.70992743342,7771.29398900299
8037.86727279322,7825.96755825225
1329.21906352577,9126.01186143234
2349.73729123376,8982.59095440613
8050.55537028392,7004.47944549134
1160.48924772743,6720.99090495692
1253.01388969763,3471.79315627168
8253.67176839151,5411.70771755507
7381.19857238654,7341.19298807741
1336.98697303514,8925.02182412723
7562.69165656197,7803.21274248538
7443.74659924986,6507.8803063277
7364.05418318439,7027.89489679005
2257.30894215995,9571.14530676719
1413.31526556715,3626.06628267763
8501.54328060482,6611.35519067946
1020.64251422298,7622.04877292707
1528.32119765698,3613.51371176678
4552.33057005155,3960.83474659514
7640.11583828535,7738.68301134878
1674.96589260659,3796.80465250891
6977.79211711533,8334.29442854681
1202.70576017129,8605.31982894756
1196.53186063444,9049.41786465664
6994.73477120609,7274.29489028039
1121.53977759629,3480.21110982159
1520.3228080566,8864.94598746278
5289.35987837541,2024.93773266118
1300.76812611593,8676.94111626692
6407.96983169409,6999.33343269498
3237.54469170341,8714.33655192586
1618.83569139476,9016.56799029064
7613.34714759715,7464.60937638035
824.784881917173,9057.2098924126
7573.49438384586,7147.06599332324
7365.66074182075,8383.42073274353
1452.55307404389,3599.97363255156
1449.88354074635,3901.40262780535
7042.74213511517,8198.80983261054
7860.36027110148,6636.10882165685
1982.03028267772,7527.41985615974
7770.97581698971,8024.8947785397
7582.89416525138,7597.6720223071
7900.70565847674,8131.13096902393
1201.51388733144,8886.16864449751
6253.55848383934,7293.43433123178
1425.91826024443,3723.54999243142
6386.48145842738,8194.37533474739
1317.66982933798,7666.29968210828
7697.98144550284,7465.46396841038
1630.99573089104,9026.02935671773
1105.68029693642,3599.16523796069
1806.96076951298,9010.86553395141
6604.20169757572,7113.18971861526
7407.48337318953,7275.50139571744
1225.0910425046,3573.54492958784
1976.66816443646,8627.30818570129
1502.10220504229,3648.26157398977
2088.63502462458,9091.28168709544
1613.47571050254,3948.25075529596
1456.01112999915,8199.30250544348
7431.4530072691,8453.49833347048
1582.1489977464,3771.24248847424
761.161767786712,7874.11173211066
1814.0181268673,9084.97315792402
950.102826338197,3216.62382254083
1737.76449311542,8883.11182445241
7346.20958246825,7935.85371692249
1676.71092900635,8360.62522240993
8273.93149117295,7368.62933019139
1273.48800402532,3787.31378812098
1725.39848283682,8827.82939500829
1487.28054163933,8966.91102479951
1044.18144718771,8877.11739448952
7150.34838245765,7903.00397840285
7747.05437008139,7350.99311426439
1424.67049990765,9021.54533863849
8750.92861812026,8332.33949918112
1022.2215677342,3117.49794452979
992.654643196905,3591.49928942306
6993.27751666538,8410.10736904014
7785.16724318944,8255.19869299844
7009.5570909078,7465.64951792755
1163.04188247525,8769.15326024015
1148.2948142108,3414.6714508847
1404.85789652467,8673.41552697195
1858.31604366015,3417.84370673348
1655.16546217041,7748.74229436681
7481.44489079204,7576.06339129763
1311.0352417438,8041.4033372825
8830.47784694783,7723.75006170919
7623.71049080836,7035.55473566671
1980.69804560627,9548.10761074447
2588.47856527591,3727.35296073901
7521.41471927536,8411.13342161819
7411.6205412895,7870.20376953522
992.113680240626,8858.62822092984
6574.69155192316,7208.90766114766
1366.92492725435,3724.01208053291
563.10806144384,8559.56379604607
7788.89054703206,7441.93645627634
6935.11957987371,6281.74194017817
8941.37432538129,7952.6523766094
1161.36897624717,3430.45140829817
1422.64859030421,8571.77941372881
8196.46756814647,7604.00924508694
1277.56115245956,3287.86518142583
6849.99637206495,7966.63942279516
749.909242296801,3083.45456531545
1221.22191957932,9194.08128138872
1675.24135839656,3706.77452626835
7850.78368763607,7331.83154943409
1202.53913310728,8879.93177926301
7779.53878601495,7881.43625668887
8937.5617513147,6999.08873853966
1766.27982928718,6542.67449363897
6985.95665605669,7433.35671158919
7228.5078868448,5484.54659266814
8010.42216776705,4457.78887533529
1613.98808024182,3711.98961693018
8395.89026496115,7834.08557518394
7598.84717408013,7404.95147184256
8143.91901752454,6981.03370468269
6537.54347267585,8148.11572191581
1597.46427202833,8956.42040760627
3272.46373077602,8961.19792075411
2528.03048523542,8824.24283638073
2042.99912258561,8456.94353482163
828.234590249341,3389.21472217394
1646.5208992797,8687.2297065834
1335.83388141351,3635.59066314731
1636.74761446059,8640.18785806642
1032.88407380508,8860.08080304883
8933.82053977033,7437.70692330595
1630.73228769564,4061.47351832221
7825.55738427482,7984.83822235553
7860.82171003851,6784.28367012883
1175.76563463847,3452.21319860594
8611.47382883531,8157.52759383043
909.428551962303,3638.0011655171
995.972764616687,3823.85213159191
2346.50392286943,8735.41614564322
7090.33403843456,7920.7800015857
7809.46511511129,7386.75390088722
1118.13849766318,3692.71897208736
7746.73688917107,8263.99100939404
7670.42970918073,8330.49419218723
1654.55138531201,7887.77446601427
7396.62100600806,7470.46915120036
1266.83446697345,8998.4189875561
7706.4579774833,7881.1553803413
1673.11639209435,8541.08025270477
7457.35791611094,7385.36419887536
4256.96297892258,8436.32435246972
1387.54039459138,8806.06835786729
1184.88503750943,3655.88594575537
2404.28134032591,9242.8572083406
6587.91216944806,7856.5744671412
2321.52375896672,8594.43181891442
6760.95441397437,6899.41460829105
4016.08350362711,8925.35319824379
1230.8601178189,8631.73209145448
8092.623494822,7061.38116065688
1518.96335755037,3532.67553183787
7045.30013881428,7957.12029128523
834.436031627877,3372.2210744501
1391.46543335615,8853.17839386567
1627.12740709475,4248.14195505784
917.015997063947,2957.6700059248
1404.28132169811,8901.99490618491
7730.5211099476,7284.33886388088
1704.48595638374,8503.9129685881
1697.17086902027,8888.22487769684
1157.11129602453,3317.04780623451
1030.64491771675,3416.51044818333
1425.81118805937,3516.90275180719
7372.03382513592,7063.75151510725
6354.42111270421,6661.17003206815
1331.00429557308,9218.80060262685
1497.8660298125,8742.62028010165
1537.56130224006,9172.90954937653
1036.10940328047,3223.54754301639
2156.55524026394,9247.95082012474
836.424404073972,2816.27983199594
6980.61499275804,7231.79501527442
612.22087286453,3255.28439578344
1842.12610184663,9181.72702561537
7633.63304111105,7030.98675259225
1196.48507839191,3642.37811881266
1366.14465858836,8749.61109615186
1780.98496285029,8755.80584772061
1089.77520908714,9073.15007961832
7033.85699303849,7913.85403080838
7750.98929411363,7061.83946290529
1632.82552799853,8892.58414592429
2283.50215159409,5858.52027818514
1677.08505729854,8885.55020001035
1787.35383011138,9073.12018000951
7115.82538751986,7033.80845145453
1650.00896219051,3939.44865981017
1621.23442526804,8565.56639124424
7662.98525034211,7870.22201612734
7499.19546311803,7742.33612894937
843.147546302383,3195.51848561908
7416.43694575466,8160.97271489865
892.034950422293,3172.41812790845
1127.54299865279,3197.66011060836
1245.19036015482,8415.46070172465
1234.08018901683,8701.266233264
1840.36092770812,3643.06854917383
1237.09600995527,3908.54035986906
2224.14709901526,9192.59402176925
1642.44872226466,9171.2996084087
7196.98457178681,7417.60846302295
950.002549765719,3256.15692534278
7268.76473317562,8407.49271266969
7476.64277170586,8271.64767237848
1696.41913153818,8268.48139540001
1740.708744092,3696.53666315987
1067.43588809394,8013.44201340244
7900.50179467396,8092.38975380478
1118.2770037484,3323.47367670037
7661.64188529565,8341.24810150243
1893.07114476655,9004.23986579549
5726.05696572552,7383.79038859722
7953.14330605924,7462.67971635497
1688.41819379347,8838.85023998698
1532.3685154839,8202.90756015679
1350.32974435376,8047.02935795723
1405.93343994596,3514.03951492806
6590.92975959569,6602.21841513064
7980.43058492572,4455.94559091062
7590.08458319465,7844.06436121043
8631.97944173976,7782.25450662384
8116.2662804222,7756.53210776757
1089.13322272868,9055.15178997208
1279.49123177299,3767.78146831544
7745.8961351409,8101.7705089626
1707.52755562976,4006.78076007863
2069.20620645586,4049.59694761003
7585.70469839286,5948.52429065138
6350.99782719933,6356.12362579582
7945.47635167567,7562.05898440191
781.508542623912,5485.91356566708
1724.02995294838,3921.48926385511
1070.04181942268,3194.88300426807
5439.78301118463,4178.96361061685
1470.60976919741,8602.70366647458
1823.21128314733,9131.63917994432
7966.12218234201,7931.03375502135
1190.0392778456,3603.34065161297
700.648293864376,3173.38407938834
1680.03047882008,3615.33574168198
1224.99086533876,9042.32579530467
8038.97789921624,8190.57061736772
6900.0325239215,8139.40457033777
7380.50955673866,7336.85144283164
1101.91667400341,8860.78685112774
7836.72919445225,8165.5636868629
8834.79562741204,7399.0062347644
8190.66696303769,6422.27483854304
689.967393875496,9280.80208138469
7687.98601826369,7925.64335111473
1702.24473184055,8376.81621240721
8846.56408046064,7708.18795155345
1636.85283082351,9035.48880107425
1813.9278925865,3761.66195534393
1211.63397303704,9184.10589654331
1309.69793653372,3530.85227589457
729.916896200457,3241.69654672403
6885.12275722206,6407.62221303921
7482.70295864113,7833.34050672412
1581.8878986258,9051.79378464947
7024.48669798718,7682.0372503405
7961.67130624012,7769.94803882572
2663.34184064059,5532.16606899716
1533.45983557833,8372.51926179778
7333.47751895673,7687.17572270129
1216.06735505558,6692.35975731234
1590.17478075338,9024.12275683216
7530.61398831521,7158.17493129662
8221.33979605247,5665.25847290403
1325.26750094186,3822.98015848686
1085.87427047054,3295.69500826127
1232.97095964746,9477.96130861356
1614.56362388623,9214.95466224126
6480.04343426424,8322.426767341
7133.67388065641,8354.54123407265
1459.1999611328,9177.42310809617
7192.01398192415,6886.31527152316
2058.88685801744,4082.23324095757
1438.46735890146,3812.37467651862
2195.08637583716,8572.57269107901
2221.63606909974,9140.69879661255
1263.12465605444,3703.44911016247
8965.61045949438,8044.79945597006
7646.77202886003,8408.48800465615
8877.19018456078,7708.85915134734
7433.61983987443,7852.75858304491
7103.46488749984,7822.30944678974
8471.66715320769,7497.63001519693
1029.51084090621,9155.15232414036
7691.7806390486,7903.20106897209
1497.84514063228,9193.76274352163
1797.08484656054,3573.66657553329
1910.37518406501,8891.85104585928
1991.46217470647,7964.02562925828
7209.26350885384,7555.52423890108
1811.54127544813,9140.95415220112
2675.69598753413,8689.22033707068
8504.90755851579,7938.4976493754
1539.69734768175,8884.40125788563
7700.37265795884,7350.65209436512
1349.49357116774,9266.56441940056
7306.94371699247,7159.60502950674
1464.74315745648,9061.84861432209
3015.42883563228,8625.66812677123
7605.16158054382,7002.89630621057
1118.82854948819,3402.10750562566
1526.27573127301,9278.30590862804
7559.45764615063,7743.28348477733
4439.18289003862,5515.4588649025
6812.8180737594,7169.24370462774
7708.08774949834,7249.18841821125
7364.52294948085,7695.78455807048
1978.99069976849,9073.58094408497
1879.77390521394,8938.74260942233
1099.22244028192,3289.60301919307
7773.33820191466,7905.18671784445
699.639174849059,3471.77932522793
1654.5715253193,9125.34934911015
7375.55556845848,8278.52554019902
969.845993895102,3438.14172498219
1589.77567259928,3456.29345376349
7112.50908839053,7730.22867468889
7149.79687787023,8198.43581612995
1378.26471589276,3200.1965223655
6186.70124529622,6936.03542069876
1154.4035273769,3387.08445785446
1746.50770036069,9163.85988324079
7586.48157286708,7345.35731229791
2060.26159554502,2936.62070109932
1452.63215809139,8927.59384680747
7414.81399301529,7886.02141092873
1933.57664302718,8642.54696465128
1436.71324464333,8835.35767509369
1404.6406069273,8924.62424902909
1314.18693965119,3677.22355253549
1433.60115529597,9092.25547800963
878.264658344746,3395.33906780942
1852.3823686641,8606.74837172108
538.311200293139,3049.31696377989
2091.09161227311,8738.47339626014
7806.50796151701,8517.60243130236
1866.86937679043,3722.29498791823
8556.23090731609,7242.0370880311
1539.4733798391,3767.51790233872
1198.17815971299,3764.04645414423
847.970031430841,3330.32832469153
902.583502057914,3396.53577603562
1329.77757713497,3458.16725769249
1222.40357345843,3791.39149504481
1385.29826995818,3737.14948337266
1361.92067625732,9005.01615033934
897.819703930015,9216.29053326155
7788.04361232715,7734.27871807066
5760.41230125586,8207.4406956668
7920.24266887535,7468.51149960904
1061.03884271367,9201.27389491805
2773.17686535145,4191.98269570178
1347.32379726405,3376.95040578986
5544.7539871882,3433.21475898345
7989.42861632844,7431.59167502733
1386.91814791188,3744.10396387395
890.837929147493,9013.59849863657
306.987403898428,3011.96629047872
7401.10271188751,7017.64732105409
7740.0216823415,7578.3377226489
6478.67044377207,6986.77460028502
8728.90734494025,8084.51793641066
6860.35256886651,3736.28943390518
7543.0004351341,7503.74905337783
6947.66367618419,8108.62807276685
1079.59515391195,3433.4978282864
1327.45436795054,9180.5466710403
7097.08657427004,7192.21449349022
7749.52712833775,7547.2331109246
7401.09959958445,7361.74281444766
1977.76373799418,9058.95894255219
3102.42599634661,8918.41759692615
1122.32095485854,3373.02143483605
1734.72218589802,8853.88752090291
1628.99307804444,9242.35032514854
1557.58181713705,8292.82731617188
6026.11229933885,8303.17426691771
1785.538412949,8895.19445122891
7415.82627702368,8030.62706884664
7725.92862906342,7582.12033010187
1153.54113387468,3834.73231464741
1304.17006078437,3414.7824315573
2564.62991270478,9786.43229641636
8055.97566071791,7040.98536499693
2325.62378622585,5055.38935105692
8844.21083404854,6988.99039473505
1459.8525740726,8767.66797483595
1440.99883356312,3655.01815405218
2454.45649118985,8984.2901928647
1712.3705999833,3794.74443610215
8470.6982666605,7969.07121485979
758.812500101792,3500.32959547378
7600.36021012027,7451.54852611098
7059.21050382921,7799.66074027342
7957.73252143368,8477.33301084672
1996.14316084884,8921.11535061066
8152.62208311462,5851.09236391325
1207.49811447541,8493.55978823466
7712.98387899015,8109.22654765081
1234.46058418317,9023.7527779737
7075.70276124436,7397.99973950727
7390.78798562836,7701.9506296116
2596.9260673291,8688.89936741041
8115.18254968237,7624.3352934816
1741.55315657473,5173.60424884056
7713.85248185713,7804.58902716029
6890.76392194808,7694.12265614149
1392.10532835367,3907.59200897721
2039.87967135316,9190.60032889504
7135.08836663323,7639.82055717072
1338.47327189393,9444.61715833317
7676.87326125781,8386.71588753255
6009.15194562195,7054.83640896136
7294.45782357597,7003.70204904138
947.564224170647,3121.8433098372
7344.25317158645,7170.67399435832
7880.87043645847,7176.70540340975
1128.0446476056,9265.11158646272
4383.49767932468,4479.7989289883
1214.34630941349,8797.71760099148
1871.28958339723,3673.55845967069
1530.85730776634,3920.32389274654
8013.36600100281,7783.31832711409
1095.80448603972,3634.58317594629
7852.58927080526,7350.85069161566
1521.77177615806,3608.66684514921
1080.56062175594,4020.20357411535
1358.61758434235,3971.85908469924
1783.09194978399,7961.34953067735
676.727787803484,2927.38589435771
8590.54734881314,7186.24275206909
8207.06833588078,7857.17027352778
795.088447092128,3439.89091094147
2126.59341261455,3419.9472469822
1777.80401050538,5981.02027688278
1292.76741093142,3742.0453257316
1799.4242603555,3705.72069480414
1353.34782054182,3433.74053709815
8692.36051043338,8070.58418495649
1581.19375628936,9290.18568533435
7269.64454223494,7884.08392012159
2814.21134755069,9076.93404242253
1403.04330999405,9178.65557238001
1158.06918706608,8573.55899795097
7464.19967498493,7931.08274193877
8152.46431538362,5712.87062219202
9007.94275908269,7791.81467837798
826.190689725704,3286.51351460902
7720.27819414273,7485.82726791294
1857.5926257564,8329.73100767856
7553.97564172124,7416.74987302193
1157.96276302995,8892.78669452463
2370.48499114453,9376.68131456341
988.417956614914,3351.50852655695
1285.62399613679,3772.34531131008
925.663534255913,3395.58528435817
7738.87161401019,7877.89056219815
2047.82905006586,7742.8218518575
1725.86977705667,3976.03433841852
7788.99318458139,8447.89119096068
8303.29507964677,8096.10558792168
764.847347680713,3544.35284873437
1414.7934463665,8937.76724061063
1506.99489493699,9056.82741054146
1123.64503703672,9145.28700626607
7494.45718221349,8178.60855102498
2087.04110030369,8398.72272470313
6816.49000754136,7339.71826454082
986.347176014426,3330.12991476676
7456.31153577971,7725.61840909904
6528.01054794782,7771.15660755527
1075.39939801008,3714.47623410545
1360.75042396497,4208.96673815627
1673.46686732191,8488.386870725
1668.47313230883,9027.49615771942
7461.85834411734,6564.17605574615
1387.36360882662,7633.42394011516
1413.21099059004,9320.49071134771
7340.56869310484,8322.0729526284
6911.4165833681,8175.86780527821
1053.91567922046,8850.64001509512
750.790679457724,8872.40349512917
7004.74646210693,7539.8198995808
835.611170669868,3205.6925103664
7569.0021545216,7618.41704486214
1425.54832185761,3327.509018076
7096.76160204932,6711.07972502094
5734.55953641002,7113.45120945035
8398.29241064488,7188.85571749961
7437.47921712094,8382.6656643371
992.123949461152,3203.51992195268
1369.73273532928,3654.85688624649
7770.16733255036,7790.74532902263
1943.12963103225,9173.03523170334
932.357004188077,3532.4732409632
1551.50688720485,3501.34081296913
2284.59899771726,9140.7308015535
1772.94664640769,3492.85459654469
6730.57220345849,8246.74082573619
1186.36138036576,8672.58141501361
1272.66731149171,8833.48092847369
1334.62933745064,9163.47066797205
1370.26970418534,8441.49528619484
1821.24419525847,9129.5147005621
1513.52122634974,3650.74872640403
7518.12238049957,7963.11124996433
7827.28125956315,8030.32215064062
5849.35307779756,7225.88693099093
1197.01012949534,3457.63695249052
1293.78384988684,3575.70474600812
2414.42908410084,8728.39220959322
7771.68987242376,8164.12761675529
1010.2808854646,8927.44716163086
7977.45207932205,7178.89015812043
7510.31511526395,7719.97443494145
6028.6614409296,7893.118455773
1141.4404137896,9007.09436589671
1426.68108795416,3575.71388935308
7466.24974897225,7591.66323062584
7078.25729770688,7386.50302723097
1327.65951197381,3686.62404891175
7765.20449315786,7801.99220572404
7561.0394707422,8421.11136152712
1413.93813849386,3980.39864058485
7514.46098577254,7578.10888314323
1595.83925480315,8307.6468880181
1429.61574256234,8927.07893070454
7249.28547007736,7850.23220051679
1762.67091537188,5880.00336167944
6874.8271033807,7193.76969831157
1109.54807011114,3179.40015983213
1135.57946634469,4207.34282227597
7381.14356911785,7208.37672005883
6268.17448113155,7324.00632928704
1283.71751126834,8235.27836071591
1151.97059764711,3361.199960163
7615.07566410015,8064.70664710015
7911.60352990811,7694.91720581891
7926.94713355863,8007.45542780883
1614.11981151021,3627.33433885608
1442.21451316808,3925.17746024241
2025.22019641696,8120.72402964664
1215.41981159566,3195.7207472926
6594.61868874822,7998.96043150339
8109.61365109367,7461.88566476916
4025.4533993229,6804.02794252406
3400.87302778583,3585.35395960285
6659.21123771549,7959.97296384914
7693.4597149343,7995.76549690833
7498.17635159242,6948.84630105055
1785.70484311342,3602.0439426424
8191.86755808329,7525.05503601212
1192.13111548085,7958.35377012909
7661.43834234799,6790.93198602685
1887.90149883883,9246.65397838728
6912.45109362504,8139.86094858486
7863.87496067813,7617.75158680206
8124.0297252132,7688.57960336452
1833.28284847254,3921.46608563722
1116.48160001119,3338.80719898053
881.275537877807,3061.39291463858
1289.48399752514,3417.97138354678
723.882977155502,3296.92062360876
6938.85672773601,7027.70507005513
6323.12032374048,7080.45031221267
7469.73172414833,6932.16279285037
1945.47013733329,9437.40858703166
2681.1798906028,8792.81966124852
1798.40487662598,8283.6672233802
9066.7454019119,7706.03316036009
7425.46763352583,8009.7764499103
1237.13239575162,8922.83172541875
659.242529469466,3269.14808154952
1204.96127962899,3696.25704269034
1249.66643838317,9301.56525661346
1642.32144011714,3732.92511219568
8834.22801309573,4810.20330563295
6996.50721546338,7894.1003268116
2929.65066948787,3889.37275302027
1715.5977471637,3799.90123680863
2801.77305657889,8814.09880510638
8475.97565251026,7168.08550844478
7338.42654938175,8025.95731109835
7246.53432978475,7654.01516697051
1330.18619856422,3300.00116426139
1453.15720145575,8373.54110805276
7187.17751660058,8600.88245102125
742.521966063766,3045.65421277092
1723.82457079584,8894.92140796385
1620.44002632988,8573.64661833396
1540.58333639663,3306.12379021208
1656.05140968472,4087.29286160324
1399.34160037204,3758.3850484024
7911.68244698532,7989.30756212725
6720.38255717246,7519.16477493646
1403.90146700801,3768.6242534041
1782.08363159774,9039.23391434046
1580.73963207103,9020.24101433337
7343.13084025725,7227.49800395469
7122.85109698275,7713.88828838184
6885.56260952371,7123.01406481777
801.814383982576,3310.54874368831
1994.66275044558,8970.68433245424
1545.05555746703,4251.15784235832
2059.76846962954,8401.90482868888
7294.12821624657,7519.93779187284
6646.90819752298,6984.72027991431
7490.90713504296,7496.04086937172
1849.72353708903,8929.74592426246
6625.84053496096,7819.70457492887
1558.02540676499,3761.54737661022
1152.78948529315,9002.57327073628
8594.77625141949,7635.94262023097
1315.74555187498,8901.8385168003
7196.32335795634,8155.54716679021
7720.70914075586,7767.92711214215
1479.1481854922,8968.17807674706
1627.20437339482,9285.45631912658
7014.62755230165,8216.71952257994
1661.83386964545,4110.2811336394
7401.59707391111,7940.24182670235
6680.92776245061,7705.42242775595
1195.15451569827,8976.07020013856
3336.57653991354,9064.45512142989
1194.18983370754,3280.07297959066
8084.14437096881,7829.85523160171
7468.56407837317,7276.65909933222
6857.40916516369,7393.88228021397
8044.1489184533,8105.06113801747
8389.58073824697,7224.92549641909
1671.59189018972,8122.54878312518
8210.35903961989,7835.85509564504
7219.26279137911,7819.05222889212
7895.64090197679,5400.71378996332
2003.53530218273,8865.11646964005
2046.21868563308,8834.14408440586
3244.87220938623,8754.31447248785
1992.37358555259,8989.16859930972
7617.87751140561,6753.87135546817
2123.24048664725,9044.23918571873
1377.42843121558,4000.39042440089
2089.31499559295,8452.94605226951
2176.84139949508,8845.09292130973
6410.93985512532,6315.64750913655
7390.96897017372,7570.51425405024
7539.22231055488,7357.42632304819
2020.9247210005,9143.96445184929
2000.47158682445,9073.22083337314
1357.71010198737,4018.92839881873
906.349950015978,8900.83524772592
6714.38220409131,8035.14690528664
8874.9049197996,7904.67522420774
9980.19028759364,6946.62872092167
1769.45588811118,9346.94648010889
7249.83200533104,7288.58681573384
8353.11766007981,7493.21612232705
8587.64399100393,7760.13352310381
6776.89359855366,5240.89724959025
7098.9432608572,7047.24330520263
7288.60637452671,8133.4316383017
1642.18871583442,9120.14451736121
7080.11213384154,7895.86445878705
1331.88250361886,3782.07398027496
1602.90879535978,9047.89202796876
1456.10708737058,9138.18620880293
6137.72142217132,7246.12020110794
779.834479571976,3264.98895751661
1634.65771593914,7535.2725245151
7638.85358941273,7975.83704332777
7222.7688714418,7567.14365249116
7970.14591261701,7902.63195734245
1658.46625886197,9027.74319464671
7710.76931705193,7259.52943588445
1193.8698700636,8481.8499947361
6934.03775574542,8418.12119300307
7545.54088501718,6745.44950547984
7483.39551238373,7308.69601479226
8855.69980790585,7876.36158745619
1164.86297920376,4006.43040633878
1403.81984362626,3546.90272486415
1906.91405983553,8021.78538834916
7155.0515317002,7541.5326069598
6822.64760132852,7432.80679452982
7461.1140056041,7242.09079195352
2249.27116271566,3684.04065426171
1462.41342019419,9409.44111603293
1228.19009856654,9105.13671869136
2014.78035473279,8892.67919840738
6924.45498111183,7424.79758191576
1219.37914661006,4476.12626542704
994.856308680585,3447.47006519034
998.740960672668,8838.06865637039
1898.26400444784,9071.43052429439
1302.68151087218,3442.47893361079
8215.83777475644,7999.39529156107
7401.96078003555,7516.39145196111
8164.29255251309,6828.59285896127
1001.55825320115,3505.37073822546
1347.53807957127,3588.40664708219
1636.79233096543,8909.13176980396
7220.28745446866,7245.49274723403
311.540378780471,2721.84403347781
7490.23224625919,7321.58662981061
7446.59507200348,7070.72435069077
7422.3483828738,7701.29930341313
7875.85667059991,8057.3629702291
2249.48488145268,9245.73789767409
7964.43288450899,7546.29873731724
2110.31873794822,9085.11737462999
1635.04394488299,3950.87220488871
7894.45912179418,7134.55328301179
6728.14340780733,7278.83879383109
1327.33723456001,3746.992780133
1743.75404752997,3851.20747001132
1435.45111046449,9194.59337124839
7536.89924421902,7846.53897199885
6534.98346457944,7401.58039557759
1468.73982772832,3762.14390554005
1495.36778159475,3338.65400735443
7626.02384336796,8034.02428442975
1504.77196881148,9009.83516019628
1509.05778646977,8712.87057172891
3468.35279819038,5696.59235214345
7504.54970626981,7369.07101342308
1084.35246672603,3670.71685372369
1244.45316282591,3102.34112208156
1021.19579245918,9247.69276252908
7459.35823686128,7276.64458829681
7522.27772720241,7602.02310727259
1463.64507648619,8870.31164987266
1772.22148004767,9258.93193042052
7207.20903931272,7646.78995855502
1888.78321585372,9214.2818403303
910.153280416187,8788.90407353632
7227.95251979649,7029.77390111599
1513.39728879117,3587.24337701267
1965.17808042947,8997.77675786914
6880.01565560316,6992.38698720718
6964.48172411995,7461.0543641044
6961.52175045885,7974.29433659822
7191.90566478122,6313.80907790649
6696.09634315085,6780.34718813757
6389.25421479996,7288.67624539894
1478.20565731874,8534.05421781722
926.486603928099,8879.66574784079
1341.35423713163,3601.03006443022
1603.19864889022,8679.50332146365
1855.78839186827,9099.74797445726
915.926847311707,3201.99218433158
7136.13893469849,6823.68238117165
6865.87804238038,9173.42743062565
1215.44187167715,8720.5642633901
1514.44772791201,3482.73088221675
7358.85530204452,7407.50265029253
7141.97775507376,8560.54010595909
1221.36798532471,3655.17592776944
1329.82644778412,8394.21972828611
8047.69648499684,8012.70110516537
6894.1445517329,5986.8535711851
1885.45664276124,9388.92465147306
7185.58824063174,7656.09386445993
1665.88226955015,9074.19116118391
1325.68175385364,3615.38766826381
8229.308987562,7857.95554056042
2465.48572022695,8601.454565757
1241.53783458611,3504.12974325974
1833.36627265878,8089.21221569921
1400.54955980867,9005.45075205623
7514.90483681857,6217.84920604213
1449.20862200626,9156.29576910254
1898.0862013331,9065.92611294049
658.042679246474,3669.98337229747
8356.3799157739,7830.59178450236
8148.96591605287,8088.37662954521
1443.16727877546,8547.16254996002
947.108697996389,8124.54906481317
1698.19386964544,9244.89769252308
2142.65075029887,8690.30119348003
1988.17028862514,7858.06427648537
1742.021985514,9237.4062929829
8123.16943032655,7651.29731250564
6730.20403809372,7764.65643246653
1215.86032654812,3473.65276404403
7262.08262733599,7608.5856286631
1787.33799147136,3568.85864012289
1413.91853525703,3835.61060274705
7833.06567061088,7909.34074177271
938.746932314426,3267.26256404555
7505.42718943715,6273.74298968093
1658.69917539778,9043.05286694725
2041.57742874482,9073.83567853212
955.830935622159,8778.50580125517
1459.86078748249,9128.71637361396
7907.03968410025,7599.04728431075
2932.88490349906,8507.68645480144
5457.57804779514,6749.97430155015
1411.92020195637,9172.97114726213
7007.24578400996,7658.7367465204
1138.66850338445,3734.62914918247
1215.17906966385,3309.24484956048
1110.44048595927,8940.68412017282
7283.64112854412,7730.64922488777
643.819666875717,9064.63005649356
888.224432731825,8931.58736661638
7885.28534807325,7367.04592273031
1179.48374317927,8989.97946031891
8066.14623383475,7332.93080392437
1587.24859567705,4733.54607118526
1174.81660673697,3529.31069641087
1414.48747662292,9320.47774837835
8751.93420918474,7609.66373194778
1083.34157902989,3451.80386150827
1383.84373601658,3560.89497919715
7811.19473070202,8247.31523657166
1399.45391675398,3809.26848844521
1372.49863349337,3350.91317717965
1070.62041560555,3809.39262305311
1067.28197438732,3525.62054978213
7997.29177947942,7793.81520098606
1214.23450114236,9053.50026964045
6356.93724952192,6799.65121121023
7706.92812827047,7600.25942507254
7036.02422702403,7641.77821589777
4513.82414451186,9007.73036099102
8874.63209509299,7461.22549706137
1927.67713148582,9097.44485721387
1531.81411237794,9192.60130263074
979.78913739312,3514.82927528222
1022.97634126801,3291.87216929555
7726.92936531574,7704.41462406529
1506.61854893998,9136.12268722391
7040.73324205117,7842.23338318712
1523.18021929031,8477.13777074084
1071.76544899662,3652.78203816811
1596.33087658447,8334.0203764995
5653.10425686404,4672.87209594941
8654.6498164532,7641.6033717785
7664.54051645687,5361.60723698086
4924.77957394238,5141.41300390185
1166.59355341769,3543.78468115818
1639.93738435387,4854.66577016516
971.601756323394,3572.68645998492
7967.38382828514,7296.4192816713
1128.03597380984,2827.88069645683
922.265142019354,8631.846266288
1499.41277546906,3691.89947670245
1382.3909857009,3893.77832041762
1669.11836575031,3957.24153235926
9964.61458115854,7517.12369054922
1396.37464931888,9070.59970822682
1322.04416939116,8848.79396820575
1747.46706592426,9313.02768224139
1238.65752099411,3630.3379374583
1983.63613217166,9173.4998897017
1461.04835289266,8902.14468215294
2012.3647311804,9121.28486788845
1318.86360672425,3415.65903098409
2268.43667570147,8703.94187009632
150.669143527259,2803.43715846533
1643.53395048463,8392.54846257806
8078.61994318138,7177.62965692724
1949.31839533775,5110.99013605613
7942.0726866668,7676.22523872993
1740.49659400305,3523.70791287719
2547.00572519402,8874.04640725356
1867.23673405218,8283.33926275138
7797.63094843227,6837.70811274086
1872.00222553909,3794.69056534858
2112.65490381255,7709.18859443263
9294.42091485796,7921.25791624761
8498.36759033408,7777.81779626006
7640.35459201241,8044.99748101069
1853.68420514946,9190.222715321
8097.07068168868,7296.02724689476
1846.31488035933,9113.70961301798
1019.95495354518,3281.55152434621
1261.57616822266,3494.00363009854
1279.03256055431,9151.09523198968
8445.28477172475,7628.85264530591
1796.942537478,9062.73773748932
1778.15522067369,3709.20183613249
1321.686845936,3922.34812077636
7708.95092631057,7862.05224212218
4573.3890712974,3507.73563792898
6436.50755270251,8229.71491072592
7409.3214746018,7821.21330846329
1802.16507508952,3719.4067139377
7715.33236489408,8446.37394122547
897.827551847106,9078.53376300661
1061.37045195263,3562.53672055406
886.055552591796,9103.77499730428
1413.33029788289,9257.70882284644
1191.2493851254,9231.21337625407
2205.36380853778,4160.08237968315
1473.60453645325,8658.9487354041
3755.39320902297,8359.7531430226
6627.64427617974,7060.00538504351
6944.17666977951,5961.83094808904
8904.07568212827,7467.51893334655
1668.70041901067,3901.14799392969
7253.81387492263,7678.18730779862
2025.74302806075,9316.32685434856
1117.72934548963,8609.77691650853
1945.25514763831,9040.5411121367
999.829884374401,8341.4345303418
1412.57977886269,9300.36402142538
8319.74721215822,8051.5144917724
1102.28031611691,9251.53587041037
863.363004849026,8843.9883249321
1861.05576221914,3846.18909962518
1128.7621715919,8453.08002923617
7427.54226283816,6422.72449004485
8525.34154737333,7554.00074072317
6921.47241071012,7930.03223439335
1688.27958909814,3650.55074068876
1355.49180290485,3418.8918511074
2146.27027468167,8258.49196402317
2309.27717711279,9321.78399372778
1217.81660177439,3462.68484978808
8939.23496668633,7809.03621533482
6989.06458916982,7935.47326603085
1683.21715033178,3987.17386584295
1052.83599231726,3543.08469382837
6968.78952346476,7305.31410960373
1649.23116915871,8881.42834389306
805.499539631167,3199.34291978444
7654.37247076298,7605.28049532938
1343.83361965589,8844.31590386858
1530.78075042854,9049.39059183276
8698.72999708919,6801.4020993274
1326.37187448937,3471.11126316559
1695.80864369015,8899.9238659281
1646.97321793557,8994.19541377194
1265.58316533762,9298.27107685221
8131.03470691489,6116.70074221822
6605.39361643303,7789.72831610327
8105.841500013,7636.73271791539
8006.58121557195,5768.81407667497
8628.95303597107,7040.33512990953
1753.15290525121,3714.21391859557
1377.79813939659,8320.41121648014
1850.38543804887,9022.51365610229
1771.06747848454,3896.40381067444
1533.47271995754,9219.97697126155
1196.05603702561,7639.31481597057
1311.67849626333,8935.34725566244
7207.31377400356,7013.72793061358
3219.97371480264,8562.91545854567
1028.39630635119,3139.24096237412
7475.23261180554,7780.66444556106
1594.30696052517,3891.95334515864
2046.60121878909,9129.07503500002
8121.8913153706,7543.70385121918
8210.75674108745,6831.60882327658
1338.79437515805,3850.72228006335
7295.09573965671,7286.24909930044
1238.51887964107,3462.25479027802
2202.30708373768,9612.70826263882
1002.08923890301,3668.34928110903
1734.42628918966,5770.53945980974
6707.09286732975,7463.69517433568
7724.8438652038,8139.33472102822
8778.54918433504,7610.08233604829
7321.04987829455,7366.68310398148
7727.97524676615,9225.59678898127
6473.74531146163,7489.48201440797
1684.13077883763,3628.96534370027
671.201716405976,8035.42041653608
7192.09046973,7884.78595140423
1728.8403631134,7833.09088508135
6652.05393489343,7262.86667079796
5759.57880299843,8221.82183674
7319.49711720565,6740.81516783323
951.819907651965,4018.68397388423
1088.31904182848,3255.4185456323
1702.0126795325,8552.81820882582
1441.84264052807,9108.07813854385
1694.19172551143,3974.0110126132
7530.49551857934,8453.3952928999
1025.31306936518,3848.7066528075
6443.0941444255,7082.50076128048
793.434431653306,9258.24618327788
3400.8588948756,8209.63509804936
7200.98679868755,7950.71488127942
7582.0539705061,7364.95831044035
1358.75625428449,3697.57662033329
7018.45457936101,8122.61481130758
7517.85763629915,8040.67678807258
8572.88263829056,7473.7696042259
1292.21932840688,3372.15980910186
1223.86113772781,9214.63179548471
969.682865598579,3462.95171646093
1277.21740200255,8630.37677465003
1015.59425245212,8650.31493448632
2917.24214028599,9078.56670812547
1726.64087429651,3676.37910880826
7131.70672491858,7689.39841353706
2006.6347530848,3956.47177988839
5192.95318623679,6928.43725621985
7381.62200187627,7589.63750191728
7427.81357150761,7810.8680007427
1960.06979022203,3569.1384701087
1538.07889373325,8755.42304702793
1924.41474114453,9272.01991878561
7702.59165723995,7986.66370408487
7795.91382155049,7410.88329146539
8568.18756602371,6952.37364956498
3467.65668414012,8859.04608280497
1506.1627761146,9151.06285043427
2919.04847838579,9265.63323460932
7734.8740980098,6974.03540947341
7674.76295269732,7998.22228037799
7863.0717734066,7510.81382738518
7310.40612607338,8271.03042432224
1150.83275273624,3702.51374270727
6222.18901409484,6792.42017948853
5233.05183459954,4043.9561567776
1810.23261867871,9203.2666272756
1699.76099732053,8476.1342488578
6270.47948567809,7229.04164473578
1887.54626425437,8565.61132893092
1192.32031761263,9185.32986787401
7145.47003782889,8306.08154155533
8749.15198116472,7758.74622392514
2951.78320689719,9136.31758193778
1919.55905480455,3676.38600641687
807.624512620126,3410.13072585734
8205.82557839672,5992.47135043961
8523.57043229309,9146.24382952078
1822.00498634916,9350.25711792163
1155.76563171904,9057.10081795232
1133.74633130541,9238.32579332436
1657.48678300026,9063.35683103385
6596.6252195198,7656.93539564344
7936.7610169963,7772.3371402213
1432.92987705509,9157.57426379579
2321.07145508585,8245.98800702957
1403.19406261598,9137.01581953215
2117.44448166631,8415.96775912542
7467.23358345873,5703.55214651414
1310.26473268042,4041.50720911741
2142.79816949662,8518.07899497548
1636.90407870509,8963.00285049417
8375.21788036475,7645.94344084033
1408.94635605317,8306.6935509937
1573.87165349958,3752.49806722987
1487.38733423595,3996.75036749516
737.286637209898,3371.62805173096
8238.62742252218,6845.40605422314
1051.95267776452,3435.73752198946
1888.83737599545,8371.28154893037
1439.20557119992,9116.64950160694
1523.19027805992,9286.61810983802
1791.34301781875,8529.08967746751
7699.76864522481,7886.50320387948
5922.61381711351,7498.63372083656
7864.36287646396,7783.41502450812
1173.79789355526,9376.35292354157
6730.25767878529,7032.14563077924
7160.72057234348,7456.08547498834
8075.02349800507,8061.08937030062
6930.04194297108,7586.35997521806
6772.39184783915,8220.29847207494
603.752681929156,3297.0818073622
1446.23777975752,9111.3120712128
1563.90821167515,8901.89812383611
1625.58398015079,4312.79286815088
1100.46692932187,3532.25798884677
8262.94820148674,7347.05152790155
2289.27728598049,7422.10854910366
7948.38122411811,7498.10984329345
1118.99392244833,3518.04249395816
7498.12321270558,6916.45047618242
1405.66600856683,3415.82896404418
7339.97255459804,7486.35474652524
1218.44186208379,3684.73462255672
7055.51556881554,7016.87642419179
2160.84589192113,8396.30374651568
6086.64514466743,7850.86036051141
7651.38462351673,8399.49429861273
1010.24206999621,9205.20021981205
6825.25573324352,7819.30944856054
1875.27154808996,8623.60921443377
7233.44304784072,7742.98192863295
2976.77609280557,7267.94030733855
7752.00678536147,7723.00254368597
7494.53425495728,6705.38207699953
8300.01904190724,7236.02729614232
2029.12018474954,9194.31979750138
1333.94179271613,3717.5615605747
8011.40643600847,7946.0978378127
7326.5600326094,6908.77777314305
1735.78245550504,8772.86652354733
2055.93943691354,9061.63602427407
1250.35050037934,3601.74035708465
1224.97294435022,3408.34650372963
7617.22624891051,8178.04744627197
2528.32157169522,9403.97271213534
8370.96589438872,4779.0271052569
1176.88531021834,3271.11431390213
1614.77223081473,8884.66006418915
2376.24954788812,8988.75897536635
1342.68359818367,9143.0531098556
1458.39171874576,9111.31757092031
6012.44335894466,9129.79134574844
1655.84437372199,8759.40687889214
7286.55192608349,6830.782375757
7477.6670895448,7743.63160830259
1471.70626555663,9218.96972204865
9376.16589326222,7669.10204983512
6981.13713168337,8452.1233734561
1326.58549799817,3524.87861888571
5997.82947340479,7703.41984499387
7185.4814902131,8094.31577128672
1513.54971269958,8647.8159893179
1347.26865978041,9056.67346375837
2324.27471836835,8628.73972273621
1223.512448744,4882.58012335202
1850.64483141082,4157.41158001065
9989.08363651295,7863.32603943731
7404.80124136718,6593.75526355055
6472.64414020848,7050.25693147528
3437.61723774194,9403.91251920256
6743.3172498091,7795.64382464137
1310.35166008074,3406.45787912303
7177.18996988123,7241.55571943008
1276.8100232374,9194.73016779311
7672.33693053129,7761.83510140875
7507.61775649263,7509.56187561785
1549.17789690107,3719.74776483833
1856.5884370847,7046.97364150228
6967.06718221556,7510.41163886488
8775.44143688894,6615.88453105323
7107.65558692967,7686.50329303471
7280.07113035514,8181.79041962447
6965.83192662706,7794.14779950504
974.639404718922,9117.51583831035
7425.72852175609,7698.38444057134
1577.35969655388,8091.6160894822
7974.86850601132,7205.20660503235
1669.51830072192,8734.77712370324
1291.17289149556,3648.45100905722
1480.33195540845,8967.28915166571
7337.31248023929,8567.21552554979
7658.82272113471,7615.85919516905
5479.15850291587,3682.89517168007
7785.6730111395,7317.78945011766
948.742284471596,3327.5194186449
1075.13015444257,9221.31577145395
1622.53667580917,9192.93601948688
6676.76180973331,6989.09055711713
1594.62507355031,8927.93872650736
1582.19919370407,3707.78750637275
6667.79971258391,7602.62203345572
6987.67172164785,6858.84475864097
7676.05355997363,8351.08822743622
8311.22132525442,8806.39297900415
1786.47715131751,4000.92802228917
2828.17560868739,8058.0869381285
7880.99028811241,7928.30455077962
7810.47626252971,7318.98571780075
2054.93594182163,3959.87592451523
1839.00932870452,9146.08782657718
7697.21330605272,8067.11178787335
3574.41320938242,6725.05920379857
1360.85561794741,3568.51440083237
6856.23342140286,7668.23504630311
8167.50301746616,7130.62034226786
1034.61979405295,3033.44737085169
8340.04449947414,8023.32441019266
1824.2141578829,9104.45133377092
2014.07622601925,3568.11707131903
3308.16228732544,8233.23192953228
1092.77689646193,8525.38411495139
1253.23089044042,4028.37537618159
6883.7695246088,8295.42339273955
1788.20907079776,8230.43800514966
2469.66700636468,8800.638000769
2342.39851436175,9163.95777931551
1113.40877582642,3479.70887806516
1251.75584895912,9477.68679799657
1497.86580892597,3730.25141647341
1455.03264799971,3579.27087713604
2328.80442333549,8698.23343070982
1285.09436839473,3491.61788086211
7046.59271032123,6291.8428428463
890.980400673436,3071.45032201466
1483.17887675628,8836.65880979357
1623.60514822531,7977.16598965733
7656.17011531491,8153.5825786562
2099.66162315727,5278.55543160049
8716.28102545075,8007.64903401944
1891.39863535866,3807.76406641303
1238.75508860579,9030.75097327068
1695.46605671822,4163.43398177701
7326.03742545544,7900.67192087907
1506.7359582148,8871.16989984451
6211.66079606524,6772.06243967552
7862.64773498035,7768.34730981992
1272.62094026586,9223.67146050911
918.220419882864,3142.0313376418
7524.68360184245,7853.07323875896
7477.63883117589,8100.66616457105
1296.37916647709,8322.04973978661
5591.78006087497,7701.45504473919
981.972854068582,8857.65526243342
1128.46457174842,3474.0048365019
7424.24567377345,7804.78397278774
7405.16517670202,7855.99825872208
1972.34971069319,4024.36372357291
8161.94374515733,7479.94810637744
7257.92582152838,8024.87222485864
894.173772067719,3435.54030488935
1486.74216052905,8902.58334129937
1178.3494834199,3458.57069741568
1428.58686967736,8993.42905184873
1175.68228822168,3575.95333599484
927.502611083335,3280.53595903181
8802.15875068617,7962.81363914546
2765.78556421277,8445.97879426262
8142.50504939372,7679.71381085991
7976.39901341151,6201.20277763497
1403.74439580503,3628.06597795101
1490.44781723175,9032.73077512345
7454.56827191967,6940.07146873374
1014.75849075747,9090.73880384842
7286.2045136603,7907.97249965025
1906.52531133716,8776.69966450593
1384.31542286717,8896.28866070886
709.214368784153,2690.35192818395
1661.47320258641,5651.8412839185
2013.22751464426,3522.23863269435
744.123446972142,3156.57475482759
7041.92155956727,7449.10493493109
1115.9990323084,3349.16817574049
1300.2482420671,3334.96289395887
7309.62380201494,8198.01513532488
7449.59786946359,7972.0019107781
8116.74672044272,7274.73307899939
7472.69577964755,7268.27552468835
7201.55707950147,8049.58271275593
1692.71089322456,9259.89335097807
7329.50724996809,7192.84754290166
1237.13143731136,3601.19697847841
7198.02760828141,6982.57631356582
2110.72128867718,9155.09528971105
1417.7272094649,3446.93132663762
928.239744939736,2958.77347705657
1450.97210032121,3764.5716136112
1351.10050261559,3680.82456352815
6970.7831307799,8061.12716892299
1621.34323228098,8658.97383631661
8150.08039672131,7567.68571928436
5973.43529235398,7573.8072180151
809.973486752766,3414.51206848015
7367.35322072588,8600.28003048803
6253.47668476587,7770.12597198673
1230.47553397706,3254.12134121725
8537.01877653842,5091.72344867021
7445.82122832099,7446.50332557708
1296.23449693353,9119.91380817303
1258.42431087002,8949.77408371557
1860.02412867209,3613.95166050355
7623.34868295652,7952.14926652532
7191.0366638854,7942.24275950422
1531.50387053218,8625.99206241521
2016.13937928107,9199.349666146
1973.61142086341,3963.53718314889
7842.57622515404,4318.26982138525
7527.3623802464,7170.7631724485
978.079684177208,8855.26424753775
8129.46395924019,7369.4432292234
7080.19138290287,7260.01848108033
1417.22683089179,9195.62247789153
1220.22353211046,8675.37917284051
7166.99952147237,7991.21814664735
7629.02945847214,8329.63053880665
1999.10640198761,9346.65464073161
809.178860830813,3378.02681731411
1716.54922094512,3544.90444969037
1757.58549939048,8734.15786844513
1401.1345969603,9220.69954401485
7899.15137933725,4326.12101733831
1149.40005842538,3642.85632147533
8037.44169975726,7098.38640232655
1278.83696762106,3317.00600052663
1572.18065914809,7203.75557271187
1290.36065283927,3706.63079245719
7067.52926111975,7608.90490144226
7456.85135448634,6848.00185193089
1472.41820804318,3388.6475648449
1318.17352003658,8650.55180947988
8159.67154223986,7249.99056126916
916.851604842851,3939.3798429022
7869.10057399305,7782.11736497747
1305.86687354842,8779.20113899823
1548.61777260252,3708.10208788089
6797.70712879611,8113.79920089035
1169.56920071846,3248.25955785947
1103.55705989948,8819.21453176481
1514.80709378334,3455.97161399922
7256.07123850672,7038.19636500773
1110.430427107,7622.21141617825
1185.63924845305,3675.0658588152
8678.61084274995,7324.84453898179
8945.29013596816,7689.12302663547
1058.46945556128,3232.08534497844
8434.26987171802,7904.20158137965
7593.30630044019,7308.41718613835
1588.36908068351,9072.6907078938
9288.53235816056,7461.77535828004
725.97200610323,8920.75950581602
1390.28329526982,3565.19960830505
1299.82996814722,3156.53711289468
3331.45486322707,4707.72445745351
7662.38630486239,8249.50235817801
7138.22384655592,6853.99809191973
1228.09911828323,3624.50165564348
7402.87874968657,6932.15390934761
875.959748129363,3722.0158058838
6486.60428883321,7864.82176742084
731.845954754615,3556.24385705933
5988.17069143456,8257.57164870395
1338.50485642553,9039.98482800388
1158.92666831307,9204.31407765127
7368.01653113783,7578.44785393844
8253.25443775449,7178.76988845707
7252.40211158186,7157.31721082753
6375.13126662091,7720.69584514874
6854.93445248982,7275.50018408497
1084.44608736826,3331.12367281676
7604.52275098786,7506.13446464683
824.214720806496,3090.40122209235
8632.30304236349,7199.13267641545
1600.08287159315,8683.09328638768
2805.02515737236,8971.54039185085
1296.73190823488,8986.12965348811
972.080905411745,3235.69367666968
2572.86538843872,8798.88338340887
7194.03239109269,7547.74214966104
6925.51523792112,7077.18035424042
1531.17916557779,3881.927355492
2249.66811069372,9042.09703384743
7457.9392391754,8443.49106993167
684.92915416477,1168.98338542962
8539.9884251837,7205.83057976708
1253.41883258558,3194.44209726642
1044.06302315029,8098.91255205598
7775.59655293265,7498.69691533611
1457.77223502925,3833.62119861046
1239.96273185853,8913.03434435445
1573.70545791114,3379.3274726631
1174.81937751612,3410.01923212074
8486.5471218696,6493.76870780962
7702.33522743126,8739.75949053988
7862.43148367422,8648.28371894037
1209.94628874148,8768.91598183662
6789.64107551316,7641.17340381161
6444.19602164404,8243.2066266993
1400.21456445568,3931.38739349462
1109.09948900995,8942.78975867713
7244.73797811093,8034.01992908628
2162.83219776304,8745.46976865352
1803.53421268391,4102.61280076785
7450.07402973559,8162.7656897681
579.073848800057,3154.76366854057
1360.30229325827,9150.67003989258
5930.94276214891,4293.02624786295
2454.3827851237,8476.49136970693
1108.12993805169,5544.33584163407
1668.49082522775,9096.38760696548
683.003228453659,3435.99251533177
2533.3013742247,3782.74389702434
2170.94834813805,9206.08980490483
844.298450807723,8979.64826874504
2271.29364130689,3760.52783620979
1069.48990278701,3593.36161939427
756.754710315719,7721.96635615992
1007.177513054,9191.97190135536
8867.42756746436,5394.76043103198
6874.40262631595,7786.17590180292
7527.17241321356,7489.50379974648
8044.56067062033,7305.78693309942
7213.72818612062,7551.64001259197
2303.3582736104,5176.48582703987
782.917567688823,8187.57860626503
1704.56286066841,8901.62524670452
7392.83550998805,7861.46288214416
1421.31944712102,8625.38081978213
8463.08341556362,6675.91231080418
8267.12233857831,6316.8272763739
1703.74469149445,3783.80767740306
1487.55779857625,8579.04284590551
1984.10567473995,8944.7409643514
1686.32751592948,9010.11790407289
8559.77300192683,7064.97776697342
560.573235239496,8666.64068256768
1630.60910236673,8869.70770040067
7771.14002957636,8005.61015623105
777.505730944783,9050.66365509151
1468.75814154614,8874.80193188864
7957.83010496251,7748.25463438631
1095.55902575814,3349.46302012951
1897.51770064256,4357.7246607956
7936.58660791112,6782.15106343799
990.718849108376,3252.01824250026
8072.54704684521,8404.65047433193
1306.13922411312,3434.40316298045
1493.51478250473,3624.11788445889
1199.39172992904,3863.77619778332
7535.72537918322,7882.53256682535
1825.06027118976,3592.04577211691
6967.23862573476,5651.05152192922
1611.2277751267,3477.62046870357
1105.33765628815,3051.63573752236
6585.69000837112,6820.9690676754
1600.49636030094,3720.81510158634
7684.25072332758,7157.9482095668
7168.90424431567,8195.53200668488
1636.23927374933,7732.50985754627
1306.43818725671,3384.24228718509
2293.92501888953,9511.66398641132
6242.145016216,7771.76685037061
1193.20274045483,8384.34421449438
1983.18184662787,8241.31334102534
1772.10720198063,8905.09181042549
1024.30130022927,8772.02265096728
8518.48672931706,6334.29804209218
8183.08269032094,7342.09991234957
1040.3308093137,8468.12595389734
7389.50614853766,7001.34736059122
1800.25335052134,3756.10476686814
1695.4088936834,9205.36749845107
7518.28399167401,8167.03714411363
2535.38885176368,5351.47422510929
7131.36206021858,7378.8772132017
6687.35718994224,6923.68267484843
7297.30005176862,8265.84578999653
1128.92828369089,8959.82567991311
1449.68713705262,9087.37923310401
7555.8344874778,7971.50245672561
1399.89003960994,3408.45513231369
7461.08389843743,7262.86961618521
1238.0555506524,8762.98292288896
666.966957759681,3112.02183824102
1254.46332189672,3867.62769007111
1352.68104315633,3371.37839232602
8157.67584877432,7507.59141235612
2056.71168021706,7443.116053036
1114.17660118936,3334.73513798251
7358.83656977676,5747.78029955583
1267.29470245932,3047.94395035263
6883.76288286823,7779.06738201802
7173.44789974182,8032.58072098947
2011.1921499916,3967.10154082217
2199.68494816115,9338.81053676899
7953.77895706134,8007.61061487488
7547.53901278786,6443.84386174882
1570.73359710712,3930.41036944953
1767.53644941284,3420.0522437603
7064.09122485659,7942.80481050526
856.83865108724,8844.9462057194
7707.82330874622,7693.02814345613
1588.22791293742,9177.62347451622
8411.69464993813,5815.70417539826
8051.72757182668,6862.51949837242
1151.92035740576,9158.93640080767
1241.19461869322,3165.67344732334
2790.38782962703,4242.63847261804
2114.63887936824,3483.46574584913
1166.78317624103,7467.87790843795
1093.49910665415,3806.34702229491
1911.36071798522,4043.85543042325
2131.30238008049,8871.01675803038
1025.76489014071,8953.1156864693
1510.56864819906,3850.72717039043
1466.60976630487,3632.93189713768
7845.37225490563,7647.84439654827
7075.14994424881,7784.33815393608
7403.2679160005,8231.88640803469
8280.06417018441,7007.0142496756
1402.11670815823,8645.59265959518
1217.0835223156,8900.60401493719
9055.40922046078,5746.67069024145
7898.91886614274,6905.81149616978
974.553872662468,3429.92890497329
7942.92688393424,6253.96911539849
7435.88811574025,7794.54601773027
545.754973348731,2091.93935947729
1458.49930521488,8975.4645757405
7196.14117448591,7370.68774720268
1811.17868013872,8928.44148199693
7750.92755677369,9147.81925557373
1816.24903634483,3785.43342338754
1465.25116200307,9123.12946510046
7450.7379975558,7810.43815648698
1931.36693565782,9100.34075032573
7098.77824774311,8231.25233092881
941.982833668156,3202.81906174648
6942.63734185315,5621.85311479556
1543.81413728274,3894.59491418066
1780.15686004389,9096.05796135509
8787.34534766749,6751.96788346325
1485.83031751796,3499.51235791426
8193.79824225239,7744.10644565672
1512.41974501199,3869.11287661814
1800.74252498249,9112.73372355593
7229.7522651728,8206.40037700325
1376.73315706106,3436.45664717295
1537.65163179771,8554.8058406936
1916.71775124702,8654.90261985682
7437.40246370787,7834.78119700277
1377.76167849241,8516.46662208652
1279.18166227292,8778.6250311182
6168.85162647307,6624.96778204561
7174.80977859803,7710.19858735381
968.301526854432,2974.95685687181
7610.34631634184,7493.0225890677
6542.09557884453,6939.14487619389
7465.15413883775,7269.82518760419
7080.41663868757,8152.96680437742
7636.17811466793,7558.81157128535
1459.78716514679,7413.89294557156
1409.52566623054,8976.35636905212
6503.57306286004,8349.22020427698
824.214416759353,3382.59695877188
4023.9756871562,5011.26702708363
1154.16226581151,3356.03773183098
8378.05631688083,7166.31687904616
1969.17621785876,8776.79693579034
1830.03405477014,8998.40312249851
1950.82717014273,7329.76864148734
1789.6752147762,8905.27245042761
1723.98161884946,9229.30896393981
2015.55357413036,8978.30549457783
865.723571043865,9229.75523086941
1265.90033453906,3425.38590178608
1704.87641668239,3376.03438951936
6804.22900476339,8233.90674306227
1692.63250613425,8927.1460680333
8080.19848351781,5890.68995609946
7321.56055261676,7584.08481605854
8277.62996765505,6359.32283358145
1141.90623700969,7296.32665311758
8534.43742766299,7217.70515006989
8692.23870610124,7952.97287798085
1099.84107500085,3497.5781942695
1105.65225959489,3490.91428041079
7245.31137104246,7977.67740625069
8901.2188397949,5451.36965364092
7260.26904967199,7489.96391951936
1025.74279818688,3175.15529801208
641.154987782503,8741.77283318469
1309.8061930674,3531.4828520451
1065.19987424319,9238.62724824864
1412.3256229673,3724.70300033923
1090.71764405025,3624.71187187969
2003.50644062951,8936.89328142385
8691.23687013128,5234.5532850381
7592.29375934289,7613.09543765838
2580.72679278574,8985.20796340989
3695.06625081239,4220.9014873591
1423.17063228432,3693.54272582333
1233.14622203551,3421.68931599437
771.205351741933,3435.34003527377
1326.07819512743,3549.82252025193
7273.14690999031,7923.79905914184
1228.81073562861,3815.93094797624
8302.75525650461,7794.92273692804
7071.6209567498,6987.56096613179
8017.49869028323,7445.47075170937
7878.21552970627,7941.87238150716
1413.36046355823,3292.58412021317
1213.09921915572,3210.82555170358
1715.56512355434,9268.6150416097
7414.36211401076,7888.22076697876
1497.62555406454,8651.33832245087
2051.54827196482,8177.43453318978
7833.01842815276,7009.60308605822
1604.99012742994,8845.70905454259
1339.49296614018,3548.28039217902
1758.95375229853,3494.20064484229
8044.02660360706,7646.36155474117
1121.37131179876,9012.0579225214
2396.66537764549,9233.05788862532
7387.30632705513,7431.79530886893
7929.69889196968,7278.72223346122
2189.04899091524,9239.41228672058
1944.042702055,7111.7929646695
2236.01538717217,8182.21468532706
1684.93533608802,9082.21528651311
1172.48357647375,9108.86035036318
8458.44715559668,6968.90358183642
7751.67358585126,7759.99884996445
1692.65433842778,9243.70605303159
7926.40527509113,5450.625547715
1057.49399025675,8661.50374532943
7744.71671445416,6988.10972246664
1463.1756800854,8900.41514624096
7180.30451999538,8616.61818235154
1650.91311585278,4200.19829960102
7417.26829182933,8149.58765196884
8985.62642107245,7740.25737086245
939.372897773024,3451.60635040736
2243.27460007087,9131.27895109911
7133.71947848234,6736.56750638342
1291.45017380732,3479.39531707613
8636.64459870654,7016.63584308613
1411.13066632069,3577.0810058095
1136.39413186265,8955.89693735867
943.467261918365,3266.15217045134
5518.87024479196,8970.30153792286
568.653753107359,8952.2694462222
6779.78474697181,7973.97942387589
1930.83589588339,7752.08801706513
1073.53635267461,3150.42871494066
1352.14110050561,3631.62148196592
6993.17801025844,7339.38872873496
1084.12931793364,3750.89774549839
7802.76664876548,7593.48384388413
7279.61783798374,7359.79215515559
1823.82851729452,9122.4111063884
1356.10264969586,9602.19986770517
1729.73187603579,8843.64604298974
275.157833618719,2769.36019104901
7403.15497840642,7472.58262465998
1800.23127800431,3987.65350888683
7858.75470990151,8613.51098697938
8263.37661410379,7884.64662900486
7696.00795157145,8116.90213686093
7358.63315302758,7710.72230215314
6752.36103648014,7734.13928956478
693.454035145318,8684.48895131454
8514.83787822398,6078.28935131719
1169.59942874485,3488.16352312722
7091.32920071515,7657.34153902782
1524.04563365791,3742.30066266164
1919.67907575086,8883.71171673646
7466.64324057848,7172.19657077778
1537.20003498364,3634.54418294782
1381.64340379863,5567.8754464021
1651.43346597027,8925.46206367273
1685.74465134148,8910.99486730111
1428.06102998466,7856.25143372383
7756.51159241269,5506.8427957709
6678.99711316646,7277.5549953865
1263.88437977907,3587.46482969203
1313.55036267729,9063.27924147875
7045.23183534382,7494.76526262324
2535.98612041307,8493.51810741495
7960.01857536811,9158.36104945894
1770.17686099868,3576.75450382028
1386.78423257724,3192.61691477449
1326.22235093404,8951.65452922581
1976.98576304628,8883.71105335251
572.917928630099,9009.55258029583
1888.69399843723,9128.698092133
7546.85470616508,7799.96172691357
1221.2741239276,3524.48998886875
964.927546961297,8737.51626164548
1272.72967687314,9026.77221106734
1737.95683629007,8482.40524981872
3640.08277284989,8818.68195756649
1732.32016560048,9108.60322394441
944.707220585353,8977.65492111554
1474.80551659949,3263.81601646121
4188.68752997517,3568.14538647758
6510.99143549843,6792.01020018972
6554.36208337334,7350.16504650161
1299.9071307273,3406.50402233825
1421.21346245463,9276.24092448791
2179.54172147158,8272.58180664125
1643.04406468376,9311.2386198222
1880.09814800112,4265.77351802217
7952.44589766675,7053.68340380701
7002.07600968649,8011.56703081273
980.819171576727,3378.4491721247
7524.32359744797,7681.40803963357
1122.42881471923,9660.30345507891
2612.60923935547,8590.92872133986
7541.13414446782,8252.37686436539
7340.45035963741,8421.22039948345
6086.07145641585,7916.35583984711
942.525772718421,3207.70278133567
9081.68881774896,7415.60962575142
1252.55004192732,8704.44510845573
3134.277416417,8407.1358580165
8005.00414871869,7612.09554627714
8096.79547397148,8567.39375899839
7461.99773902997,7388.48743162928
1583.08612020698,9110.20243802013
7907.41075423448,8206.04850466583
7402.034376962,8285.88907900435
2181.94033186843,9066.02487688879
6992.18239434122,7080.73448137424
7667.74657250117,7669.99739709948
8358.4279518824,7369.30471827066
7813.37550484108,8533.09912555168
1199.1133821701,3546.80460661862
1212.64160613943,8851.55025127189
2470.69488718987,6953.4728400417
1442.37749128177,3532.68560466949
8355.39898756103,7839.14672198833
7103.43726689978,7967.23003292726
7718.00436810917,7185.99542485729
1413.95497950106,9167.47753605316
7294.36841054442,7562.33001802819
736.883844491527,3251.81157696732
1881.5384722865,5113.58160770314
1842.62923456633,9028.68245655413
1157.89569670317,9050.64914977347
1936.29084385785,8932.72336944377
6621.6173036972,7560.59174781702
7501.96449593883,7983.27135906336
1702.38279779016,3692.6416194096
2039.49996127422,8218.60457874111
8239.3839944204,6945.6829204386
7183.96501748535,8160.74449401947
8074.705504431,7757.37365380192
1219.15541394324,7990.37852271477
1721.28213026944,9077.84626046549
7421.64838286369,7601.89440089915
1911.74529781337,9104.81512095716
2906.25750343011,3947.80230109786
7771.38794636116,7309.79589013287
1379.72685540794,9261.2488501511
4504.4260757862,9269.84676982127
2210.36988140571,4158.40415188322
1659.55211254604,3894.04072664457
7944.54830437957,7014.65387585342
7796.92490167211,7667.50023543934
1636.34268299151,3804.12237745211
2170.12840275282,9129.89867907897
8389.23675354723,4571.56420368328
1578.60261552477,7753.22660110492
1136.16444897125,9107.07538043552
1562.3952231193,3879.62081764834
714.851602428438,2793.93888922497
1245.42520726653,9358.29260450942
7306.09816836478,7187.87157913691
1716.89127286882,3711.14884433265
1406.31597140733,9178.93149600883
8488.12769786648,7896.03902006029
1520.35187793003,8992.74990959348
7765.32643256159,7960.11605271245
6560.050628574,7644.11867994443
6463.37376098823,7385.71049378326
1534.62914086289,3860.37879281161
7109.8590420671,7554.40046490487
7282.28437811087,7600.98213636697
1549.11543769121,3862.30894786418
857.124072819039,8833.07229545596
1638.40906899375,8990.65886025885
1272.54106585754,3603.96526995615
7983.35815133455,7084.1703059943
1309.33186291502,8343.63222374152
1921.50705421015,3638.82355343198
7561.43391348792,7624.31413263859
1989.90193348829,7893.77178902522
1638.4545838421,3913.2632969232
6842.11465203195,7031.01166987949
1282.06493936779,8355.37326483135
2210.66758873768,8969.86692543488
1820.99128030087,9229.53891172732
6328.89938900988,7162.81736162737
1775.68941322048,8356.30888788468
565.196148560454,4286.2552121563
6923.23746979762,7628.44038638033
6859.41648759751,7893.97644416633
2640.48361151208,5259.82009284396
7875.6673028207,8069.94844816091
7057.94927459106,7605.7383510613
7832.66786814266,7329.66502934951
1581.22940375461,8951.90724258341
5628.09111226938,7438.43739928903
936.030205561351,3739.87638569024
1295.06433131503,8953.06369737378
1555.6055267611,3554.02772816863
404.264968390827,3154.21751247155
1401.98636226937,3998.54633068212
3700.66112643837,9414.09201619866
7408.88347743804,8400.22091645992
749.782972254245,3330.19000493611
959.136820638285,8750.49502665459
1008.21053016498,2902.48797893424
1448.86989838785,9109.70301052045
1414.45399708852,3686.56801660111
1133.85144292343,3196.28169244474
4480.84467398208,3787.31336182982
1795.26831232514,8776.94756080334
801.088752111958,3218.4890469676
7395.64907235423,8584.50573786766
1378.77809457494,3466.55905141212
7000.30419033491,7836.97933246833
1146.75788522482,9015.9479542782
7931.6635896833,7498.06818329494
746.69946338101,3304.65056453524
1452.08986402614,9101.67977798365
1495.20243537673,3937.32780387967
7263.22225227868,7207.95557881063
1541.60793432238,3266.80989873805
7005.61980211623,7392.77950335646
1029.76083002235,3653.35036994691
1779.47828890969,4282.23707527735
1022.73162722817,8821.07588816364
5037.7361115537,3975.22717310533
7175.31329562378,6672.43636597748
7212.66396939498,7481.90628434006
8002.55546309174,6519.65470400623
1896.06893213505,9101.84547827218
7505.84399323727,6809.72288687589
1402.64621853874,9074.77862902839
2157.07320389949,8852.60189320833
738.090626804591,3600.95102460897
7830.75095384429,7691.91738731874
1283.33550689098,3614.31359623683
3537.50485788666,8932.36791494935
1368.67602894344,8995.92415891288
6719.57559063177,7614.50208917155
946.074960590071,3088.31034970382
1237.8671633762,4099.47270290158
8176.36671973085,8056.91136060304
907.077402359619,9026.17894899803
1252.76844978233,9006.7991383705
7586.43112983633,7423.72366883531
5106.43259700035,8498.9800126331
6980.14527715064,7589.07595621932
1777.55244472118,6401.49428314099
1864.63572797618,9170.3636598937
918.14293754262,3785.19131506736
1858.21920021316,7528.85927478797
7105.4628494305,6849.69719198331
8318.61280511395,6800.46137415457
2277.34650753155,3684.39457834729
2206.01200255136,8991.97204195805
1159.57231617764,9109.71483434395
699.351706847194,3175.14252138332
7450.653951369,8300.39796847177
1732.32984135529,4168.92563637428
1414.08939656982,3567.30056075061
7461.17023086441,7344.04693566032
7584.06816063032,7398.22499362074
4895.75601779656,3590.74995365814
1791.57675568355,3734.09329140485
1093.25404127518,9228.79578495434
1652.96412588154,7659.37030628899
8715.39244089811,5819.59979457968
1096.83456556911,9165.48630741323
7176.10539618904,7099.53100115593
2480.67406951005,9001.92289120955
898.161351996071,8870.19930063574
2460.0612881038,8865.96367627577
8499.2427694381,5459.41798887235
1752.71015883691,3087.61200431119
5919.52870755838,7448.9068930276
1333.69826856147,3232.59212047936
8402.53168621168,7310.68790418903
7497.55393201051,6136.18795453517
2359.01176383657,8771.13081944576
939.162441194221,3341.80520670736
7733.35942977623,7329.76846528027
1050.2004725187,3406.06841698522
1336.44037758327,4103.98221901796
1621.12889186681,8338.04663537168
1294.94882139721,3313.10422693809
9111.44115930141,4659.01379586941
1076.69821851212,3454.65892608085
1643.56109875489,8444.47682787671
1766.32036728735,8842.40793612546
1711.54066174973,3750.59033576281
7762.23174071545,7945.26229201632
7506.69439577534,7916.67933152564
5982.85716794981,8982.46384474023
1638.13477398439,3904.48067050764
7805.77408732184,5291.73842545994
2604.89548882331,3791.7511707435
7665.72520025752,7039.20458532367
8060.08318890733,8099.18050043861
2032.52625449892,8844.25553338122
1300.70764321909,8770.63192754514
7496.96880012105,7261.83361318016
7189.75072344537,7486.21832560816
6758.2868904179,7876.28801330607
1020.77258711755,9117.1360686938
1141.924761003,3212.26187537197
8281.92032495863,7918.63997187443
7023.35515194415,7529.9106072207
7937.34241103057,6693.64951128427
1507.33679610846,9302.13611923538
724.29569712594,3523.88451355017
8155.11849429534,8314.80785550256
2225.76488200271,4598.70247025372
717.593628949436,9080.85441472138
7315.02402371889,7028.33225730043
1421.30477663434,3558.8959694369
2050.15466392802,3283.39356718411
1813.24530310306,9346.02287156103
8615.35060047338,4628.79784296942
8190.10982372774,7339.06188313702
8900.51377462101,8049.32179771404
7940.79963358708,7984.49937993519
6802.34224246752,7870.32065897788
1156.97157950327,3388.43371751786
8622.13434326893,7495.92971368399
1114.77688790822,3229.27034473084
1172.35769804382,3227.26898845562
7144.21435228202,7965.72501206482
1670.9556992899,3924.66005990996
917.329319649501,3562.01090897139
1426.47779128005,3815.05117684294
1510.24817982416,7830.6693075097
755.267055751063,3062.37799916656
1529.07354536056,3629.4185044926
1643.60170474013,8393.16354764744
1180.54000168778,3796.90219638916
1841.30002897099,9065.89567023388
1351.62699701904,3864.27409092103
1146.27823842479,9339.47614925291
7828.63338436183,8367.4814098909
7410.89147320125,6485.38441313556
8310.18903675266,5673.91722936454
1311.06893269058,9141.05094175352
7775.09549573443,9223.48638150911
1983.08999639988,7919.36346477082
2184.51927188359,3525.102561772
6281.95014745323,7026.23086406524
1791.32310790168,8923.48019120795
7846.66551715774,8429.92004677645
1437.12272144286,8578.00940985958
1506.79810154833,9262.8426691622
700.107861332019,8847.88153740936
4265.90416968713,9305.11433258296
717.995666473857,8030.43716647562
9308.54512974289,6956.36708358635
7686.03359296303,5725.39933473005
843.980698657301,3516.04916968929
7025.70841045855,7157.41600285527
6455.73586177754,7046.19295969198
1092.7392131937,8666.46410623404
1364.2184071177,4814.43959735477
7534.44442768192,7566.28647076345
1090.31928256381,3364.33270662525
763.327878188797,3616.44366569991
646.192910707001,8357.83280434378
1456.13107340561,9115.01173281331
1408.25710995493,3671.62704774312
7745.31415745218,7585.06817330575
1976.94380557571,8465.25074234137
1182.63784274732,9159.73790254118
894.795788551323,3368.42687460778
7281.49272055538,8144.54191170392
7377.70174532486,8086.41570238182
7657.74653733751,7193.22941118897
2455.48452691857,8198.19048589461
2145.62468942594,8409.04044346992
7178.58614110113,7761.44838777973
8712.72457694237,7262.27306551163
7471.16521034771,7577.33377386041
2217.66155086155,7741.68301732262
7953.61401812347,7341.84523723349
7222.30402202263,8220.87156489806
1219.19079371891,3486.90754412418
3356.49949991271,4702.7432100972
1768.49772146651,8740.53373414568
1457.32734755426,3635.73615582112
7568.50279181922,8215.15600723344
5293.96444686891,7572.64729220273
841.071417813453,8240.74510384363
1531.60908809271,8938.34878941905
1196.67763597028,8129.75900482428
7343.7315313948,7117.42549562608
612.726684284639,8831.95536629566
1817.02451225078,8751.80991910089
1505.76063488467,7452.85139698501
1114.6663668688,8752.37742731013
2324.25878759779,5819.3926021319
6706.83253364519,7229.01546421527
8308.55494651139,6982.14036325899
3483.70638866416,4372.95474149974
7452.55084039145,6790.8449019413
1071.59114135997,4019.73100574191
6748.25578470418,7894.55922095618
3876.92728004228,7346.59449743707
1821.34594704117,5029.69912157132
7352.87393180155,7358.41326075355
7662.20663475271,7825.48451458607
7684.09651658124,7415.96833233782
3904.94646105313,7621.72424519762
6660.56200139036,6636.01876589934
1655.86930558677,8941.65581402698
1430.56344306059,8711.45969187334
1594.64547894989,9269.75929222229
971.412608467112,3281.36802336352
7551.43814193471,7604.25353746711
1099.28576552083,3691.33073664499
1712.64549946177,3595.17706601682
7988.46238437779,8137.5776431126
7251.86450964198,7602.24122361572
7501.70755831437,5673.29758799732
1476.75424525854,8129.94812528706
7523.53422117183,6370.12260676653
6264.15251389287,8033.42964359457
2069.61367269578,5865.01471151694
7952.37912185257,8101.13937527276
1856.6996596854,4529.97802937166
1073.01115202605,8986.02733395954
5943.55344452375,6927.57670941188
1301.98350437888,8600.00471545512
1290.74988369777,3635.3561620377
1376.94896319086,3646.13094441579
1294.27736522504,8726.24067761889
7627.68827657238,7450.917361946
7514.93815305881,7252.80819294869
1500.03872962333,3659.1244576763
6464.67622509887,8217.90937461344
7682.07720743437,7255.35082349821
3755.02654277203,8833.34435504242
1668.8223336198,3563.61733055295
7379.57689927385,7885.81102471041
1844.99009963866,3715.11336293452
7803.85348763463,6549.60699945535
7294.65845299552,8340.25630338058
7796.00992587007,7792.34487319276
4897.19010531167,7339.57064135769
1186.10952118955,8975.89413996275
7815.64760021356,7302.74943122797
9988.00952347118,7146.5039597278
8302.00617816484,7816.25871120133
1171.92490274216,3406.97646690095
8292.40651209673,7783.4333122261
6714.49658401546,6854.97775230831
1484.49758829265,9023.93097726125
7677.59328055656,6446.67797998468
6743.21777559917,7393.25356088845
7765.12273879121,8376.72235775526
1994.50433583414,8844.86601723965
7600.84405336513,7872.87816822331
8310.83900685959,4502.43863183331
7300.15073417836,7678.05590083085
7960.32778650488,7885.58524317964
5368.40438123946,7479.42454589467
1388.08036349863,3710.10373010984
7667.78374960673,7754.15332382763
7757.93301683839,7563.35948120687
2100.92423156791,9362.45241129536
1363.28612463263,9077.82650512006
7630.7068105424,8056.81744955368
1643.20240077955,3621.24655903341
2659.37995910523,8730.01941768773
1851.56822142373,8304.29186237422
7964.07363064117,7789.19639179385
1185.22162762953,4244.47914372942
1820.89063263244,8669.93304432789
1030.85854940271,3159.38523823582
6979.85631834468,7899.21447921508
8052.00685743861,6995.21507000759
1975.00353345533,3780.67497610295
8308.72525843912,7219.2152874681
6973.01440212347,7290.22414071039
7616.03246288099,6824.64913124041
1161.26242246429,9240.59267710677
1854.3723298533,8700.71769740892
1381.11500085474,8938.08628277347
942.723668941015,9017.1950190215
5759.41126478018,8435.30970317034
9097.41142765276,6873.64097770917
8455.67273382773,7606.10796492977
6698.26747652709,6231.85857488388
8122.12978286971,7265.69972993937
1256.07793782043,3713.17374627933
1420.85680945668,8587.95122693893
6761.88954638291,7622.89082886136
741.509144809083,3106.46786611451
7620.90614201279,7017.38668720009
8420.5072975759,6787.22610283727
916.959434900564,8947.36215749474
1639.10816545938,3551.63782172877
1469.62189143325,9014.14227831767
729.628411869819,3552.373796436
1523.51725470316,8915.10228578666
4210.69159862322,9189.51473813495
1628.57021013869,3850.33082053855
1362.04999806927,3457.54315505675
1987.33191153752,9014.39287820577
6641.71038233996,9288.3478996107
7102.89788760931,7586.95582075231
1464.30240359714,3676.52033027277
911.594105128438,3321.27481411951
577.569961442628,2830.6165136509
977.648871159178,9088.49051305038
7392.15869355208,8154.17746494279
1674.5008737125,9255.6402552022
885.968402281937,3474.61034748767
7134.18538125793,7519.69364487274
1111.91502220397,3592.845492377
7755.08531016091,6763.52558832526
7127.14527241244,7986.30343938804
1635.15534319179,4192.29311580238
1492.21443753314,9259.58858455265
1350.86069171836,8984.09676277171
2172.8101153829,8133.7579744326
948.949948435597,4826.39115533948
1627.39378541727,8721.55705552557
1624.21750394588,3582.54563870533
1274.49496821357,3392.28175144096
2040.81117744219,9318.52784616393
2053.26953187068,8888.26611466448
1106.83472151364,3276.63651281301
1795.41183667349,3801.77533866682
1357.83300900152,8072.64161005164
7599.03579896441,7933.49893880505
1049.59862795411,3355.19619508097
1867.37625425254,9279.94021249733
1638.34849204555,9342.55988387957
8197.73262599364,7419.79519028361
7047.25671867741,7341.05668801935
1999.6228598727,8500.54005667358
6344.45190803089,7845.02225973903
7516.28496190562,8167.16249138782
1782.57792534937,9123.99001593592
2255.65496423996,8343.30656250144
1377.52251804651,8835.86234095531
1628.71346482143,4198.60413981304
1377.32408050245,9368.41560134532
609.429140086988,3330.20043514466
7649.73421507588,8059.76806609685
7657.40843558377,6772.98636742525
1521.23745287276,4387.33363019067
8759.48507588299,6529.90581504538
1460.12768385117,3811.85878611863
1087.86239281772,7481.89404353911
8410.09535683281,7154.02851538421
1813.51473557029,9188.72116989953
1376.95531426765,4078.76582398337
7506.58032691718,7386.47078509248
1393.64368369181,8903.24561285338
1038.10710551779,3244.07451610793
1358.35714327594,3753.63357525677
8031.85391714876,7655.95759621803
1363.24161641305,8445.08947469547
5983.07991807779,7551.88011713916
712.813904316834,3337.67171830606
1536.97406733396,3291.34965296428
1562.60735609639,3718.83042048741
7313.45984902743,7492.50797222387
963.093024902491,3413.96040121896
4517.0288511046,9665.12615884393
7501.8836911579,8118.59319223678
1158.56708223683,3768.77651461764
7411.98653002621,8262.75585739585
1919.70040838311,9284.94431423042
2022.57454176309,9200.74270460585
8958.39338028281,8121.26969288556
993.010013067849,3261.54605834028
7458.73350656372,7042.62821778565
8066.31488065507,7226.77339027833
1250.09280362974,8958.41766682988
6650.03671380931,7878.37879824963
6649.13631665099,5300.41901946364
1291.49536929916,5671.37998326089
1591.43105820812,9159.28324212675
1357.58914524206,9037.22955224156
1870.14160473033,3697.33546165965
1213.71821192507,3191.47546327224
1052.02116591315,3522.77820821857
1487.99050665847,8870.81207400344
7250.62574405373,7271.50137406738
7437.29603477607,7620.4199466888
1194.4244249839,3371.96426958424
1804.73464930487,3859.54065128308
1051.11148733796,8994.75540209568
7578.22627082504,7448.76850633315
6301.80180067666,9133.97932051031
1210.5808408384,8968.84029093765
1978.81714898333,9137.58840146183
1306.84061940454,3349.12611285429
8834.93697757882,7034.48310497142
7768.25274279197,8050.46101863429
8229.57022669068,6908.18295950933
7758.00052203164,7784.45491975054
1432.08941826398,8667.77375331671
5510.27121926833,7738.48125309125
6185.5110941464,7845.70965092127
6841.26720333076,6452.77012824043
1907.45223186477,9087.42888608597
1793.21694894988,3675.26720136457
1464.58013300934,3974.10526836008
1587.3013444335,8776.9330633281
1417.2736057474,3813.87473612692
2197.55428919526,8470.93943456826
8857.3815556533,8258.8769562883
7135.48292516514,7765.88007046103
7658.98834997053,7578.74435482215
7231.32047752259,8606.83294231068
1044.48018240656,8492.74561734223
7835.1249364637,7902.19759211952
867.062132357739,9258.76721568928
7608.65329462349,6721.72781828357
807.818983293759,3339.5386127929
7507.3335384302,6444.01710687033
1828.39895513975,8226.95779145141
8763.0501732848,6922.59587195225
7453.41935032189,7150.0799136549
8731.06330817718,7446.34256072673
1318.29870194522,8761.32242997041
8195.86782220338,7694.59231137941
7588.04391728341,6960.34521974307
1238.86675531228,3585.76805189119
1502.88763331478,3664.8639666962
1613.21109538133,9210.98782927123
7129.35087124523,7753.40487761689
2327.5014864268,8895.56604354093
1491.66461483205,3564.24337809481
1335.74840781191,8941.82489952894
7703.74506071617,7424.38566501749
1363.04155898452,8642.95461520368
5058.72686195441,4048.55197177698
7825.23654223181,7820.27322052492
3285.10826609973,8791.68294768685
850.950934297766,9095.01091651267
1527.12027964863,3091.55408624084
1991.04355528991,3442.03213665745
705.531549044597,3281.5553091
1618.25453287191,4192.24214779814
1065.22967061873,9120.60733659042
725.627038952557,3043.12279287844
1358.07861468814,9024.42975487688
1865.15603996989,9043.45510860582
825.6539395849,3248.79754897482
2865.11420218144,8864.55093719983
7636.47333500357,7599.64024721162
1028.26093612173,9096.22980294288
7101.13904613855,4859.86952982633
2027.5230283463,3648.05951767902
8092.33388874214,7036.72996857616
1892.02594924688,4155.53142682366
6498.19902859404,7472.666617494
6778.70798662213,7966.88671695031
2382.83401983419,8512.5237833791
1134.65041120072,9012.63227459834
1439.80718932238,3904.64212116448
7075.00964060281,7574.7258251427
7594.73134038691,8092.21148723426
1374.71060420432,8945.07861015241
1467.77592709008,7831.3542685992
6114.41480768547,7451.81191788112
1552.44166385054,3809.76564454186
7377.71090903095,8266.46582203363
1695.50165832654,9023.54296534711
7215.032637642,7051.49863850553
978.775588998951,3446.78562598453
1127.97046975243,3623.29453676706
1049.05921663587,9001.45952621443
1524.78006228467,3424.14766171836
8591.9704807372,7169.0994684358
7879.33532751339,7311.80959373455
1741.20001104218,9327.52493612267
1017.2424395559,3131.26652084484
1499.61151678397,8892.59328954488
7686.13942583278,7729.71283821496
1492.38097951116,3634.02626211428
630.186122010195,7957.74397609221
2451.95866301904,8889.03551060192
1438.66724689075,3628.51848203558
1459.6601026689,9113.12060113487
7565.62522043162,7614.6628463144
8698.80473876524,7285.56996762523
1630.82756864234,3875.38853085338
1161.4704649017,9081.64407830994
6935.03120338846,8401.68171677648
7555.78499932585,7470.06895893869
898.851608269387,9012.61474111221
974.463616586239,9248.50558925854
897.325889932104,3506.67938196204
1773.72443931319,9216.22140657116
7167.77282782809,6841.7833889295
7454.74850480048,7120.04491285985
1055.06473995098,3786.87790823906
1503.68531318042,9023.94882306618
7900.8836265707,6677.0573586024
1212.78737303594,3721.20773019258
6623.86775130142,7208.14497083323
1317.51557346551,7694.47525767204
1605.1380845426,8901.73375149805
996.31117848646,3279.04290714463
1391.75966521304,3731.8411581491
1299.76160692047,9154.86986526013
1179.56965827618,8003.42359501119
6993.38403733526,6795.04927736402
8647.38161951824,7104.96640510999
6675.84263694049,6557.35279969472
6981.49809420242,8226.05325986035
7349.69101485969,7904.46801422582
1947.89803180728,9153.16942398794
2358.56435209987,8635.03993220886
7448.89309431666,7560.01733040768
7159.422302427,7348.78354283204
2077.60652227819,3584.379370421
2543.30565743547,9449.70735990098
831.724636002005,3389.49224052777
8788.03294663749,8214.15699646745
1015.360096653,3897.92761185587
1675.69245733771,4002.49365913923
1036.20476321712,3214.86109799149
7820.71013572425,8849.21814039685
8078.59896005304,6256.09077848027
1793.14429922429,8345.4612188443
1241.43063814967,9128.76189732405
1521.07097880737,8937.60106792463
7124.4637840453,8375.65612921736
6913.28334192963,6741.8522987043
7859.21203698253,6119.71852737217
1831.22800229368,4443.21269170877
3285.38428505102,4352.79669717157
1918.19936406067,8930.23264839752
8549.76251208019,7152.43664174129
6560.81099949266,7342.91502529035
1319.5920380944,5031.15792910823
7318.83835529116,6605.27762516579
7999.97163686957,7473.87665603096
1863.68224366247,3908.64620745298
1758.45764961769,3858.95224312012
7263.30883098165,7445.63182933624
7284.9426715554,8261.93217145046
1161.87640883201,3279.8890178617
1826.31381873768,8597.72345902346
1666.18263707138,3710.98172123397
1527.44014947124,3647.78065692961
7063.6548747816,6089.36913887939
876.583046151856,8303.50603087047
1543.18338393028,4152.16978111347
8149.87516042258,7350.19928015664
1703.01266797213,8721.28507963898
1167.26681878459,8671.74109956232
1957.79068084488,8735.43661747222
7397.06388952006,7963.6603979907
993.581619669265,3375.78221087615
1408.72235016701,3675.02108697121
1545.20584195705,3804.15857706867
2371.97996681476,8773.73826303274
1656.6488075011,8904.2130912017
8378.41096953062,7946.35947300239
1009.52289449346,3591.53255272182
7908.79453259302,7201.55895973299
1329.92238909769,9238.04777591179
2102.25421759824,8048.69897981141
7639.58281022621,7238.17560260451
6915.97967152027,6752.96319493292
6925.91437040807,7597.50339817256
910.95865952189,3080.17014572781
2039.23591192229,4019.68949640597
8011.00716202526,7818.75107556146
1570.0287281232,3747.01739772275
1368.73409003539,3336.65334874987
7993.78514615633,8112.38739399579
1286.35931353062,9199.73749867331
7949.07550413853,7149.49712970607
8809.86373796918,7514.63584188325
1151.49434985547,3499.62946796128
1529.15582753715,9036.70813964341
7329.50650678447,8056.93471641107
624.376392288545,3219.18808860215
1331.37632207127,9091.24157879761
7775.181987283,7519.68937970329
7643.97663379159,7627.88453527788
1240.99639887111,3448.69244853486
1185.6887472165,3320.49508681087
1668.42800057052,9237.24133846734
1159.03128726691,9295.24477876296
1516.04166438244,3739.37834788472
1348.87331448122,3712.57729868517
7813.11968417255,6809.20110237427
1273.38808091128,8518.14084759627
806.910200240817,8064.69986857463
2290.85680814502,9015.56078103222
7851.82580907504,8155.596073741
1941.82902843851,3684.04233152304
1429.89738137105,9101.54120209973
7304.52114216774,6739.28261331779
1874.79047331976,9292.23707735563
1643.14027674717,3683.02364632211
7353.91616577237,6419.92241360361
1784.34144315249,8828.04166324364
1830.17085019199,3917.90450437983
1149.03523458989,4031.71821828322
1273.73124171895,8920.9275926395
1531.62169975581,9206.88096553272
1167.70605015998,3262.93685489421
7127.83859081964,7368.01186236775
7802.66213320146,7731.8164244496
2230.07253048095,8357.785712444
7388.6918264344,7489.42456392422
6574.99323296283,8136.04030111619
8469.44088166227,6305.1377426059
1589.66312806248,9130.53289535421
7974.20060806335,8099.38601692671
937.208342970245,3409.37162505981
6900.11560886684,7483.43745517109
7505.17561052281,8424.64021926229
8255.94970675398,7529.61784813758
1570.43074125188,9048.94473621591
7321.76748237251,7401.73241295111
8493.6242078316,6673.53671761442
1187.52383661402,7878.02648962692
1696.50255480039,8564.02653110829
1380.24520197001,3837.70383703307
8534.88682582546,7690.23600502459
6929.23047047046,7790.31538719265
8404.74773751487,8157.22723454428
4204.48877498793,8293.56926015974
6346.30067633454,8041.93090259539
8127.23210412856,6983.82110216319
1756.56266012246,9035.00354872145
1681.0603353917,3611.53888112661
5963.00272877382,7246.77971367666
1603.78199428264,3652.52141224362
6948.78532439046,7672.26661706524
1652.18832272671,9123.90403435765
7839.1623758489,8130.18317310037
8106.65459361459,6433.57375708648
828.085560038819,3223.23419694869
1189.02392956827,3426.40581185043
1433.08562777083,3665.72152161513
1072.08265411153,3221.6162148158
2357.71466359777,7889.1922565651
8334.79804814707,7357.65531710898
1460.42643204152,7884.69856296043
7043.32965596925,7831.576127564
1486.87291820273,9181.41600341052
672.911800275406,2991.83845949161
6919.93754042027,7936.55086058106
1336.91991386232,8891.69555876186
7413.64806608904,8211.70826863891
8259.10247303873,7710.33346313816
8000.34294012638,6451.90761919272
8559.02325666558,6874.97293165059
8099.1672655888,7867.16731525398
1817.07446642437,4003.16019500844
1209.39413798445,8884.9645396926
2218.04745064061,8839.19275702359
1317.47192838206,9369.95937538235
2315.69070909209,9159.31453099234
1169.13685563372,3706.32306830329
1056.7359892512,9063.99245010083
1651.63969925049,9120.8304434861
8973.18721924582,7255.60509850011
6863.95032752184,8141.46866299089
7837.4070166041,6747.05710674769
962.274532380517,3579.70325497051
1729.96143040005,7602.62494585555
7387.9818439434,7236.15468263909
1250.96566391139,3700.5463397186
6796.34811103132,4455.6825358502
1694.98721926622,9219.21292500851
1788.70159449652,8590.17286784448
2189.7664257761,8753.48215655578
8702.9697661926,7536.25150037101
7407.4168807424,7755.99620335896
1592.26958130309,8764.89308534696
1750.69315760218,9022.25363795906
1519.66071966938,8202.37129441496
1641.32840807359,3564.13599438163
1012.59488358116,9037.74025399029
1691.3130057148,3717.48987897345
1003.46705593415,3563.13128196433
687.339988223896,8984.6456380184
1179.31898676933,3442.06316572041
1257.41560081229,8949.89932504651
7591.60828839077,7041.98399320437
1095.85289573237,3275.20381942901
2482.23808136426,4024.97371117041
1929.81343907115,9085.05838664363
7778.86623014164,7275.21522788315
7634.05302861739,7597.82494834512
6929.41330692662,8417.69358658561
8224.52649276488,7424.77479873947
1293.26923815525,9206.81792092128
7120.23114509268,7906.84316630283
7824.39961394872,6977.84340192427
1743.24838506687,3945.07967168921
1310.28615686487,3420.06130483409
7579.07967474077,7670.16917240663
7413.13972513522,8534.71243786107
885.716356133525,3310.70729162127
2020.61897204194,9076.92167137833
6040.38855172383,3615.93721702212
8190.9996215759,7186.94922118425
7485.8808151599,8398.88981206864
7023.79457864366,7386.27920511649
7644.67635633163,7809.26707703172
4691.78843638262,7668.2451293457
1410.03882214262,3524.04805239242
1752.37818881124,4221.62592399705
6915.78330089472,7608.10287592975
1080.83886019919,9033.73604801112
8100.9673241234,7257.34158764975
2117.93019067447,3187.55392255685
980.671770496328,3474.25837345184
1325.91524981682,9268.07976961857
1974.53224291084,3840.03037466729
7810.02170576263,7898.49672429268
1647.60743592232,3791.01574327
7712.19749126222,7896.35782504133
961.480050212722,3539.82689838791
1790.57910553087,8713.47544143805
1614.10120135419,4547.08940930612
1335.82315264029,9159.3514462011
7826.76423244165,7739.15091495689
1093.50456337184,3251.80620657059
829.264878488365,3302.75762328802
6942.35799535357,8013.76647899537
836.428224420943,8785.15819467247
1713.50491999111,3509.68363806821
7981.28723362413,8032.65544031055
2028.9685958731,8768.38124607731
873.223320410108,3093.06147291951
1445.0334492912,9173.67634549581
7047.40093843209,7644.12595331947
7398.83094083575,7319.05009101811
784.568825501435,9070.26963150984
2300.38189380352,8447.29354606798
6220.15436575082,7528.33359411316
1427.20276459295,3622.87151290302
1872.75560428369,3866.73385490753
7555.84341289034,8065.86903709867
1491.36601569716,8583.6671920237
965.678913965834,8867.05825873726
1183.5314506357,9349.45034249355
6291.74205231203,7706.46530485196
6566.43529566655,7068.02967185063
1362.84245157596,9005.27771375033
523.252652684558,3365.6430298477
4195.62529105646,3495.28144632652
2435.6274312395,8486.88515006198
807.034956380752,3409.33316820589
1679.14444556489,8921.41681975968
2037.51189145076,7649.94037696646
1008.21356732439,3362.13932886115
7906.43975266942,8534.88123655139
5966.90643564056,7848.48748465193
2333.16696410962,3633.30192545881
1388.78958905429,8833.38509326185
1873.07879064929,8665.83462253332
7453.24536270517,7146.6834814944
1781.52623040994,8726.67038615108
1211.20356863474,3548.65524523048
6523.56938101428,7484.7526063211
1043.23400152844,3871.87729807319
7307.08947402886,7794.3778200431
823.868155222415,3197.36635431101
1487.31885068535,8320.09442154045
1106.51191914527,9011.93244242926
1893.05291829692,9160.37047303815
7799.71309020066,7315.10972582913
1060.14163937251,9028.84522912838
7836.71243974623,6699.616629358
1850.35780881765,7573.75388221717
1507.48641579362,8243.51706999574
8001.28158732103,7242.42116359311
7407.70004021293,6258.64629896179
1605.11834006199,3799.19951909839
1068.57427831792,3723.68502146639
7491.57450067232,7687.57683709596
7756.61266767099,7809.00432087176
1276.29473251998,8066.57121811536
899.512602456953,3327.41283337629
5924.65984718049,5127.6308606374
2284.32118756941,4010.18003138386
8705.88054269022,7599.23302901241
1746.11520834077,8807.15132408923
1191.37425193433,3430.60107650832
7684.85221278326,8103.70336337672
1130.10712206878,9261.45500852197
7934.43784368572,8124.11072522815
1538.11566590053,8832.78567900357
1632.49111874042,9133.84758484988
1507.86761264844,3928.09719672864
1081.74149173074,9002.50490261852
1540.13801158804,3743.60133376734
549.61154281577,2913.9861812456
1310.10050630338,3238.52147235337
1469.58238563974,3381.03069149634
1793.97994152746,8825.94409821627
7284.89473061077,7514.47555689338
2789.61702823733,5646.59967141976
1051.47642062985,3448.15268112858
1600.85597889703,3295.82540521876
7944.71313618053,8636.3527123142
7013.51774638309,6822.16989310299
1619.3562946604,8976.67425963886
1488.51289535578,3175.31103086548
5948.62837369002,7312.34591106428
7632.5878875838,8093.66978411271
1108.02589899647,3524.30216067258
1897.34874322203,8133.83400377541
638.116157817715,3097.86780863764
6470.82678103813,8196.84657073031
2307.38941544933,9391.47393486966
7649.07774934172,7958.70361311785
7655.18987688896,8217.86621027787
7128.96161999528,7542.15005450209
1089.43781126745,2918.63105428681
2203.68037554018,8673.21485844907
8270.38415699375,8437.2136183498
7300.53561732311,7062.83808196273
2398.55280493943,8805.31139716591
1525.92495066417,3066.87633653355
1027.29598294208,8575.94380633138
1752.61289212294,8545.29152616344
7624.29335007053,7114.63356105289
7298.50021260788,7212.40582173089
1988.73400572088,8205.51118403276
7380.19907131299,6800.11701594735
1369.53104717676,8924.43112459329
1040.73109651705,3390.43012442375
1925.89057601331,8455.66132052152
1407.69886322868,8551.43891547848
1115.56043207436,9069.4473680484
7061.31907816689,7535.862075034
7806.01195455333,7259.08308168593
8176.0041888537,7586.31028125587
1164.6805277017,3033.87519676056
2161.95491204951,8841.03487928439
7894.47067974823,7379.04038947973
1248.57535428282,3685.25372497678
970.201405789642,9090.57191313414
1167.26159453174,8855.9968339101
6907.470047156,7774.77550494941
6793.22649338155,7382.739606056
883.487885762591,3467.35009697271
2332.74108815909,7410.31347013895
1560.22676956319,3526.1782774117
7127.50904094765,7815.86273974586
1439.66754944756,8144.22651494487
1628.26029288611,3915.55674465271
7265.78641777222,7820.93040967223
1472.0935180349,9239.49554775941
1972.43661939797,9149.47140941518
1050.32983721853,3498.86986702687
7139.28032207757,7436.88771111647
1605.33072309082,9122.19368359938
948.765668247302,3139.25350027591
1483.82266648284,3239.43174333697
7404.83727930973,6848.07465995499
7854.27468564047,7439.69985085603
1616.00046010093,9270.86295884661
7357.0730012174,7720.68351409079
8250.23859463184,7530.84541464674
1184.19401773951,3531.91648286195
1292.67127289782,9155.10821531536
1160.99515583211,8153.2609688228
7992.51841878235,8138.45198318135
986.368991308297,3368.49716563551
7495.40781440695,8073.46575201521
9066.70090909035,8194.21621773428
3622.87496433774,8746.3969549487
932.59638289257,3366.60576705197
1710.20045674484,8871.93174139623
8263.02385799829,8157.63716047436
1839.16452532695,3802.66814738747
812.240656614708,3513.77005484108
6149.03658287812,9049.10399541899
5388.86842227227,9032.99706469737
1873.62520647329,4159.64187361761
799.177751481752,3134.54676097691
1854.63217249043,9057.54989672278
1406.38618734844,9328.45811431592
6487.35483449594,7949.37060544633
963.152283650828,8752.83800330322
8260.8266790597,6202.43598754228
1798.39079940813,3612.27401688046
748.297706222818,3210.8601649122
7199.91304675627,9139.65242854597
1485.65926876311,8837.03841289799
1690.60711746,9069.98272493564
1302.14767315986,2867.74347465675
1451.66518561079,8551.62363072249
2903.42257757978,5488.57483945201
1010.25047888608,3396.02071627277
2920.28789611532,8766.97703100833
1082.36669443177,3305.68126478663
1431.38428955869,7902.55993249291
1341.16755061671,4052.14114088331
1674.90343262915,3472.53989423317
932.642532850751,3202.31912453009
1165.81998433936,3626.22675062512
8060.12695146748,7395.07039595915
7833.71872170949,7953.48010607397
6897.24232549018,7637.99565877704
1665.77818482896,9303.77973565208
2066.98791943845,7561.55844050562
1170.31144115889,3138.72545820469
1699.89650318598,8998.0238905499
1602.64516145825,9123.23224376511
7041.39657136254,7669.72897836354
7534.22628958081,8070.37342623647
8160.34305468924,7100.67388176581
1450.95399758024,3496.74529227048
1607.5828523649,7359.64579851296
7828.45081481752,8297.31377621802
8025.65684394929,6230.28385080621
8517.62500205843,6983.92363198409
8464.07813217774,7555.07276409553
1104.54422530299,8922.34167390423
7958.96772526701,8533.32778617476
7217.48989199513,7475.81069305671
7639.4674937942,7488.80914203445
1506.55554082515,3641.32174934019
1593.65428158769,3938.18681166324
1270.17061067643,8986.36214557591
1732.11807321926,7929.57305813375
7712.37228150843,8285.75031831268
1040.26206401519,8838.50245619962
1392.39822502822,3736.78526765249
2307.88050630462,8335.40095083991
1204.40697950598,3074.54244893819
6729.11390844869,7537.20119549099
7433.43035129518,7604.1196165007
6800.31700467052,6964.86673993736
1536.4517858879,3631.12073367577
1556.48512528509,3827.87751838858
8031.96845955525,7515.81648675127
1340.84087102726,4272.67667063765
7386.26683035338,7533.07186291789
1615.45966507933,3653.85536010038
1279.99852411061,3445.54795813798
7416.81500738656,7854.11207603244
7496.20933916668,8044.72889054064
2290.99608755702,9503.88380034042
7408.51497014028,7925.19808141313
1686.21480196193,3652.10111539854
8457.06694840747,8345.41149607225
1687.89028396858,8142.70467331606
1610.7755520233,8947.57967197994
7141.76325692735,8191.05074144178
1540.4332228764,3824.73294606332
7279.27995982079,8142.49229282605
1412.66906128887,8997.66040214945
1984.60134950806,8769.25479540263
4248.81763942945,3806.33021648374
7066.68412693086,7949.36162123858
2198.01727170127,7880.70651564077
7448.68278820557,7625.26003632952
7463.54244663624,6783.35125695382
2388.88445483058,8380.33733192525
1433.66479756043,3804.65845953605
6718.46779435304,7670.81521770872
1025.22880023345,3323.17985123243
1984.25537269371,9024.84249806424
1157.53579142301,3479.42116750483
2251.14465721108,8204.74091997217
5968.19135350518,7358.13122967271
1565.79430585518,3824.81512790797
2046.7796861651,4387.13777038577
2198.73450908646,7667.49153745916
7540.25229421037,7185.36940521632
6052.21249590051,6171.64139019782
1640.56772909067,8971.09625101347
1289.90333568616,3387.98314122863
1082.62670586904,9035.80534113993
7738.26308382745,7388.30623423145
1247.78804692825,9095.81852378647
7349.48137193968,8073.76700450183
1063.48585188241,3371.42575522089
859.463802485929,3555.30815384732
1559.82812111298,8874.82177963038
1248.72773212369,3293.9051789915
1411.18263899851,8886.8430233341
9240.58406445546,6377.58832342581
7014.11998482322,7945.89647152968
1279.698252373,8866.45613511158
7543.28640401145,7822.95569927557
7126.23702672749,7689.12871686973
1881.6907473284,3908.41764131499
1343.60737420749,3481.14679899961
7395.99507010396,7279.54520229468
1306.01823006361,3810.74074043358
1566.281219344,4571.89827998369
7793.86726315872,8051.42204569454
1001.81693507589,9340.65160627007
1060.27922533736,8560.73520029873
1164.57009440468,9163.26028600354
7379.74108024726,7973.0546001331
2126.96342251843,8910.58360592045
1633.95982840811,3414.10710381811
1315.6251133475,3457.12993383696
7597.35279246928,7537.67716473105
1100.58989127138,3534.88714377537
7337.82308492801,7757.49726151503
6979.20394356982,7391.49436048904
2084.13420952745,8954.85329984944
8501.84771593629,6904.5149050528
6293.41608838089,8298.8221521764
8730.44421835219,7205.49072713562
6507.0801391139,8027.73863018734
2319.02289857196,8973.88585492665
7671.96784556051,7361.5381278391
1415.61814581584,8996.30278491498
2306.64936830237,8643.2321923503
896.261292339055,8827.73805751976
1902.13034851285,9043.86780320856
1424.27077519428,3782.91319958122
1560.46828166939,8712.82219830729
1294.67342456459,3471.42018475065
1086.6517368124,3339.57191401138
1530.2837430689,9182.81636690678
7997.70892177808,6849.56316110013
1180.20626537096,3197.47263578187
1515.06902076369,4036.95298142774
6906.95339327159,7691.47782149321
1369.54327173585,3791.60846551848
8595.26306178219,7462.77555329583
6860.3184398217,5299.44692426279
2070.32500419575,7404.8708318972
8602.52631522402,7125.55241934816
7738.21435822292,8154.72202382414
2310.76202891174,8683.3124969593
1579.52147743683,9447.61815210676
1056.52035636694,8918.94739479146
2030.3765028192,8375.77726936491
7296.80116687823,7029.60830763181
8463.95810739471,7612.8392042587
953.254875023797,3200.05468268925
7600.24592818398,7747.49134822948
753.094610276898,2842.09287845318
3004.28933163355,4048.45684997683
2655.63291159567,8772.16435927636
7269.94192819274,7142.31250159703
7479.99937473741,6985.68589175555
1513.31703208156,8986.38687460494
7199.6658175623,8027.76518931051
6996.29297298156,7929.79327012182
7220.30324351929,7227.07742393764
6908.9814129482,8034.86702345993
1648.82457363443,8546.91937479076
7537.32920154648,7708.2596488755
5532.86870653714,6788.05551115795
6750.59541562929,8095.74713653711
7523.78141339935,8443.76409316492
1752.13028912746,9665.93467377462
7839.865590826,7615.01319489801
1692.44406411826,4345.81439972871
1662.241768812,9303.43789621254
1523.56014803028,8489.50843904693
1383.12878675846,8688.93774313984
876.03614345411,9193.44438732323
7842.35949757605,7689.02436305907
7878.58767745142,9322.20422201538
7327.00766156179,8183.7832399954
3322.42355158498,8931.31357791797
8022.80023425769,7682.72017919731
6824.27219677703,7259.51236032348
7943.0219118134,7849.52268176983
7537.99542820489,7579.73410649777
8099.41958899582,7827.55151240226
6590.32109959402,7062.16043853979
1868.49103775001,9052.39327338639
1253.92492674832,9120.41494401081
1424.50173987248,7210.35151365318
1339.05527713083,8446.07050712006
1249.48401862359,3535.41170391878
2084.15133879,3946.9369225949
621.51174630615,2600.41075151914
1178.86502461832,3582.38267498717
2231.60387223597,9126.34252157923
1657.22493065591,3894.24059502266
632.946543238157,3074.2216841498
728.758400638866,3300.4111827663
1084.92355099232,9026.60799808443
2343.29158153362,8588.2004084423
1540.71785237359,3579.47976760978
2913.92879218458,8426.77726719596
1627.00667703024,8574.7481798688
1276.34095037183,8970.42686195343
4425.92147592793,9164.23486225533
1403.6124114168,3664.97112784451
6862.01986472607,7140.9334000648
6960.95263390852,8416.48729204283
2605.24126897235,3240.76798870745
7535.47365086372,7379.6345681293
1025.18347764956,3318.7297142463
1670.93930881414,7635.1920110773
1350.46260712071,7904.38344372218
1596.90213815622,8423.7355009222
7769.69455557542,6169.92661428297
1388.66268517623,8391.614457382
1099.35461168718,9152.87930407591
1182.8449012774,8825.66486421125
3093.0860753563,9037.80904667178
1395.92152335537,9005.47650480708
1374.49401552877,9089.09374797269
1858.20284151543,3965.20307782025
6965.57671842689,7748.63971589107
6753.28884127768,8336.83511391811
6741.34457743341,8416.30401723439
5084.9704855138,3320.52429885269
5134.93369684693,8299.24763660654
7198.35563316175,7594.99223236313
1722.6677755259,8631.97090363578
958.746250083737,8795.15863998638
866.206474527072,8754.8247761413
6950.12547481521,8026.82453674498
6657.23428976259,7610.30994198096
1413.72342518763,4285.79150853087
7600.50661963249,7787.55679235481
1384.61183894491,3705.12847334033
1627.22519160638,8479.38497266449
8093.94715786792,7696.4808326313
2530.38632073038,3291.32869584681
1193.09614605553,8746.90558580108
7697.6184007241,7304.72987112128
2516.64446088787,7693.87831773452
7709.59726259682,7913.43615775088
9052.92805708641,8410.59519965551
2481.58146627057,8289.11738434622
737.310652410939,8890.54962147599
1254.6949010698,9172.20127286457
996.351208178116,8839.96391049447
7060.20525674813,7422.30103681973
984.405969391456,9192.54073538678
2407.02477642084,8750.2328721609
7375.13048158984,7397.18020043051
7309.14894631808,7862.74766799646
7727.18264102463,7597.81821712907
1236.93621058743,3286.8072314745
7447.90694398353,7082.06724003625
8431.38957731258,7023.27614007488
1633.76930583127,8956.81853700538
6753.64756663845,7823.63383960442
1726.96956983014,9206.7549272831
8500.55345522308,7269.27880651448
2007.03824247829,4714.82809753692
7681.10604062882,7379.72046904037
2626.03237484737,9076.45882370911
6125.17351418106,5455.79609068559
3411.22934896907,8612.36570259175
2094.63108630516,8987.88978707661
1207.30836175933,8933.78776891604
6742.64744754936,7371.56134665533
1609.12820863015,3771.0208689451
7703.12108560959,6834.5837518563
1183.09788220843,3685.40966382642
7411.7700240509,7403.86780859143
1298.16948677872,9227.55869155237
3805.85595152701,9013.19689188257
961.944474102044,3367.73645016173
1393.6852454995,3802.35262661088
7634.58958929703,7581.5948972268
1685.44808376162,4960.9823639296
6695.71731513406,7697.16867825737
2252.7562786192,8528.56632916246
7130.02048056566,9500.5026950532
7238.43380734371,7298.81753094648
7719.46550869278,5730.03420383803
7218.75283688177,7260.61645929905
1527.41438384,3198.6712678861
1184.78660403076,3692.81769455325
1341.07190921871,8191.21524242541
1463.62037783114,8951.78521440224
1785.55634419096,8988.20798008731
614.975239202276,3309.50222303443
7438.85737977532,7789.78225441552
8473.3351474386,7887.48447239331
1685.72981640787,8726.38810117093
1092.75929326158,3618.90929668716
1927.22796505059,8990.54870125431
674.788167027504,8861.96727867305
1220.447755762,3596.07154212322
1243.64811136778,2870.53817192855
1410.36483078573,3938.79645152092
1491.51240672454,8967.98417836694
8376.5857765804,7507.2453054516
8573.23789665296,6586.88519200741
6571.41025657982,6501.90959546262
1215.97659527971,9173.46255572373
1156.53380144658,9233.22745249713
7810.8781765322,7301.55049476289
8562.33403309952,7585.28887820877
1695.16923580664,9229.97383593594
7122.15587818169,7717.74157794248
1670.6920893073,9116.15090017397
6491.60483478276,7576.5550270006
7637.5335635587,8215.28400620349
894.425591915467,3206.58611835973
6139.13216724503,7505.51998364947
1077.67423944603,9025.93230379188
910.298200876242,3176.16133344279
7486.62915213531,7595.29522822161
944.198782020393,3458.08609726403
765.830424782928,3121.15965415638
8074.66141256557,7421.52930524919
1321.06077132715,9107.92172882828
8720.16369833769,7271.65726310172
7368.10211981397,7885.1185691681
1458.42137000207,4076.75180820447
7127.72349987418,8125.66829666717
1235.97720392105,8314.85712426198
2536.8946171692,8920.30107946721
6938.36363173919,7432.06845739202
8389.90153031609,7801.86805206903
7825.29803447224,5612.12257062062
5872.80960996448,5668.74640845409
3029.87557582717,6635.46144148433
2276.31247984083,8776.78322805455
1860.84394712365,9054.32259159719
1419.95195148048,3667.52302088735
1724.74115352216,3645.12233329396
1603.97986512245,8784.58692021807
1747.71192695035,8461.28524168282
1481.16989515321,8585.20507471434
1116.93931352189,9059.92504856245
7280.81663912983,8040.2737434026
1117.91304108075,8885.43749597215
1430.44821688749,3784.35011816273
1474.72220149388,9261.10989559055
7296.37639034983,7995.03224318751
1603.4698062731,8757.41361095191
6815.41236928152,7147.6845836138
1683.0009738934,9192.35965549023
7786.76600197295,7275.87283866433
1417.77858367469,9133.59988034681
6594.51581729792,7438.57843535105
1988.11992539065,8920.71460030126
1273.73832736979,8959.60740227185
1003.49251212372,9266.59616695818
7385.82635084563,7808.53378846891
838.818952105519,3437.18206975043
911.046726086556,9135.02993568675
1353.42438500546,8404.92978047903
854.300410941434,7537.85610527211
6642.43930995133,7703.53892902813
1852.83479131389,3564.87116870758
7395.84270473304,7380.32237158112
1484.08446367125,8867.20166038001
4806.21822404043,3510.84681841357
6043.18511732077,7699.08083532052
1655.23712203588,9148.11864570626
6727.73894810236,6374.45212537626
1613.52700761163,8963.4147751396
1661.47712778783,9256.80691814182
7194.26864649289,7747.56037761956
2215.22430676258,4196.88180463765
7792.07258572475,8193.93331442149
2294.65781147074,8208.02228293054
6422.98983941407,6946.73604788523
1602.83957137914,4083.20026709289
7296.01407546334,8325.61112147997
946.318792524468,3419.07253085856
8048.36273310024,6946.65478628046
6850.16564004707,7988.35579765221
7263.16098931777,8177.18447871115
8025.36413515095,7936.17446366372
9212.05243991412,8118.24638942298
8289.70010801853,6400.7748139414
1800.26729978474,3641.12805693048
2725.07172022428,3530.73729042878
6923.54881238627,7928.06785853709
1053.99772619013,8742.60997346977
3487.31006440192,8240.88579910755
1753.92142115378,9038.44946393315
7487.72549546385,6893.7511540974
1926.64721535532,9015.38523669286
5160.35866330689,7445.57412189052
983.421214754417,3172.15278749505
6362.67978444175,7427.82448634021
1165.26803048802,9003.847795544
736.045225313594,8619.64942069436
8035.00492997082,7680.67878196468
1634.3191414009,3816.89644276112
7594.97255054579,7631.43716044461
5387.89790101339,7692.71498903221
7786.53270146675,7494.2156724457
1563.12895301456,9404.79247981728
1641.25359125217,8935.33635796075
8963.43956506561,7314.2406497539
7182.88945558501,7487.57271953584
1342.91565697448,3903.3905145492
823.811947578082,3098.97919087546
1321.9235182019,9091.66169269984
3623.90567104686,8389.18601348719
972.365634007797,9193.42476300157
7262.58939388843,8242.53597123769
6856.20932562158,8901.4191798762
7851.51462738202,6484.2491565556
7784.22567619157,7717.31741517205
6216.44115521278,7353.30937653829
1654.13232668611,9268.28766107037
7140.04216809785,7835.98176271292
8196.52596054982,7763.72177048686
871.599998468476,3463.93530032387
1369.69927904069,3418.64386386548
8022.52533864001,7270.62386491527
3371.18405422953,8356.72931857425
1018.03281584096,3634.41566569875
772.780925982213,3653.55929731916
7907.27204554564,7884.09825579056
7293.1154281546,7224.40761024794
7055.91344560744,7530.88279134247
7435.40656603047,7981.56012097983
1463.94961846425,8594.61117966579
7606.46966967921,7571.47356710702
1400.87947388238,9048.54476664067
1583.51534758371,3447.61526446198
9126.01656481797,7389.71830573407
5791.81682509503,7326.19184789457
8097.89259497968,7734.49687464704
1578.23674305568,9182.01077928052
8558.70401178605,7353.8754754351
7058.77880672716,7311.25705789721
1694.50717876401,3527.86772083064
877.728540775496,3307.54254979137
8394.62699096909,7209.90183771994
6749.62125149387,7598.54612380904
8220.77918122663,8309.9521433315
7292.7885980287,7153.53454736529
789.462352087011,3376.88247636507
1384.29777452615,8162.31915342486
6632.83900594806,7874.23157426045
8021.89776275947,7665.13280798332
7409.68069640801,7956.89984653359
2894.47806895431,6316.14096303058
1702.04725712651,2951.21827292214
1099.72673671185,8711.61444596336
2647.02785568159,9056.27085221789
1245.20254420355,3356.59776329498
1219.63604203038,9228.03050112736
680.22558617672,9309.88673480301
1079.83614603357,3333.95594342316
1802.22026037273,8967.51055740174
1226.79617623879,7918.01366477372
7408.21707082265,7963.23904374612
7767.38993093625,8328.12801774286
891.694362618521,3573.90260729139
1293.02640870816,3396.40444393405
7615.34523049178,8229.26995916794
1798.43621479343,9182.40059031259
7140.68614136176,8359.05736010558
7786.05222994043,6795.21219650573
1090.81098509202,3110.7218761349
6937.76194084232,9277.10842885085
858.932257326796,4075.11560236267
1453.13234591278,3798.15279283635
6774.44816856996,6656.26047649547
7328.75111512578,8482.55082476852
3569.67727205195,8342.61028902568
7592.24544069556,6716.9739110639
8159.25848600377,7455.96806478349
7174.07825927715,7585.82473862861
1360.67468889454,8208.80745644923
1258.94383830517,4061.16014451166
931.143889767606,3078.12890065585
1558.82380536089,4024.24781853129
921.903692126905,2776.36188317226
8905.34735502088,6878.98657144658
8507.41502592751,7631.62332081833
931.496967008475,9063.95170140018
1748.04947615603,3993.4246184136
1306.48540291937,3545.0044318901
5724.28821190413,4251.47989480913
3126.34474064773,3882.86274049774
6982.40648565375,7309.49182336033
7274.94628560901,7426.85623662886
1642.43332490133,8985.99928562369
8573.17994893233,6970.51843385961
1310.87277341706,3878.64876974161
2546.00859570803,8231.17761497137
1371.67249839327,7933.49264155808
1019.64205195761,3389.88804441179
3805.58099251624,8955.90706126326
7074.01660816505,7477.70105044758
1553.41856255959,3872.81891980134
7353.13372883259,7464.23480609791
1429.09756324008,8849.46508144845
7819.4738769122,7198.26566170818
7744.27212847854,8155.70701513689
1493.9473943546,3946.14277236817
1762.33843243385,8920.23202940508
1004.81307635372,8623.22233728146
1311.58768389106,3751.27804274312
8554.89537679979,5975.9921131486
1475.17904947356,8797.07866824593
7440.64895161683,7753.69743932359
6837.16426551877,5970.21997206731
7838.92810808296,7235.33410521286
9035.57792687357,8690.25942476935
1490.36185873457,3575.97267853723
7301.94759708335,8084.35353596637
2062.62638317531,8325.11612065124
1044.23509528465,8867.55399585917
6626.97184803645,7353.09854914538
6004.21161399857,7534.07282228881
787.142584420812,3118.665738128
1095.60196685634,3253.09818298353
8054.10498962416,8182.60575644017
738.237280910917,8123.44443963089
7192.06706371233,7886.52496962004
1452.64355305479,4077.65582638529
1118.42678606485,9159.68068965792
1453.75796780698,7960.4777980173
7535.56344204493,8294.23521577295
7200.05569900193,6328.87593986337
1431.40542874587,9156.14705511351
7774.11845837447,6602.06163542166
2164.37087243043,7361.46615562215
7676.6041763451,8314.10322179372
735.503197717203,3319.66835646487
7703.4745784706,7405.04943118759
7686.96390844942,8597.53179045416
763.736620701329,3579.06632638317
965.207163980636,3258.69303134009
1876.97239872524,9256.41498921947
7737.37326359827,8113.44182454686
959.564009501297,3355.59745417753
7576.69345059448,7541.19133543645
8193.49939607564,6747.58827778459
1705.49329298739,7992.11322098743
7243.37839203856,6801.55162771469
1904.33429001804,9246.20538758372
1996.99547406905,9048.72278020185
769.410643379576,2969.4449775581
8092.12642403898,7608.7762230034
1560.75087929029,8511.89437615491
5664.32012958003,8053.99739923836
1555.64541464244,3593.11960645691
1344.62424060575,3714.58836909962
1927.00128837315,9047.60616352789
8068.38132154506,7302.53500178281
7572.2896632537,8208.70851564483
967.178092580306,9167.85331111255
7145.18725393082,7791.02847360817
1230.13681230922,3796.1542599275
1576.80419169368,9174.58351576885
2060.86659174891,3789.93296141237
1475.03116773347,3389.08331508153
7664.13495472601,6370.52448270663
7717.58997491859,7893.109292103
1179.73165679998,3618.36223473179
7986.89992729077,7443.67717412953
936.372663928605,3579.52436307622
1870.71544842407,8553.01522164179
1134.67506875229,3328.32761963411
1539.77162940202,3564.05661836828
1578.21792498908,9345.09606838682
1172.78198717083,3521.74763186149
1542.96793957474,8996.68478277385
7313.07749256485,7393.63664843432
6942.35568430973,7880.62589464203
1064.75997665085,8827.283039933
1381.74753426778,3832.87830813973
7546.3366337618,7301.8706225168
6741.02318022727,8175.18149590776
1136.85332087072,9251.44747513942
1330.98398270229,8817.09099095725
7837.17835048794,6986.30346017773
1816.28778521004,8852.77741579527
1194.08775953804,8827.54605189547
1672.51016329752,9005.98199401508
8375.93264180007,7197.44334321999
1070.67415752988,9138.21954313988
1636.74124382144,3942.09034711784
2186.02471654652,9034.69764857833
1366.06751429382,3568.99376753242
1299.01894457755,3782.87819629409
7053.11480806884,8122.16859744755
814.2858454172,9493.78624768873
1376.0412480686,3628.47836994948
8385.09292187945,7450.68766427615
2225.69375829891,8973.7566451646
7540.38070882543,6404.3109965132
8548.57885568871,7447.76429446439
440.831473141788,2983.49149168761
7509.00456139545,6993.89828008013
7117.9905814365,7100.19681325036
1870.05729097303,7785.27943904586
1314.48135030289,7448.26793670412
7523.1459024546,6872.8136864375
7634.47422869502,8135.20994012473
2190.07632512409,5940.08005990932
7568.4989825934,7890.66659731969
1657.40927422705,8905.5012368077
1743.68355852456,9016.36350847812
7495.86982280137,7697.26821322423
1266.63229886551,3096.75003068821
960.650882823297,8820.20748876342
2105.15242782994,9031.28813400202
1653.54717196524,4244.88843130789
1367.83908227935,9155.51170638199
1198.49120252913,9246.46545431088
2150.52129355319,8606.79208074698
1443.36751549308,8237.77729806318
5686.26119888202,8514.10137751064
1471.96459960334,9128.38699609229
801.390861798962,3399.89520686349
6141.24982495127,7624.31376739051
1020.26035734209,9238.66893583787
1333.40355363572,8689.49871980478
1364.35514054341,3834.43615392527
6755.24567665753,7154.42190049052
1306.095550685,3755.18686962828
7418.83045206448,8270.51332172194
7310.22024684862,7764.31409440873
1537.61846569994,8923.25545246974
7032.16337947524,7859.23644324692
1528.99639470145,3639.11704014397
1385.00975800984,6752.77705192508
7461.31713096915,6924.66945206516
7018.56036694978,5735.80130123797
632.357870725298,3341.41995226815
1845.27497753309,8875.01208797918
1526.65095361395,8221.96939944399
1337.42948110007,3485.33386825182
842.446559883348,3128.06623673562
8190.66188530906,7486.41325936192
907.268165772003,3038.75075589516
1403.67795683883,3414.79120394198
895.757230843054,3313.43354869074
7422.02759507079,7244.3411686685
4970.36329665607,8788.33427504252
1588.5565824645,3855.78241307157
7424.82630298211,7716.24217355332
1253.1216066881,3174.25656148309
7710.16777187887,8127.98833695234
2129.15512168619,9030.73812597064
1599.03914229402,8724.72342559811
1378.51608904438,3575.06112872216
7529.50430338304,6927.22543072418
7644.81266683962,8117.22769684889
7188.45670519401,7526.64105791716
6974.88432223867,7189.99667728837
2949.99455955882,9042.75441272574
6936.77939241635,7704.25191646412
1738.13753772513,9015.48298374331
8385.12293694902,6467.45787014712
1734.99367489519,8427.58417327718
1986.91781587393,8256.0925577842
7656.43828519513,8180.89303670781
9390.48417227375,8007.35450109138
1063.35644259463,3738.03126562659
966.879127112205,3185.32043463134
7470.89559235535,7579.92083936555
1697.84831986326,8263.65042315227
1485.13471123113,3743.1620293102
1219.26822525213,3707.95401961518
8532.40118845717,7270.90507099884
1063.33539740135,9299.87561869085
1619.48227948508,3608.28499935904
2139.65608204487,9278.39729865209
1399.54571484491,3738.77756733597
7970.18488558248,7652.14642238892
1462.58011003155,8013.8426946284
7692.1853838907,6172.00951300064
2886.67822331728,5414.70674198183
1681.3546978654,8908.39406826756
7662.3103048791,8308.4902341555
1329.14195702871,8871.58399715794
7717.70620950777,6898.84320632286
4245.25366774343,3376.45981705688
1458.24646981925,9073.94971254022
2775.41651502254,9024.41943676891
7362.42186911861,7605.60648801887
8578.80010263883,7226.30199200256
6347.74198339946,7447.08727292616
980.347539911065,3223.17548933475
1319.25684071976,9083.8551710183
787.120014240224,3265.31977102995
8009.87295713478,7733.38872596743
1799.95098219114,3651.08678483466
6495.76565242557,7782.30792923832
1736.9121438227,8959.99146838812
7825.83430644154,7693.74170630882
7738.37754006786,8043.86661827832
1296.34538165919,8983.0141267374
7733.90606786421,7524.33820312568
7831.1670713865,7933.02558747795
1244.19979848542,7415.53717405169
1039.121524224,8081.70556142692
7426.18230244231,8908.78109329376
4050.69871520204,4230.11960282455
1206.458875609,3392.73431283623
8156.43978784518,6695.44628576993
1476.1432439401,9246.09856661979
6845.91747237107,7292.74112679832
855.434058463362,8241.72713265334
6206.47683974487,6910.52815951781
7730.63274268878,7383.91619296882
6912.31576313568,7448.64895714488
1446.86734458015,9314.70358180355
1196.99541150238,4858.31968040223
7544.82346540721,7469.76887659824
1373.63976561167,3533.41412502406
1340.76880904484,3294.59702124083
1214.22372898928,3507.17544061192
8691.98231811081,6757.5886265609
7295.30741442455,7595.46354257656
7271.99807671396,7690.51440041937
908.47465613954,3106.27536335175
7641.99795970616,7309.4788351915
1617.9974712682,3620.89196218246
7210.53388114821,7576.06992268578
7899.31114331317,6194.2945123549
919.220040182018,4086.96317140345
1353.02931805916,3299.53852523092
1632.01479503628,3668.05945531424
1323.47934751951,8988.03805006566
1563.97502490151,9146.18235220418
8017.19279711102,7819.77972036758
9060.42924037415,7654.95055266246
1007.1271106509,3117.32636097656
7951.30327720324,7308.51216786953
1092.16265789877,3546.501712449
771.185659332093,8637.96209533463
1420.47208877248,8142.82316344396
3294.35914865046,5619.39383775595
1585.01467803618,8864.27470706194
1697.68274542968,8892.71101536779
6540.9521869792,7471.71171809584
1364.83483286984,3512.88164979376
7994.01174418487,7650.61788706702
6975.74388055138,7826.935992919
7486.42288846561,7659.70931483113
1768.33528455388,8639.7078316205
6478.20477988676,8076.08208767942
8711.84137234048,7367.55481540533
7234.7430043309,7562.43954500365
1200.74400556981,8931.68170399709
8614.04947602998,8067.27796584015
8522.43983781929,7151.74842829242
7415.46763190987,7696.71947565649
934.333803991594,9154.43790987772
1861.80007099368,9231.68687083313
1790.81024674733,4378.48449018611
5714.32808909076,9514.24383280939
1516.61591880195,3281.6140008936
8081.91875839744,6405.02879089912
904.837360429083,3428.02518530708
854.003261389127,8726.00111914511
1754.26736911744,8691.65500356059
1044.09324643706,9371.42416089683
7833.57609845015,7316.67956923219
739.579558358022,3299.75638527326
1583.85808930441,9182.54931852861
7599.11157374116,5183.71477092969
1822.15721346545,9245.42540887325
1022.05196068556,9331.51208689273
2270.13375094491,9046.08374408054
950.364908068623,3743.92624288588
2415.76544634917,9377.8406715086
986.421402429567,8954.74836092971
8199.05084164185,7376.43945447753
7486.18480549938,8146.15490996132
1971.87656874459,3644.14485254839
1164.17036565511,8789.19968665311
1072.37975567857,9082.2180489101
1344.98535715372,8866.75415478363
668.207141556373,3680.3567529753
7401.91381751646,7337.20991210591
1490.60483058088,3702.63557873321
1806.23026298637,4875.72659723249
6249.48448555114,7402.35682152725
1239.18238879978,9020.8371666792
6325.1120643098,7038.60783354971
8480.52743941241,7023.59319683422
1228.39459701307,9005.74680626546
1902.68573196707,8328.51792917959
3272.86559232649,9009.21772701852
2345.56096204461,8298.10509450623
6587.60234766291,7673.55213072488
1470.83014455606,8424.39482069265
1567.49480706621,8844.47627415407
1504.06405387139,3669.62454140466
1412.94961869565,9222.54362272835
1168.78337358872,7957.45336997709
1512.93900756667,3369.37308052035
7215.31875894652,7867.86722505713
7874.9221178538,7529.98779911619
2055.09890300919,9164.42634139177
1009.13154895021,3508.48884816783
1978.64455574776,9579.17587578035
7860.63734035328,7703.07615668354
6784.44289771685,7814.04131967856
7746.53437354588,6554.05562731781
6475.91266549711,8083.7681341744
7576.18537945893,7810.30659982106
1268.69219604067,3665.20102194748
6702.58506251383,7830.16395456126
1538.96711212482,9151.50001982598
8008.78593423647,8145.2435235557
1355.84128078635,3606.51374718649
7393.94319716675,7287.02854392983
2084.66780873664,9261.8941991142
1162.4643781015,9175.41871844428
8133.83248672779,6880.87749005573
7427.8577149512,7955.33884453612
1484.73608364551,3539.19535704367
1249.65789656027,3601.87613056878
1983.94389641207,3991.13363995323
1458.16218730817,4031.71612639586
7873.77740131091,8042.13014443616
1481.21185355171,8048.32528174886
1697.86136493419,7919.05922211339
2263.88990671857,8438.56168995844
6516.45297780763,8054.96858654872
1753.61659505199,8979.92046570232
853.407973448815,3328.85511804353
948.709564225674,8719.32831893888
1971.66443672044,9002.17334331074
841.8646354149,3531.86290891866
1503.23357878384,3141.40286312882
1990.21860443585,7936.27540201005
7046.47051023482,7602.46497007597
1295.26636046563,3656.1208684612
835.057071744897,3513.8845115671
1164.87062288198,9220.62594707504
1798.41888162672,3584.902372358
1597.69880980483,8848.33634165147
7672.52606144093,7590.70774778608
1471.50348513125,3819.51675892785
1684.7039893969,3935.53818912266
1657.02353815724,3902.5210919163
1937.81344415274,8939.62906038265
3001.16293297881,3759.1156848667
1364.31194935351,3652.17354223372
6470.10600606204,6706.08910572838
1353.26611134233,3348.32607198792
1491.22756044223,9071.92996886952
1533.30906756507,9074.88738018138
973.518964695246,3216.88484167025
1508.0772080229,8790.10341251695
3212.4243439158,7772.65938458684
7001.47544641306,7606.34073567592
7341.54541635059,7474.8937677994
7549.09709651464,7408.23700724228
1577.71168898541,3961.15363536394
1638.54552011806,3609.4487425232
1305.92104712617,3924.98534807039
833.110155311067,3451.51662131248
7298.5691083431,7943.28304230149
1752.32909891452,8943.67018180997
1761.89017670893,8953.31953141562
7334.17840849212,8195.78169744254
2027.46333484774,9030.9596198325
8160.9470978584,7442.47193491366
1293.84654721926,8816.88094491675
8385.06724571711,7664.88922947396
7689.92554313874,6988.05533242921
1730.54480738789,9031.04622268951
7943.82122176256,7695.78270897881
8996.59211935054,7646.75179291872
7821.66255220922,7902.98790648728
1868.43693605752,8143.67270179808
8164.40436403355,7975.43970736975
7879.03820665199,7985.86615562704
821.513656312446,3347.80296038907
1544.60972975151,4024.07153593541
9024.23918997091,7484.88538009348
1272.80515736844,3469.2314048755
7447.47902946395,7953.11595860721
7159.98111415754,6942.13542981421
7713.75488660521,7944.22608046671
1354.15556157403,9011.7452188619
1286.91558293254,3680.88272392482
7144.59976717456,7916.15205323174
1208.43245186029,3816.13127142523
1007.20265980084,3410.2460539098
6923.36859423033,6996.89471337535
1572.04956004883,8986.14840769645
1726.12769507113,8894.29011208788
1987.24118315617,9240.85073657596
1217.71981819338,3145.69542814119
1192.22021746689,8971.35724298493
1742.58630063563,9205.23329067855
6519.69992899412,6926.52524550587
2005.3507017676,9046.41912926486
7217.79922976016,7334.89254319906
7088.19606925823,7103.92957839618
3462.30062526146,8945.12214121836
1397.57023324858,3445.92960651117
7547.94417134338,7417.76989248937
1078.63415403919,9032.38871851149
8592.54940035156,7602.65257185345
1961.50622865743,9094.69449313643
6748.21554782886,6999.94061798961
6955.19367774447,8036.26464274644
1642.28887018282,3999.93077866763
1839.72631009706,3908.66243311979
7880.75190624781,7457.44685071041
1299.48858975434,3288.50496605973
1646.01118331873,3995.70235339771
2697.0719700324,9007.98356553964
1640.40452014134,9501.82326824704
739.239455933619,3001.55266101971
1442.78043448111,8991.41504408188
5098.98180399451,4455.67068743022
1278.10668244331,3050.86337420769
8378.42363398301,6561.97060924448
1638.28559793065,8624.72182592995
2025.76004140024,4335.88485878306
1380.01718927459,7863.50232785927
1521.89879115676,3341.42648316766
7675.7958818588,8282.74207394771
7875.05802457509,8014.70388838173
2051.06467455893,8834.13624328316
682.328796881569,3272.73224460424
9097.72532368759,7702.71088971301
1705.12477360678,4388.41412650712
6766.62745784164,4774.4068981938
1395.47934936489,4004.72875107868
1064.1118777459,9031.66277833986
1503.95074968935,8976.66514835055
1547.94570963811,8096.42526079775
1236.0703678325,9020.70467004002
7918.7528097493,7181.71389734712
7768.86738509592,8451.75361072786
8474.71568586036,5817.2464293196
1654.04457098106,8842.6885194985
968.832544304007,9008.91306068001
1419.56191784874,8590.1597442221
8627.76614242322,7922.70352410179
8273.21123938205,7855.37242693741
8103.77425783922,6973.05487694076
1142.05958369626,8946.7610117543
7929.00749694371,6930.74084250253
7150.59991416992,7717.71701358252
1785.69056492796,8984.3090180486
2085.81268101564,7434.13035702503
1006.6895049006,8686.77642896521
2231.02282782391,8481.65239601888
7763.02398717022,8029.86047425861
1306.9930521983,3807.95947168747
1319.43686036422,3702.53793334451
6763.3724948321,7826.64101774599
1252.63557676712,9336.44928850161
1329.46167001018,8433.87420944549
7110.22646504256,8118.31534755567
8645.24544179409,7483.94461893649
8320.80668481208,7394.75541920252
1109.0231810593,7881.16304250367
1314.11520152936,3382.83375583274
8190.31178809193,7288.09531111925
1819.27137099927,9269.46205051138
1063.60859059357,3509.56430327545
1214.0481845804,3627.02918556961
1703.74979282435,9206.07480144445
1341.48323220693,9033.04272120282
1158.18268807633,3783.05508158721
1877.71473512584,5124.40845905266
1470.99572601222,3710.48622061459
1406.68277168122,9168.85371259544
2040.85216735831,9086.23652754059
1228.03368055518,4704.50987061588
7610.78976057452,7058.49966758988
1364.18023205004,3418.99152247772
8577.25003091167,7044.83013966274
675.056365393265,3233.14545568859
1575.89945180505,3940.73398358566
6288.4559996228,9124.91468525398
1407.90064277854,9240.45623755012
8410.72036091956,7392.70503448301
1275.03166192762,3077.82404112312
2479.60401723492,9233.1398102423
1665.78049019001,9214.78122717825
1578.72155808153,8329.76361453765
8456.61108056308,7041.63856402742
1254.56754392973,9240.74004141704
1052.35456075823,8271.73865251012
1819.34379062187,4061.3018324001
1897.79506129033,9003.08617541215
1069.5078453221,7628.09587817067
1405.16034583845,9110.95994901907
1268.57753493471,3705.71530506403
8463.76909139178,7112.90709123352
8517.3756749586,7111.81333097419
4604.01924382996,4786.77618080971
6833.67016277727,7239.38032661667
1084.24395314496,3403.4279474148
8084.08750254244,7443.67559668544
1478.55021209455,8076.76814269912
7709.48946170083,6841.73389950316
1142.43703355967,8574.28326872301
7169.59827479039,6575.7853672538
1585.2533799263,8608.40670284493
9296.28400813321,6910.19170975175
5830.04431472121,8100.48049919427
1814.98262068131,8473.77209765196
7436.76379451506,7474.16665533004
7523.43834812387,7482.59591988261
6896.58603803752,7615.22963164438
1735.51830865407,8954.58662230786
1929.94486642786,3791.70361489681
1365.69853436262,3450.37975604171
1033.40100836563,3190.92589829663
2120.7631078552,8903.92181509847
1921.38775010428,4071.38607358264
1454.64175061363,9113.24329134207
7229.11559457896,8036.69949465547
7865.67461721796,8216.17597424092
2153.95596851824,7929.92383984293
1264.29245394576,3514.78986462292
1029.01938885201,3337.49662853518
1367.06178212348,3172.27444490712
1483.25727855773,8183.45635043331
1348.29880801879,9222.27502254548
7015.08110794105,7251.97990214842
7988.39588352503,7359.22753357391
750.528068970056,3104.24141813936
8121.56278322133,7959.6457925111
7700.57138128766,7524.16259907125
1431.23907006129,9269.58984307034
1884.42619727388,8379.9630118641
2032.37995987736,8920.64281315361
8676.77768183953,7277.45837481499
7377.25209598353,6596.69229688438
6372.34254971083,6738.20838434501
1311.48033708933,8660.48971424743
1110.43091626612,3739.9424718152
1838.6404517641,8642.25684517486
1246.37971245615,3413.37758769812
7650.1948968048,7972.08756936432
1012.65673554272,8947.03205169261
7478.14676354425,6618.1367667434
7509.23775843301,6796.93713928698
1019.80455247988,3518.77966807225
2404.86933242079,9100.36508434314
2750.63004721452,9095.5261181492
1696.51651166282,9441.13680544418
6353.07622130429,7829.04848179126
1566.3534469098,3758.05290462325
2301.2552135509,4367.76538540918
1374.03500460099,9203.40012287844
1124.04233862911,8205.31645062719
2927.12187734878,9311.52190987624
2345.81933868237,3296.3446511863
1801.80875527963,3473.02911349988
1645.1198511795,9025.59328670421
1086.31436892757,9246.65212444737
1699.01414300894,3617.54180464416
6667.00892509804,6982.95182112265
1182.78355613031,8917.48925632888
8442.87582511679,6875.66932319299
1173.39926020543,3275.76353969983
1430.15820088082,3974.66168353262
8968.11939465635,7194.77452491002
1196.20816621402,3872.59035865293
1233.65451277446,3629.81487254158
8016.05553946268,6982.47638489357
1429.17244895648,8952.51242638761
1107.64828321554,9023.42343287096
1342.69457099311,3900.41935033451
7628.59714882105,7958.91223782723
1954.8243446009,3579.25060890923
856.497227616872,9016.69307616434
7227.47497106407,7931.0116095736
8032.94356841881,7276.89893853716
2239.52072751246,7969.14889127938
1856.45021216416,3763.69282028449
7608.01646934796,7607.29772970292
2012.84580277302,3224.07988741786
1867.72078200168,3995.19028543614
1230.54588068905,8319.27362072524
1182.77864147607,9262.91156019206
6709.19152941411,8084.15791800863
1474.10578491115,9226.221623265
6930.40092063185,7769.46515979294
1323.71292132825,3601.04914608831
1079.93734414633,3189.3010986242
1672.48933514782,9162.95404611552
6708.67572985863,7959.47566536512
4089.18461102925,7873.04736084074
7645.14442928259,7633.68678919007
1392.32248028689,3457.33852034995
6766.47463466774,7110.15379414341
8484.06733803099,7385.73004412754
6404.20820058233,7500.46606618034
1128.14561812471,3470.01844639519
1271.7843880582,9086.34129776843
9321.02567763523,5960.82496026759
1448.65361276887,3484.42545601511
1557.65974584285,9108.19994974621
3057.06185859799,3592.06213332406
8171.4139111104,7963.53016309534
7555.40876214059,7950.10448935895
9311.13067863147,8166.82314109898
1770.31517073491,3723.85621307363
1132.57953241266,3210.5969505397
1010.478238866,8344.29858296465
7621.78527172831,7354.49666135762
1642.19293595261,3821.46730698389
755.142439363227,3235.43764264914
6754.13548639843,7776.26454925571
7779.66304507747,8025.9698884058
2000.23915357072,8572.35860817624
7067.75523441897,7573.18351094022
7918.11773172358,7069.04471680183
1337.23752259967,8817.71920076626
1877.20432453265,8371.07073179891
1952.96084005022,9203.36115328601
8102.50112911969,6993.22365434392
1670.6034000619,3799.711083217
1771.04989387737,8480.91522703675
1506.18112248265,3785.37824455886
1494.2351609206,9142.68198401626
771.868257766149,8271.16918125435
1640.91202661981,3666.98540464913
7531.06682981434,7633.25935909489
1782.75155907532,3565.74591262602
1520.89954062897,3628.72271057201
7704.58925313764,5207.14519212315
1425.33566371794,9224.21250003718
2108.40624991282,3918.42873481521
1131.68545567738,3632.0453463146
7961.50171413607,7782.04976105847
8293.59033126896,7469.22169377022
2098.21044989163,9163.61157343841
6353.30737075433,7509.39057096732
3332.26124745069,8756.24445174263
1672.03507460219,9210.04765716275
7866.80599557205,7877.90076870294
7802.14260467174,5116.37653572114
7403.65823835741,7701.16551395713
1636.52205097216,9077.70461906401
7472.65356447212,7482.66406560977
7803.0906674569,6922.69446165704
2005.39000882668,9020.80257993202
6889.83545082853,6100.02891968106
7167.19224606648,6194.20352629448
1348.23204338305,3529.76148436572
6654.27025059105,7055.63522683731
827.350660781711,3174.71700871394
1652.38331391532,8784.38571015397
7314.25040725402,7701.96142835481
7318.95536497798,6432.58285827398
1495.54037082365,9036.13964206053
1125.04497058478,8582.82459426457
6253.48186902346,7253.81326506571
6869.61407066592,7991.22044582745
1521.56593962165,4265.81670812598
1208.16301965692,8982.93034834554
1149.88247379827,3797.04752175561
6558.63632921491,7607.47489790823
1559.50775869861,9137.69332257296
2170.22878133667,3814.64861092831
1265.20982812073,9133.88020826168
1629.84954331878,3543.19693590131
8231.23871356759,7314.56540838792
1125.10204533855,2996.87596637662
808.815704405598,3502.88471309075
1250.25655960435,3665.39435807226
1664.21079580888,5867.16701225758
1659.60972264621,9166.04688564594
1301.54925051456,3618.62436334282
2122.98505619006,7452.35712348312
3312.1082171715,8820.69197531686
815.119193079392,3385.00990172478
1944.30737974444,7911.35749372768
5877.33425212306,8245.54911654114
2137.81668180106,8065.67299758047
1007.3527807672,3301.54584089494
2297.18919968423,7348.35038163138
1978.16761151133,8849.4708076041
1946.64539522187,9239.87381667381
1215.64686381925,3521.19313203263
1290.13573483679,9212.88779392594
1990.47921900954,9120.57823444806
756.292229871447,9057.85219691233
7195.89218337294,7321.42550147443
8589.84125667424,6156.40742345624
1572.22396868531,7955.94604464624
1465.99554801166,4028.63219702244
4031.27063887378,8662.44927754975
1261.40461839184,8680.92688576375
1573.29054127176,3844.85451120476
1984.56143427852,8778.26205365229
1512.88371760321,5084.46846197821
8013.08994671939,7500.03653226832
7626.57878336291,7480.69495024117
646.14981846649,8872.96543902896
6678.08128028284,8072.66614608835
8066.99552458351,5004.62363659666
7832.29385131102,7826.31888963713
1627.55118394225,8989.17103999821
1923.55507208207,8252.90847367967
7439.05779016521,7744.3316606976
3468.00200851486,9059.03784659406
2266.06951305319,9197.33225182203
1446.37773328596,9010.53936913559
1567.0307258378,8074.75353212837
7102.06448750487,8027.98932306799
1238.24792402305,3362.81379691118
1118.34913309608,3597.21655983083
1738.825600473,8091.0959717624
7877.33411049823,8010.71921878297
1475.8189850706,8868.1416995306
7441.99964905305,6968.94018381424
7557.51766391534,7594.51951078644
8108.69058178543,7635.1400480938
7575.66782629081,8116.85536344999
2139.03835708568,9176.43690980956
2316.7049031355,9011.12764770236
7949.47981692804,7131.39356818444
3834.73365131195,4082.89113476363
6762.9512336468,8587.43127202581
6771.70034922702,7409.66906960243
8010.7676435719,7467.58435995135
7355.24237429432,7174.95985090516
1559.48614343845,3352.16703688441
1088.04607352778,3569.12584314207
2078.79607037536,8443.11842118639
1288.36983871653,3530.6073305858
7463.1431331691,8720.34741478282
977.119109942359,3573.10867654779
1459.19817547801,3418.20987315427
1521.52952168743,9178.54989505063
2288.04107357626,8988.79163695342
1256.19371963635,8134.69251641723
2388.13137533735,7893.04026478487
2089.94719274976,8836.50254365877
8396.43420717215,7237.74903821078
8377.62847376856,7570.0951727488
1582.8222577998,4246.86253102606
7990.89433337043,8024.18341413938
7556.69855932341,7772.44479867802
7886.69399045453,8144.12721021515
2124.70866576509,8530.88287717
2047.95863660256,9051.33603782288
783.951260386287,8880.37588875969
2032.6551009926,8429.04419296739
1283.06381699302,3041.24951280573
1347.57930508153,8960.32476718584
7613.38944062217,7862.54991053255
1648.48459333819,3555.32222694816
2009.91536646334,5528.30970366178
1382.32906509498,9415.92260453342
6279.07743210519,7464.39430429753
7556.81631916117,9412.06927962008
1956.32996802627,9324.15044588784
1368.63466853011,8006.60546257221
2351.91728374125,8790.53700213418
6323.34178296751,7666.63698404925
7731.26617502826,7759.79474267877
1704.62359488634,8731.98480094234
7777.26426222648,7937.31466488689
2064.70158970445,3709.91016575007
8907.24431876136,7725.02715777992
1712.43361498659,3561.40696650013
1934.64462923048,9191.61850133765
3313.23392025827,9129.5966624079
6557.92849544926,7653.65791482921
1212.39326043149,3453.97321493683
1740.31135885452,8820.40551880345
6711.04524081007,8326.44192135939
8174.62715790742,8151.39168813208
1435.92122051656,3475.39109542583
1515.84197793631,8940.88164648103
1290.35385976749,3524.62405028489
710.958463253581,3048.78768874614
7161.93610169325,6158.31413129105
2093.84013103237,8776.69942643086
1131.18621048434,8177.49681413876
7636.29318074622,8239.36358448205
4427.74340771781,4683.20890078703
7892.25531037623,8017.45239170726
1241.81495656369,8832.99936563589
8655.03942931593,7002.70749356089
1963.43533415069,8998.11120447506
1534.18487431296,9180.14332730407
8320.46090798585,7399.00167623012
7220.16698136642,7322.37281274221
2390.83952443009,9002.98806860993
852.89370639847,8820.0467583299
1269.52108251148,9027.99215456563
1362.53800791336,8470.77415171988
1029.89866428093,3590.6336434873
1889.70909794622,8684.62566767862
7421.14320946414,8031.30429822386
7761.53573825209,7140.34767292801
1779.91377906473,3987.10282460594
1461.42705747732,3694.42057772152
1978.76118800699,8642.10538266124
7008.57245080561,7674.63113931676
8833.69564419365,6284.10001309734
6792.71759562379,7657.43756751606
861.904256495615,3536.62923639653
1912.10963096841,9284.86719347263
1109.75057512387,3455.53829552137
1384.67787914526,3366.78077230659
1152.98142892516,8818.04951197094
7362.08925551469,5044.07700392671
1201.40480180872,8860.13982406752
7890.04668247154,7194.86658386514
7458.8599477526,7525.32142179567
1532.63530455354,9726.63472058169
7253.35960607082,7437.90574345296
7542.16189132153,7717.74588168364
7665.50733413287,7872.590288944
2225.93054196058,8869.01876618115
8316.96908631907,6048.12577551983
1132.22163817293,8087.78306943122
982.74887428318,8551.85080760321
1932.68052781573,8982.57431462396
3521.12251760736,9063.69339553475
1431.55559243631,3275.15118929767
7988.06244593394,8193.77877284936
1887.18804507836,9366.54466611564
1723.8385221568,8959.13937066854
1867.31044312196,8586.78529643555
1360.59232453233,3510.54059820029
8046.5479929875,7979.9226110585
7887.70505643938,7417.98600060333
1261.93603159031,3734.58680991269
988.853997967644,3164.22094315364
1034.07136527404,3727.55644314849
1373.86560607588,8909.6100026587
1578.41346708383,3508.10614355963
8183.25866355078,5823.59177165802
1661.79449162966,6330.14219161736
7039.79718099432,7773.8367513635
1199.32689106218,8986.38565140455
7367.09563725702,7470.56995115933
6477.89649706411,9152.66211994423
1115.46232323508,3438.97129685492
8129.29796025992,6488.9857996194
8160.80849465353,7437.06458258947
1174.55651057807,9022.90919550175
1134.58395832773,9030.17659951085
982.965064305507,9293.00806879362
1782.81559897041,8220.5990806499
1472.54077008679,8925.62578615434
1116.27951324702,8651.77448045732
1037.30512610284,3410.83061815406
7780.2447564699,5934.92997356622
1520.39370664713,8920.96405934668
1348.05905582216,3573.59147350035
1453.7327362713,9016.10721118586
1165.44597536171,9032.80516991158
1947.95413325157,9094.18705593874
1455.62935627729,8926.64319384253
7513.94438367511,8448.01202386572
9252.27820946357,8047.72412533288
1701.52676618605,3590.92074306862
2966.05962756848,8432.570267958
7278.12515303928,7424.30798042025
1612.27889386312,9045.30838329835
7169.55249368284,7665.76983761169
1794.25610358731,4670.64146723892
7451.42610607511,8218.97372017505
1513.10564475528,8559.86746120699
1487.49914189143,3685.47220959533
7872.13198358623,8629.56659436586
1182.13253389361,9221.02303546488
1301.11225090615,3526.10229671744
1679.55318403388,7437.58205989902
7330.80325409756,8236.2596770071
1173.92160012328,3172.72552189683
2064.04654499125,7603.89508435595
2545.05609815243,8049.95519428375
7448.68277208849,6901.94613990966
1707.28482553199,3920.22595513471
7372.05602913289,7811.52445690634
8104.48090272084,8034.37526357056
1954.7471398049,3567.3083283276
2229.76170085896,3502.03031620727
1600.39310209362,3735.23978812501
6935.31179772826,7589.90704163595
1473.59407880022,8846.55464008019
1177.06854476829,3512.06015392171
7237.95873532606,7932.67283889383
6814.69467249047,7898.52601281303
1414.14176189703,3518.56741209099
6157.54927843107,7570.14290172235
7462.87209150311,7789.91500140851
1759.11255360683,9094.7980163505
1076.35025776026,2518.56599045802
7435.108157704,7666.04564287949
7708.527191794,7104.15225749127
1730.32267577771,5974.88019425994
1765.54408964615,3772.21259570218
3365.28430757932,8730.69555901255
6741.14272993013,4999.36924327107
7747.52757896532,7164.68330980707
7265.35318935092,8580.80626443283
1741.65901512146,8988.63102899961
7874.29596259748,7879.54052572732
6737.47115862924,7474.62757121606
7717.39144403294,7869.55326131637
1195.26806075099,3321.60114992465
7448.36163361137,7509.61906823179
2089.31666923704,8276.54521957433
1108.26078802274,3428.04541421493
1806.35336018172,3624.3328197797
7134.86842406855,6124.19616888893
646.288553908911,8828.12192560044
1551.53137696117,8280.61284311861
1320.7840913632,3641.0785098698
2018.54943270316,9027.64000992337
8019.16556716225,7933.39250639127
1557.4902632072,3743.36022077844
1703.2477785647,3852.78911457069
7475.87635926436,6758.16289569065
1874.82608160496,3850.83355496406
1865.49488614842,8905.60822891328
1710.49576926422,8989.17081174621
1567.57910441362,9351.89562008415
7661.87162389097,7675.14558183278
1387.93462295561,7933.93595313687
1632.68296008879,8852.66500947573
1918.96487501382,3761.43779261795
7673.98918818871,8423.17015934797
7177.05573774771,8547.65679937055
1352.96478646593,8637.41568651849
1182.99703471974,8932.98195625505
1487.12444088454,8676.45482228253
2235.34705420777,8983.75090865066
8174.91813616949,7894.68019929506
7776.33409498624,7409.83117277732
1472.95842090427,3651.11706847081
1012.65478355256,9324.52711807327
7274.51424151089,7896.71395129339
1067.85385655398,3672.50166204214
7214.48110942857,8162.10129913422
1267.01628477726,9044.55934885935
7253.59872927667,8084.19932843138
7889.11403343422,8004.03666206881
1973.68635546379,9069.61122634273
7922.29019975208,6930.30634583105
1184.18971916304,3618.27773010736
1724.99179535512,9022.713021255
8782.48307307239,7811.53235647328
2792.25788128166,8773.51997543941
7907.46381989061,7995.45413953935
1206.80244487281,3580.16486526776
6536.50265287125,7906.92947901593
7125.97200518779,7754.85331939803
8143.63104851434,7506.39280878082
1065.94653317329,4075.81237009504
1668.51325469263,8550.74349928377
739.835194286841,3303.32989724475
1364.73547395903,3423.28186629978
1652.32266798054,8021.31839853931
2270.17816350229,9553.61674695891
1421.80036129974,9069.65166826304
7644.30009674307,7883.1925672691
7280.90405802232,8311.02567851948
1731.39047617489,9114.65944129153
7940.07785927666,8691.03926071213
2081.4641223772,8892.79088226691
1551.73715829244,3721.06875371398
1310.02355858298,3825.34199552726
7243.48823968392,7128.721961622
7657.71153260812,7791.88350253663
937.464041609512,3197.62096820784
7135.3759064002,7600.74900334841
767.801939424738,8669.55022642443
1569.70117878623,3868.67908833089
1526.43079568534,3431.3095178126
1639.00128825552,3847.20781468626
7432.18335889157,8193.61570198674
7613.25918281652,7731.98833631877
1210.20862461301,3407.80229319033
7876.58980330636,6626.88682710126
7479.68776376471,7690.0873280118
847.700044862414,3205.68834219844
4082.06234317141,5521.34524252643
1277.02987078508,3220.82498575623
1593.20622092835,8962.65101887363
7303.74699622126,6894.93532474972
2025.16063397397,8937.11851915317
7706.72678633022,8546.82281410289
7299.10872431286,7613.53753599792
1652.57230144357,3898.75774023413
1393.45357920631,9124.11733240895
7438.90494067185,8087.03462624369
709.017187122995,8714.28697243612
2197.87571986153,8084.60570315689
2095.24111945866,4545.69862340189
941.856068158312,3301.30361311233
3696.87352953122,6782.01518000905
2486.64959326128,3836.57823383269
1523.48158680334,3846.64942979802
1233.7722924815,8918.39852844954
6522.58356021898,4995.66380636945
7903.70159605078,8184.99826905577
8579.9723980228,7551.39725289111
4631.81294316225,3677.94345370471
939.818776151791,3559.44984273424
2713.27286282581,8943.92240296872
1106.05377891902,3629.09258472724
7800.59180435468,7640.5732105649
1786.45952724372,3632.14396491227
1058.97663058976,3327.81777475769
7305.68752974352,8183.829022322
6980.47953294392,7542.67386572362
8147.45608824821,7215.39736972927
7096.89777945246,7286.60968635413
1817.59063985155,4045.56535823843
1555.60342956915,3765.40675525423
1140.76852050066,5142.74067502988
8225.82499620933,7139.37392515288
7711.64601187437,7623.28525475307
1639.0314113593,3366.68584888255
907.057555135328,2974.49460216963
1305.58624786373,8219.80265551142
3116.63498423705,8453.19041023779
943.779560946462,3177.53834730536
842.808506486544,3093.76776781026
6933.37457282967,7861.51865956061
1119.18746212817,3551.64984276902
1873.15726035936,7506.06461294552
5945.46417119598,7384.83625467358
1427.53473736576,3625.33273622389
8736.10033067636,8019.88063894702
1725.97634773603,8208.21312987231
2091.32276287232,8685.92690285162
7696.57919946856,6997.61867511513
8165.51947767738,7640.3425702577
1023.5111314545,3379.97176372723
1199.71542348682,3440.68525031521
7608.90187326609,8717.81745416039
1785.70794380532,7619.18133257714
1787.94300856048,8995.76007267413
6529.23213969978,7408.25061833898
1869.42848724276,4700.72626308916
1557.75230481665,3803.32049789645
8441.79891149257,7208.38871906205
3177.59416347674,8555.7918809696
7153.83497778245,7649.19435712998
7899.69312529309,8153.80127591335
1844.80828534189,9138.24015686221
7084.25991865178,8234.53870762969
6898.39039450775,7214.07850962393
7243.05901621022,7384.89958382236
8390.35177949263,7783.13594843535
1704.86333769325,3902.8991729922
1791.02231136608,8965.18456608434
1491.91680222674,9386.34804091081
1490.19233808596,3536.29475063491
7235.96055364396,8410.36332071064
2136.14983606816,8535.5322690244
1757.38084521238,7924.11131318422
8488.38975574007,7313.26510852388
7790.23797413714,8366.95166716824
1517.03105308087,3714.80496250358
1568.2559510325,9064.50146952615
2796.69815035966,8984.25646766588
1099.6089911576,3679.4196884428
1997.89223545922,6159.17312206538
1264.8471869316,8497.14265810203
1531.18525709672,3781.60417339835
1350.71682474047,9131.27482844759
7895.2300935543,7826.25345485125
1443.69514685003,9065.59839211373
2926.13951198992,8942.7755006764
7343.01607361202,8232.26578257207
970.828689784129,3570.77026050505
1573.87651661022,9198.64665744344
7473.11848444704,8343.21859092478
9129.03720243384,8221.92517071925
1898.11416864603,4359.68842981622
732.088142216049,3376.16182481821
2866.36363839306,9013.34479832721
7878.64286070406,9184.46039796847
1489.26460476813,4284.96509501032
5173.76253808082,9105.26204503319
7675.80742553244,7688.08022209983
7314.26920869047,7108.91787347921
1434.93374129174,3647.84651692443
2029.73772871747,5222.11795561061
1692.7517157483,4175.2034953849
2334.79223242981,8599.10196165146
1387.46948301586,8791.8892523205
8903.01283929798,6701.32127763798
1312.56480527656,3485.20221317578
971.377520554431,3215.06857114236
1454.2635389394,8880.02372489835
6620.76942197659,7333.11615609214
9511.06206201314,7305.46290612979
7669.24329127778,8231.24590632509
1420.33388282923,9091.90323240458
7214.97603307164,8063.4568320296
6835.99311222439,6497.12353173663
1840.41656762131,3728.46953965246
7096.69778091118,6309.87739736688
1249.43709198796,3820.70498295873
1218.42316246007,9058.91878940675
1836.41010401377,3684.02067828698
7748.63996518135,7087.07036928063
7695.11451932363,7512.75553325149
3656.81645319302,3081.21051817189
2047.37547582248,9524.67038441293
7492.46969490494,7892.89522215062
8731.29346671976,7123.99116968876
7540.00575846783,7594.87495508088
865.887071118974,4733.552391395
1811.17113665588,3924.99767365895
1233.40281517761,3676.90824216554
6742.29979656422,8011.1145507895
7460.13562211543,8055.54146039685
1326.14050026338,8844.63749875822
1342.01273495943,3505.92742158588
1109.9009872249,3654.90923044726
959.321860584214,8935.89136697539
9105.98361455161,7761.44860027296
7455.8507427643,8441.24868912761
2019.91859570646,4065.174607316
8566.74123810398,5981.04366370157
865.727886522576,8952.6616669927
1559.61932186902,3935.76361671614
1082.18173878034,8930.37126967462
7141.02867844225,7523.13743539184
7084.00789696191,7287.10571473702
7522.17522473761,4814.35862430411
1615.7760333104,3901.12472148271
744.194025719064,3408.60249630976
7883.81139331799,8105.77906034959
1630.964897897,8835.38765514281
7000.73848202413,8126.486003557
1642.04031810389,7869.39576881796
7871.44038372615,7410.36358313932
7249.3703468325,7880.64695958642
7729.82063320091,6865.09492183295
8029.53783887539,7924.63042929663
1912.00569592986,8701.98032614874
3416.04472629192,9010.53915187113
7442.77644125354,6331.64844316592
1239.83207965222,8922.44105898952
1234.2747063867,8738.95136801615
7739.87597704943,7364.65568305929
1235.48018073321,8660.29837300778
1913.17478668825,9151.96293787933
1573.16538255289,9232.81925811221
7421.83056695514,5804.05176661212
1785.94060754321,9054.01142517621
6804.24686794904,6911.88567077446
7995.92303799802,8010.8879279322
1132.70041971092,3583.54267447422
7285.49666935584,7293.7615287362
1275.81702734529,8992.40237274607
7348.51881889878,8376.23738183581
669.043933933082,3727.91957147168
2827.7424379315,9504.19302686761
7857.82508628563,8085.23237987898
1026.35875819253,4215.89255148569
7824.30820868739,7876.47983358559
1133.704184296,3341.78967697523
8385.31588127879,7077.18981636776
1571.3596834441,8914.3913483077
1020.32867401729,8721.05240334513
1210.10220848538,3471.32863026324
3256.14709021587,8951.75141456809
1558.57182533775,3687.02438520608
1185.60839958348,3452.03422453473
7407.88698620936,7665.64459966256
1944.32523352354,8962.04356914708
2227.08336948268,9172.7371257759
7759.90790771452,7878.32243969327
943.82570314171,3367.17899823659
1428.05521036327,3795.17824393705
1347.86697861629,3609.07140749244
2042.18470515315,9295.82095137531
7398.13035477552,7626.37254655191
1085.90267771812,8055.61543622308
1519.06404370707,8029.71674693047
917.573611969137,3250.57664978365
590.890323045969,3350.71251939795
7632.31994733306,7445.26260977365
1995.73768426449,3854.96512342667
1482.56408307338,3616.57710236395
1106.54972684251,9219.07453693126
936.16642591304,8775.62629621624
7442.6815886299,7812.48539091914
7283.72424269778,7895.50049886508
1440.67056524376,3836.99404279346
6433.53694318675,6658.66289985443
969.347960780687,3026.23028231812
7610.76734342302,7613.87548215916
9986.8617845203,7868.03634017021
7858.24973814766,8633.94065726483
1200.60341201106,3353.22731086459
2566.42356406039,8756.53670553344
7119.81067152361,7941.33005984811
8061.5819885046,8193.18531328577
7587.58738180963,7550.27263686724
1696.79341050302,4416.53009043353
1319.98886181158,8975.84648781809
7779.44399883671,7551.10426212318
7448.57928555446,8243.52809645338
7950.91817290833,6655.19356097308
2072.1777616464,3548.82111279974
7859.16249545907,8304.08178883423
7971.49959343455,6871.66861213905
606.831034049168,3336.03636225665
1963.17478518577,8822.69801942718
1514.18389453486,3395.31613801557
7499.89645075176,6863.46115921113
1340.09288561687,3764.20751477135
1041.77512381667,3067.95188208047
6957.50719836668,8128.53541779169
8800.32688389896,4620.16233444224
7879.86380916133,8208.26756456807
1198.16254885365,9434.40009714651
8517.47720268608,8504.56432563588
1594.82236976727,3995.26237569707
1055.80089462928,3479.49877829178
7515.98213622539,7316.04799963717
1279.50430311212,9131.54087997328
1171.36480366125,3738.11562341156
1018.36170056592,3178.60952604366
1409.91442472346,3585.21437095223
1798.57474864695,8729.02976869699
2290.99062476316,9087.0415497089
1209.07110658656,4805.07391379612
1856.94461827147,8870.02730645642
7466.55556520608,7801.87471712157
1529.88632348111,8481.54769811579
8282.82498095574,7247.84765321085
6833.10767839664,7716.98428987952
7753.63926376597,7420.61755928689
9269.95102674052,7667.50954335712
1604.56408929695,4070.0814434622
1430.75018877589,9620.43141659136
1338.1078646266,9065.86418542675
6498.36146064219,7958.68544263745
1491.82516539276,9212.65881992129
1478.59102044363,9270.4265724598
8144.15696506013,7219.90320522406
830.021968687264,3144.73840478494
1413.79562502422,4876.15695120871
8504.67147249625,7132.25142075355
2094.83239688991,8784.51027642814
1847.78914708185,8540.58235052952
7369.03303494441,7558.83174202219
1693.27303356827,8721.89206228749
7655.27945594996,7141.92196638435
1015.88563801046,3127.4902922536
7891.54275484131,7935.65783650707
2317.91889879157,8828.96246995831
1020.94395038891,9427.69407396914
1955.33417631869,3996.43645268083
1149.07155059937,8445.85290851972
7680.10707511274,7639.97177199414
7696.40678740551,5978.83001976041
3131.68601685645,8079.86462376317
7949.71250776838,8206.32070591321
959.139826173262,3266.33697565659
1408.91421440753,3595.83228557536
1786.6918330339,3748.40700759064
8315.76693093276,5826.69859606614
1483.42265188585,3654.86986778998
7592.12562519254,7750.19489159801
7301.96192085003,7540.54586549495
747.577884571737,3391.40106376952
7041.53121261726,7509.74885061362
7569.71541966895,8128.67729209193
1653.42048887205,5136.96130133365
7652.4083503095,7944.73276104356
1444.051529189,3735.63314843223
1628.79088911352,8272.44105338218
7288.06549203385,7542.4425704015
7780.32436876111,4783.88210119561
4360.69194266928,4035.06430050727
1697.69460588987,8978.96644704792
1075.71708694291,3420.39660289616
7276.06471574023,7262.27974355721
1373.03567301026,8822.79143401373
1311.45293722947,3340.11746985436
2720.13217574093,8899.3269551433
2369.75233116282,7606.14944343436
1999.23660459739,9082.82861218024
855.93659510756,3247.67616114072
1767.08782893191,3607.98726640236
1282.25754339739,3526.57297347981
1307.05889825224,8944.3488044927
910.807345336436,9080.54976442804
1782.20797901458,8721.52865685343
2115.80951593844,8730.96157549626
1568.64500078973,3626.76492645419
7160.95866950111,7971.69827675172
2368.13208158407,7896.78072157784
1695.30082197507,3481.80521331991
684.036898529105,3225.64122628994
1191.96297448681,8927.97611571871
7216.94001556101,7355.1893665706
1470.50982719659,3841.32396059679
1246.33406957127,3412.06407812784
7805.95630921381,6873.32840301438
1036.6601578941,3384.09168323388
7461.79339087556,7726.27160302874
1996.29424269289,8303.62898952357
946.662985030965,3271.5232263391
7070.26925023297,8226.0730957955
7351.8294788174,7404.39066421765
8576.94736337997,7416.35034159433
8021.02249482902,5852.15778891452
1549.06965249606,4061.84021362861
1173.73377902029,8747.01429901774
7234.24396541628,6816.46776595074
8547.14020235787,7544.09560556248
7157.58643056364,7105.35742187885
1068.17220808645,3157.19457842549
1272.22757887264,8556.30204082051
1738.83649385727,8938.73820903583
6738.66483261199,7786.2620899179
1248.08272526245,3539.71354990774
7702.82106599595,7582.0296530989
1269.09223565242,8570.74767673471
1619.5705631318,9213.08102903464
854.970835116556,3323.55742091889
6950.67033520984,7322.2110437743
8368.43516461794,7405.30642134203
1077.83677319725,3524.54711925788
1923.976540104,9018.81268039659
8255.2537666864,7326.0377333412
1817.3341771016,4279.45892182604
1442.71514571479,8874.34480503637
1829.41955723061,8751.40450318288
1983.3314230542,9211.500618603
1436.33872529887,3521.47358445329
7041.62660829813,8168.58770245602
1003.771892106,3310.25495925693
1398.95655866936,9153.30245612843
1348.1442835178,3679.31787517189
2583.84862013927,8899.65571863662
8442.05509376784,8099.17195513434
7731.87734108889,7831.04460414629
925.540875378735,8102.62169484185
7273.70486374374,8047.01695790142
1556.72998874106,3422.29081834127
1713.92951782367,9257.79715652004
1781.83967933854,3739.23778268335
1317.87047570728,3807.77102125988
1041.13168003811,8217.89833586552
6891.75858439043,6239.81407305165
7955.57859397748,7367.67891882994
1310.38784000881,9069.34317597516
6998.04346837776,7401.31966630915
1306.57183026949,9242.03217388167
3368.69293867135,8965.67328152942
7426.17942119797,8101.58610956859
7734.24930635506,6652.02789886944
1015.67476551877,3379.74322012077
1550.32601507278,8947.37425636084
1296.08896007739,8677.00783926645
9001.01272444775,7539.50204361467
7296.53565777338,7533.73878678706
1391.93766009791,8252.46241668414
7473.54013761833,7853.33907007958
747.963231256594,9154.10538935371
1613.61108371521,3821.15098381389
1172.88060597019,3730.33663365345
933.670275334051,3320.93602210667
960.379364154982,3066.18173515232
7852.80325909413,7331.33704287713
1635.87379434769,8916.55457441236
1367.74812489371,4133.50395462321
1280.68888880047,9171.78566766891
1239.13751828376,9276.96981234158
1424.42551216974,9141.28844149797
1858.90118014751,4151.97288927016
1568.82706542713,9036.52887097278
7199.82567952746,7662.78266746846
2373.59833846171,8372.98467316623
975.9726239001,3488.1747947966
8077.72810082489,8598.74155610314
1338.17889111653,9862.28508472175
1449.83209400217,4434.9577100416
1615.71312808387,8590.41188352156
959.224624613235,3494.93518963868
8796.66049609992,7705.66616053981
1748.90083630152,9468.33585803164
1389.26578226468,3472.18632574615
7568.33206920741,7766.00888058716
1415.96661860319,9003.35971238026
6877.42338246114,7468.04334011513
7780.28781214054,8097.87763392118
1568.06103910036,9076.96147820976
964.691233851546,3330.55613682884
7173.22584842678,7688.08581651499
8666.04016222531,7243.74910986754
1231.04616199999,3756.60304570691
1243.7941034039,3491.92674696049
1764.71161517558,8948.55863511125
1474.48870544408,8876.36274845556
1045.43435319494,8968.47762408848
1521.81223024274,3579.75646985404
1269.59423545706,3802.3318130187
1550.28123915763,3332.61860894837
1724.25025603893,3758.70002744837
1336.91513022623,3574.74246265904
1106.01331921926,3666.07585618741
7589.46483659971,7256.0164224712
7901.01498567945,8076.59762983587
7821.43699982135,7720.65876371926
7263.10824705135,7767.31478598649
1553.61832880499,8303.71071193475
8569.67741103799,7418.87502090097
6422.29481525637,7207.74743535993
7699.81363507136,7749.93022487377
1530.87880369134,3516.39339427159
8238.15239993969,6978.98560978921
3915.48953781877,9315.5746241485
1248.17073300131,8347.74746489006
1925.27147104421,3376.3731290021
7390.83491469607,8368.28578476536
6174.89613263327,7393.48324207856
9584.17785477363,7326.41520820759
1402.22947243277,9203.02494313232
1222.60846375778,3710.96972199369
750.73220758038,3328.87497735322
1219.20138349195,3598.89337134128
1792.80678330414,3567.6902641139
1234.59369197135,2767.49165714593
1215.16377098674,8891.13909468027
3397.83648463364,9391.73574009568
1417.18928966293,3759.3665392724
1042.77182462442,3631.71271258589
923.298990951733,8404.12614605973
1359.39883878049,3359.83216312502
1424.80949910005,3892.65824946171
1892.56208693573,3665.17783511008
1376.45279701113,9059.39516852198
1433.42729911815,3220.79921574523
5610.97680936101,9031.21186214058
1735.32876719956,9326.30780012174
8337.26209521886,7549.57626575688
1591.50620132188,4802.87390238121
7206.1144717229,6669.14651536358
7391.43257800124,7443.8167763428
8282.34173533308,6543.82644917163
1394.87415066414,3654.90044090125
7407.82747106982,7725.35653039969
1218.04484718219,3755.04364385862
7601.93665319765,8110.02147837108
7732.38036460002,7621.80238190986
1565.52064494804,8966.41630210513
7107.82058121589,8165.68978841967
8227.2097139206,7692.91919613953
1071.17838084818,3471.99244591152
1165.1778661026,3270.78098535782
6845.00672647517,7414.79619426472
7023.75328459759,8099.04460947293
831.50725423485,3155.60855752351
1016.67949651902,9129.66949925978
5256.25091528124,8843.93851820947
1225.70423612422,3630.64484460527
1720.00286140289,3623.44643018599
1982.3094848015,4245.24922013106
1885.75088701366,8421.05415393808
1423.68784516524,9155.80098570752
1123.33935751847,9071.35648333213
6990.22073594073,7598.23759671015
7509.2315662354,7283.39685633688
1816.84813581377,4026.03483305064
1437.73436859794,8622.7163921404
7532.33829756743,7003.35644482472
7090.57259900737,6819.14454810713
780.813964067771,3925.19158649756
1564.53535830395,8354.89952125853
1021.1051466823,8573.27377140635
1618.67294015642,4378.91197866956
8347.22711600985,7399.96240112271
5503.95222952156,3570.92744092112
7487.15190195579,7544.59791941818
1670.58587070551,7782.73448022585
7611.1761633226,8206.05834944212
7773.87700842183,8056.91494607571
7264.90738450112,7509.29847388612
2007.72976781435,9047.76302179794
7910.97197302303,8271.55483921297
6133.58632100627,7636.48719007077
2553.75355522415,8632.27283455345
7143.23863215659,7834.46396584158
7892.05425191612,7074.13127697787
1859.41234060346,3933.19122937487
7021.07551991751,5958.92807793229
1834.75871205777,3925.52816734582
7520.46224629361,7764.77113293029
7266.27435194515,7595.80391550718
1118.92977134258,8151.47637924055
1089.43416812916,8927.43259097678
1623.17961562787,9026.21017198832
7460.48867928671,8183.26690361106
8937.77486448488,7054.5142103567
1277.58513559743,9026.54473258824
1469.1215927281,3535.12072733952
8488.60794149495,5392.43119839873
1129.60775952599,3336.86273319146
7666.93416400181,6644.41865825077
1867.50390715189,9047.00217480166
8453.29886730222,7669.53681327199
1962.15359249209,8637.58826142672
960.12308819867,3636.06060672863
1642.03893743552,3766.24218912092
7900.97017449821,7773.70359016496
2164.38805429216,9148.49499159407
7147.75529841002,7884.2958313916
1467.79957118354,3676.42547078562
2742.44095941663,7895.2770201053
7661.40506301068,6823.85616733982
7888.08806444317,7377.05901249574
1804.11775718519,9139.03688435755
1724.47184743456,9110.55435821688
7577.62222004903,8258.94263240214
1136.70142700921,8883.14383261803
1860.86189378942,9019.15421407573
1998.98061118542,8751.48582632848
8083.72603639699,8044.17456001191
7506.24060296718,7642.76908975782
7433.11915669567,8060.95408472452
1243.02210373361,8247.69365420158
7523.7287827733,7654.25034382698
957.127792536204,3704.78945993453
1112.13371896432,3207.46796881381
633.286557911875,8820.89835972457
2014.055234543,9024.34668477552
8113.31647508409,7416.02640891037
7291.20451093887,7388.19393910935
1648.88889430158,8785.48045662435
1955.87127057623,8814.83331000331
1250.36839573127,8656.59602658786
1346.38250113526,5127.23733743503
8124.47669044365,7942.66154888518
7270.00930221413,8386.58571315404
1482.86535803504,8527.97084318386
7790.27662508358,8555.02826365682
1052.60238103783,9064.36862075117
7643.75250139248,7433.34758167722
3153.87748316678,9031.74959592738
7735.89370686221,7468.37957889296
6802.99939442931,8353.03784672543
1256.77717145895,7340.56506237177
1242.26395028452,3553.63580260294
6533.68919368782,6915.98829782365
7041.1749029849,6722.11349771133
1671.70940138822,3211.69759069734
910.552988805716,8914.48990765654
1186.03097070553,9129.53452371078
8131.58159630693,7363.60548024076
1640.93433015505,3357.1079577936
7327.17513526705,7387.12025933356
7750.448507527,7484.55322695695
7556.42565783726,7757.82223085872
1883.18466638952,8852.67689431165
1141.29124403002,8818.14197159319
2064.56460779044,8389.761276538
1755.92175396126,7005.44933998314
8679.30853857482,7768.79004048899
1249.43501509169,3707.3713304112
1979.07758746707,9311.57427431241
9014.4442203671,7819.05287079802
2093.25905745793,3739.37850124048
8550.7258220299,7855.60378255979
7192.31035820165,7165.43190870584
7972.70883042396,7525.18360451254
7281.13313380721,8285.47246520522
7389.98124599916,7056.25962266156
1306.78245749771,9202.60903307748
2019.12678582713,8915.40186900887
7010.97676418351,7821.65887167374
1191.75466443358,3185.13597147425
6583.22878442715,7753.7978989164
6250.75665475244,7805.79081948257
1266.44204966505,3792.4508605304
1173.77864324842,9236.22416748657
1369.76132780652,3472.67755466677
769.575173775521,3009.86351272157
8454.230142533,7592.6355750873
8107.45093959965,7490.75617266809
6515.87343909241,8209.64802431238
1927.26021305817,9070.69326209976
3646.88499350309,8202.95948189999
1197.71754781316,3452.13945077268
1821.34223550983,8932.09571257605
1467.25082912523,8976.85346305817
7133.33471943732,8097.98756302787
7889.89550700951,8237.67569866793
7294.79380983053,8471.95728534761
2445.42459401749,8904.46514527943
6489.27011518803,7930.31742374052
1298.15456438678,8336.97585718077
1468.17754143113,3786.6397577941
6562.97577842145,6789.96562793788
6762.75276233743,7105.93926533162
7470.4736685239,7775.78247949674
1523.2275920554,9168.35636221715
1743.61965314844,8783.05353390214
1305.14360050835,9070.89410930255
1041.46980798031,3286.70973085334
2125.49226150406,3605.49588316559
2009.0762747527,8997.81943186112
7999.24759675606,7375.64763310852
8518.30457716018,6827.67430048701
7429.05346353009,7476.89396516692
1885.58299704077,3508.74330257573
1403.23990850513,3427.19302945497
1173.72807266523,3546.89304183661
5818.94926959251,3479.51247265011
6785.18173393667,7342.00894861776
1335.57412418222,8627.34703164475
7937.84087473891,7743.03106518283
1860.30946464157,8840.61900482347
8235.69343672646,7602.07423034974
716.763524298173,9109.84059685411
7785.8454943172,6970.75257632321
2117.82104149039,8329.83744948988
2478.10894546069,3556.54729605735
1469.2636638671,3548.32646875055
1934.6692685589,9064.36211681328
1929.65350027864,3913.40938045195
945.787818028926,8592.65393000849
811.920943763747,3522.9441443976
8332.06025415817,7392.6192646727
1830.44247281368,9015.729326661
7903.7990818646,8520.17035968104
2045.95498845232,8396.19990914304
7906.27744228194,7887.97044132826
1493.82041273839,9114.32099832011
7371.83464731247,7908.56200571965
7321.82494745559,7536.84734892961
1243.60871884768,9207.43022890594
1507.72253595966,4340.89321123987
2013.77054070484,8991.36084678183
2123.12921031094,7853.82393279718
2133.520320244,8766.79672927342
8069.03340996917,7593.79949359058
7988.13479439724,7639.65100776094
1330.66735526119,3323.77102360208
1616.53466004032,9180.34769418418
1493.49664856721,7982.64229308257
1735.65066230968,8996.6484044153
7870.72728571816,5404.01112737569
1247.84611521421,9116.06157700436
1894.63369787626,8601.43040834421
1656.79022436454,3608.14856234863
1464.83777426075,9107.25138138452
1209.08956455541,3348.63098261654
2221.80334242623,9862.68480559665
7136.26792662059,8019.16296024671
1484.59115751496,3514.88236012635
7319.31296920409,8246.77570917198
1447.17789788829,8227.0067874637
7219.14988754879,7746.45159256697
1742.52365227362,9090.34600016641
7419.26180140303,7361.42263878482
1538.00757389805,8883.24311226218
7888.24464449625,7901.41608255899
7525.86391427497,5966.45704840633
1156.44749321015,4039.24668052492
1114.26119362779,9279.90334197261
1222.31893312125,3478.96718957995
1162.82076904431,3278.26648588225
1536.99498127999,4053.26209157454
1669.53971523492,3529.03590024163
1153.65959241791,9131.80915545643
1030.64911086254,9137.6952234682
8222.99178727331,6033.50973968408
1690.77031278682,4096.89937486361
1114.80185603423,8899.16750535706
8141.64202877467,7728.52328205156
7794.46099578106,8739.70043435435
7513.05987090669,7818.91740178793
8194.64684947164,7254.55169762461
6700.99336198698,7805.16467508341
1679.38197915579,8212.0004398198
1682.55360982028,8506.09840277741
1470.51040449332,9268.16996625028
9045.18917454197,6489.13960502426
7308.74381327319,8266.90783273381
7497.52658132271,7446.93535920778
999.592361238074,3348.96945899811
7589.08785770355,6251.01538212869
1319.51107526201,3667.8310325758
994.276679155803,3401.29921402302
1722.26041709032,9207.64975970308
8519.3481720453,3911.09928768262
7018.75562178113,7565.77804449469
7936.44147893466,7461.48870408983
8219.73223926822,6731.20624360998
4383.58352129804,6394.99592764135
8042.76952154505,7295.71001104888
1572.82976003683,9152.52956221434
8543.31250384765,8083.65440094468
6904.03177274092,8429.35200228441
4878.58095674235,9043.59535054864
8069.83647856769,7377.388464533
7680.15171234091,7190.87099401499
7114.4165069061,8424.03785557425
2033.27688436883,8437.7145163137
3458.6660235725,4684.89933019968
3421.42384741884,6708.7378978353
1442.57287887359,8991.88851337054
1210.00024275431,8437.8993714184
1249.6607616037,9274.9330013048
872.639332517852,3126.13308563346
2061.25365328242,9818.14257513037
870.658249332382,3230.47653261303
1561.2804013287,9190.34257553333
6573.93087110686,8015.0780873427
1944.15925200977,8503.01938928621
1279.64902301633,9145.65278072681
1271.52137385551,3418.14955928293
1234.88971436524,9009.52071219688
1105.78633369416,8910.83233117478
1286.00802670476,3884.10899586514
1572.64970801773,3877.55133963453
1045.42054915133,2929.60409966005
728.163059432715,3235.25570744441
7835.67832642086,8479.81781682113
1490.0179237054,8237.45383207893
8199.80069595554,7592.17551409644
1336.68288051196,3323.66205814904
1529.73739857199,9021.89137224993
7016.88128515022,7369.62458724985
1192.8876674655,4130.70111584714
7608.7984750013,6696.33919471372
2018.42490502924,9095.33854638698
1246.92718162124,6964.52298789646
7500.82153215706,6471.58158297199
1487.48946616469,9175.64942400479
1455.41476761507,8960.86356273048
5647.36434226746,7764.31549592736
7380.10248890228,7672.3787797079
6398.7139107658,7965.15232036792
962.400617179768,3503.77686956739
1553.20254543246,3887.90378010886
3266.34016566569,8779.19474620423
1948.76674413642,8105.91380938075
2273.12412824198,8401.47417171968
7697.93681093936,7654.59349918491
1676.98941024828,9309.35240579445
3527.78511992136,7134.07316688245
1463.6726731209,3766.58878852203
1816.91137334913,9075.14042283272
7564.70910589586,6512.24725556842
6656.24420328285,7815.92386354781
1904.90546621353,8103.62802432149
1078.21976042275,3452.62710090145
7348.42504478611,8078.60809552299
1750.3134333125,7937.34310064025
1937.91022048398,3445.26896714598
1683.06748465319,9013.96019705049
3246.1000452865,8995.10739145303
7929.77533279096,7578.91502772472
1714.7260202277,9020.31807012572
1123.13503118469,8017.14343532024
7300.67754310057,6411.8664830595
1907.49256861267,8959.45026905103
1150.52767675963,8810.45932482973
819.823551467658,2668.83293250388
6977.84863285825,7504.08487150556
8416.64123253148,6591.09127758292
1303.13402882147,8931.94135637965
7255.85095143298,7617.94422971999
7426.40970959349,7726.19590298989
1948.64293373237,9187.48596021383
1630.94880859078,8998.79683300446
6024.54595586319,8262.40609306632
1724.93224488312,7937.30384944276
1966.32640245896,9073.58636981127
1086.95117181438,9119.35516100585
1764.2440325348,4021.56179895104
1737.18812625733,3652.05220950827
1084.35801217793,4222.4195092
1402.96287652986,3608.16866349566
6598.66304980524,8151.86112920913
6695.85667961525,6828.80581539317
1186.99722283356,8764.16016754151
7521.07944161182,7822.64410514184
7161.44088254825,8258.38446126397
6960.79193257057,7828.30167208398
7774.85593960478,7660.12294246173
7554.37224863941,7229.89041448152
7213.64597260375,8116.93079494012
2070.97639448447,9206.11842025896
7471.27098743935,8892.32925719144
1335.68661664554,3698.09911790766
3808.39129442718,8547.63082710742
8275.5718962459,6998.74282995359
8398.23136772322,6763.87087890846
6909.58137125697,6996.61349592196
998.834493376208,3452.96415060654
2100.01535939323,8790.1633515489
6240.59877520379,7279.81930779828
1759.29532280785,9150.28659746888
7882.84420662509,7547.26407667917
1438.38238074052,3431.94768609307
2167.20351127276,9123.30291282735
1852.9118099382,8277.03635575806
1664.62714454334,9320.29995262147
7921.34562590881,7687.55034732532
1192.06898685399,3801.64167082603
1598.151632677,9317.59361731404
1577.7504813556,3623.10959212948
8158.3202285454,7781.16774897195
1813.74715254038,3648.9100503382
7186.93928516415,5003.95618553616
1866.34404495885,9125.22909179234
1192.48427636384,8892.5313854806
7261.14115552558,8233.77406307357
7504.73418046978,7024.66997548772
7558.00267632488,6927.1621818495
2271.90687570807,8398.43943599967
1518.12399904129,3738.33624497409
1668.46771179055,8539.10053431882
1302.25141873479,3293.03337626571
1585.5773041759,8224.20216253799
8171.30436038313,7695.63075781395
1021.1439249085,3315.25736578675
1450.91891896397,8467.59309293092
1225.96863879857,3299.68048266525
791.611804715254,3563.63710415896
1573.66691671069,3384.97797476256
1478.97274546072,3911.18627298487
1112.4234185422,7917.26038739321
1638.1139414237,8672.42771680719
2305.26615645342,4460.14148651036
1340.29485849662,3624.19277100786
6741.64588600823,5570.8243892816
7421.16129668552,7366.75472520996
5044.70689651239,9020.94725095515
1225.73852545724,3282.47015961826
1776.33301465358,3585.41792585116
7897.58672961648,7855.29611193601
8125.96958821357,7632.99093400532
1135.68738360482,3236.5586659034
2100.8174584612,8951.57886192333
685.916811168129,3110.04889077934
2223.87271116989,9058.23785128287
8332.3033442221,4461.15409654713
3221.91397978444,4337.82685548905
2029.23152552834,8862.39084622555
714.844725367805,3403.94481557367
1527.43051005458,3547.65376002725
7562.51184102483,7326.30409046399
627.701653450344,3183.99389968177
6917.37725506151,7707.13448294469
8628.93929916488,7566.84315829266
1022.0553331956,3678.93224628993
1492.77540945331,3740.01953506794
1925.5771859846,8339.08066676708
7369.81612786327,8314.70599224594
1128.98093835123,9133.26029592157
1517.74892884426,8958.03072645711
7304.33727525554,7489.90893746427
1272.93155777624,3573.27683809953
1289.70174205308,3238.51871974865
1342.87754996395,8967.95734035109
1355.79835291575,3801.12011264808
7538.99101904194,7096.98842249557
7162.4285617023,8504.2347515595
6797.98492953808,7066.53504807559
7353.21589624054,7591.5825016352
1236.49309284649,8847.7348676528
1010.26066521375,8458.1479672258
7483.05669091107,7301.83207970378
7519.59586162188,7736.89635955252
9140.19587578476,8292.46208900801
1751.37252021773,8610.18945844037
1277.78948368686,3636.2123957646
7580.07505266589,7879.00672691462
773.004737664231,2941.30452621746
2192.84121783825,2018.75129160527
1367.11231798241,3652.42192562886
5997.59483732607,5870.70144906047
1436.32505770353,3554.07525428234
7047.74815166016,8059.4431379188
873.358022256384,3388.59997682572
7595.57193219993,8123.6424590721
1590.32342397791,3763.06958718711
1908.90112941686,8342.53028088765
927.890272720263,3592.10114202364
2924.72520817543,8710.3839688093
3412.81674769322,8337.03166630863
6946.40012381776,8054.49269040162
1769.79810329447,9057.16419679183
8748.97049304665,7862.98418547541
1581.38517496014,4434.15730388275
7897.68108707727,7883.56791212415
6256.36056504168,7654.3916069633
1818.98529881858,8259.73437449598
7552.06999877869,7965.58338702516
1884.04928994218,8481.27563868587
7529.77141004535,7938.45519965099
6469.82894925616,7200.94337645275
8240.3174867908,7267.11219708085
7700.16141851949,7811.16784005476
2496.22045514828,8900.70862566429
2139.92337256616,8331.62213485073
1644.33341646248,8732.67629767528
6968.95685866865,7052.30732748137
7549.91986122384,7434.04027097831
7884.4606700626,7174.39424187074
1017.88983390083,8686.90218883435
1874.70819989014,7192.23306910508
1918.83178636293,9042.00627632456
1123.78482266072,3603.60964171889
7066.95875172038,7029.6721972245
8929.75813960175,5705.9411310688
2617.51710860085,8454.49439657184
7516.10426663354,6981.57191688871
1132.50058141175,3513.85810400154
2292.71525666706,9204.71824822689
1825.12715924079,9374.26776335539
7331.37960986165,7954.25609691235
1203.85279512346,3547.30273008192
945.503466694137,3381.23233696471
8022.10076575503,7871.47124550089
1515.31300727755,8897.62873264958
7719.91980986076,4921.96522454626
7558.25199424133,7661.2694933716
1131.5655407049,3331.13096654028
7227.79201897035,8194.73485198488
6933.17411514952,7405.85619345237
1199.92334149398,3601.30848908474
7366.60767076566,8369.48384937555
3588.7513399519,6529.13196521515
6556.61302518207,7862.3964938378
1070.01953036031,3592.73534594283
7221.60543461555,6535.65455053501
1388.3429638339,9102.93190898034
7332.97731504678,7996.3510168639
6750.9420304609,7981.52787564319
1429.8430082808,7453.59422408171
1267.68564570701,8576.17943162003
1925.61724910801,4151.03566715865
1507.07332484378,4128.60968334454
6583.18867771653,7250.91854586822
2201.33277781147,8193.02903312335
8509.04228328913,7500.34617220243
1291.08213430493,9120.98312539545
744.589966648647,3227.84714522363
7474.88853921492,7862.0022914536
1967.61535861327,8268.83911269467
1103.56309634123,3467.51306243883
7195.63708098652,7890.00622234699
3194.51287288714,8226.5416281035
7840.93558039457,7431.0111257191
6560.30884051547,7150.85512987428
7216.28508873447,8426.77237753184
6879.20583615753,8018.6948559445
748.909958984851,3393.04984075798
1927.61574731996,8836.11034266329
871.96907110326,3435.20343012627
2445.7016838834,9150.49153527026
1892.0134346762,9310.50751816862
1725.81099845394,4089.89265782423
6781.68292636009,6158.2497645434
862.140780636041,9093.83508778239
1453.89824027719,3465.42777682069
1321.20368820019,9146.13639431003
2272.50103561354,8526.73997227324
6755.70916691513,8112.48642275821
8026.16258778375,7443.8781722788
1393.34298779408,9274.65192821981
1661.77503713606,4152.31334247877
1517.00830244799,3637.2633889347
1862.76892232678,8786.37026473714
872.553492897538,3442.93604995328
1623.58015403248,8524.79885407653
1734.78084473855,8796.20054819902
1976.8247627935,8993.65835579319
1236.34653356092,3337.17775287834
1269.11069196046,9101.62933757565
7452.79500500266,7591.79176878874
8084.00515017565,7262.77875600007
1910.44539075714,8940.8306319814
2834.24550182634,8587.85684494853
2486.9046713479,9208.43804184215
7888.33771814375,7886.27782484024
6851.66890230237,7698.25306165485
1444.61543066699,3489.06040373429
2351.55679158802,9315.42176997929
1273.36494859562,3644.4395421312
1164.24094821403,3564.88171759906
1400.76629001314,3604.50423168274
1945.1230909966,3577.08974190116
1539.45141251423,3575.51687736637
1257.5498274072,9219.68091679413
1535.84619791371,3368.68667904198
7534.58203946634,8113.6694238634
1690.9275371297,8909.40542039402
1502.40824803428,9171.95524361497
1130.75812364062,3448.89845398965
2063.01786312107,9135.29166893076
820.109724920935,3422.26883925669
1119.05074177633,3522.79636206185
7719.70663765674,7864.52262981912
1630.60655852145,8903.69505886398
873.066048713037,3173.33057793743
2171.47693909917,4120.08682615663
3724.8777537375,9150.95219054513
1281.19530524468,3780.86538920408
6289.3663862827,6986.64582619618
7259.61127534797,6839.93008903538
1549.59315430605,3513.43303964976
1662.52179862793,8875.78492255491
7203.52078032085,8034.8611544545
1675.0564227489,3816.60455487309
8671.29212113706,7276.41973080274
1294.5656877064,9128.02481068315
1651.01530893091,3626.44393651997
7015.63542945379,8943.14886954196
7742.67013851168,8193.89061126002
1385.24818986074,3654.75449827634
8164.84260709738,7853.0532428947
1477.24453722617,8633.22596687619
1383.52017864751,8764.3056573798
874.51677207024,2991.75534603161
1990.07444813856,7881.85989931684
1489.77687933492,9158.23400398746
1505.89758028382,3969.94008288025
8955.1937774416,6643.97307987382
1752.8348685265,3436.50050669803
4157.42295848915,6257.57551852344
7767.3501690532,7429.56776244532
7529.84086633875,7224.01151249447
884.811816953338,3474.31448620968
1180.63243892036,8983.15816720607
7192.88004415198,6962.60903533652
6180.33084897343,7317.53741174302
6442.55698561087,7754.44476894065
7640.53323150901,7496.21468768704
8979.0633031127,7816.37857831324
1967.87474696379,8167.40114200639
1631.60568303812,8975.93835308369
1605.75272638513,3711.31288205362
1267.65204614331,3378.09926180914
2005.8954350324,4847.12923568045
1654.46622169186,9344.0403454956
1168.55325173601,3639.82798357695
1141.24795618073,9033.51508332491
1311.07565945288,3601.71595637878
1572.10772143699,8954.29193896039
1959.50091498352,7211.02977483589
997.742953997187,3534.78556440584
1328.18925320235,3795.95693920482
1807.28728125557,9106.3594659599
7434.20432684556,7654.80845490013
2110.61517128922,3538.06955795358
1776.67896118946,8063.60960200854
976.868115306525,9058.16275760151
1276.47576057809,9444.14670654132
5859.14437456626,6394.07300435863
889.542267223862,3357.32616045171
3536.53429722806,7971.32300644594
7106.44975332553,7384.90511679789
1518.80447965926,3927.49286974254
2046.8965531432,8159.25051840329
7338.0067116767,8072.2438744561
7417.84437674087,7796.06231448118
1291.89689411297,3742.95014067937
7577.25454342591,7725.85503197023
1262.32252526462,9128.80366814317
7669.13375908768,7744.93704960385
7832.40257547757,8212.87928630333
847.289453482316,3372.0464257736
8270.0093809034,7957.23980964737
3192.2348499135,8627.0858217498
1320.39269130308,3702.10027375854
8284.01685801581,5762.45663075733
6739.19043175907,7479.2166039282
663.91217329801,9016.38169200936
7347.75305101188,5635.83936854882
969.204459563313,3473.77688504886
4498.15224179882,3570.56972113458
1056.41707163046,3268.66396905604
1030.90358786196,3246.78349327664
1763.42894035971,4983.74371516294
889.460459509606,3585.22011848079
1156.86169733517,3453.17548736783
1241.80452645804,3616.53046967303
958.312003066299,3534.69834231388
1529.03490642973,3722.12508914316
1277.4462595875,8378.93545044283
7197.792090259,7950.82006111168
1317.07010113083,8717.63977102834
1254.37632913658,9072.46684573953
610.965380457438,9270.95741904882
1325.7098005577,7997.38837422969
8182.40419155559,7626.07711624822
1113.578456218,3597.17263985263
6559.53587624191,8039.46231564636
9267.50878868072,5562.53056139051
1384.18197186247,8381.94326031161
1921.11648583914,8214.64557314956
1626.92606454341,9189.20891650003
7450.37033206628,7548.50655366333
1541.76626588937,9213.13782959328
2279.79312687863,9182.45552194159
1479.34777692193,8805.51581657862
1333.12721221432,7320.26421381166
916.992837817277,3214.21749661695
1152.35139295286,8960.31065034718
6878.14677828952,7825.28635600566
851.21467791429,3248.18268434602
1550.78923603466,4123.94282851611
1975.74010407853,3497.5139286917
869.151173250273,8669.70165002287
1008.71598780173,9010.69441516741
606.341323022706,3450.70893029326
1595.30746823146,8891.15569525406
936.270467548358,9038.77410038291
1309.65817531016,8646.54175211596
7307.30931806881,7929.22508999221
7250.56424359983,7140.63724954188
1582.50528231201,8755.81697943344
1738.82147219368,9205.93390872697
2130.67487389476,3955.03161926674
2047.76143906791,8708.02344433565
2135.54489252862,9262.82984278299
8900.29813955048,7158.50423210728
7436.06197376117,7053.8397569895
2237.00966656622,9326.43719509736
1126.9287213616,3816.6835868061
1591.18147659854,3413.83506163339
1210.62878004046,8964.08959900303
2611.29974970521,8803.16836943817
1707.10169160586,9213.24011679645
1406.96519002962,4028.56405614471
1551.29991284343,3684.03144537731
1306.42065997902,9120.65636209183
6149.99605372162,7409.16956396657
1633.60723844005,3514.30236364929
7156.40610703474,6753.12078815655
1109.14413288661,3346.72762705594
1955.1160073475,8619.45373645522
6797.19999332071,6939.16070539213
1731.41201537878,7968.28393197498
6901.08994950562,7787.72045260809
1538.01306101659,3571.22159674821
1292.4864652336,3227.43506424435
1659.46671856179,8766.90442376665
1074.53980892549,8539.87257280914
7006.13767325809,8371.90915275932
7816.45387964643,6818.26031700419
9311.29650918677,7664.83495305793
1114.10111553221,3552.17727187345
7877.62393115693,7500.51521132179
2167.60942361591,8645.58997011819
7393.19850386915,6668.98948920685
1897.407583332,9316.37431587463
8595.00487449555,6691.63614281812
1604.87734844875,3693.09053964621
8840.49573809225,7970.63073626819
1729.82267472527,3750.07369340809
6881.34572544913,7292.07982794123
8082.46230880612,8105.13553484405
8748.11361901526,8038.2214311138
1450.97999560781,9031.76921870786
2219.8597365661,7589.98504519934
1040.86299390451,3176.30897447263
6943.29664349018,7537.17346260342
1661.45855485142,8971.5648954021
7815.2669719623,7737.95682137342
6914.05858027902,7819.74147283851
1892.76033573484,9030.91854464547
7358.17321062966,7653.83533253078
1261.2077397606,8888.68335294611
1063.85354289433,3313.48432851489
7002.73702354993,7793.0317228749
1283.61632853938,8634.95956144391
8130.83296968883,6800.13347902552
1000.5184347017,3557.15349489199
3505.27591887823,7032.51557281367
826.866675060136,3061.61898129702
7409.28432436006,8293.73114528305
1154.49262876429,3798.57342622574
1047.64859610178,3174.18408805423
1055.74678867657,3546.29257390948
1704.80322066105,8402.27676118408
1114.79741827258,8808.87220415492
1665.07882262045,4134.14327261157
1864.42655161556,3918.32941133406
7885.7639459836,7889.78819310214
2031.04103069163,9173.32034386762
1606.04492324108,3559.19105757205
2101.09944146006,7911.49714819149
7157.01278685089,8296.22379828749
8312.45914444407,7710.10373529465
1725.03716845333,3788.46489901808
1945.28351077271,8101.35663280919
1509.09280074412,8995.19271104586
8068.31694959342,8472.78590418891
1413.00134800848,3682.79894747146
1391.24693997041,8054.98973515514
7679.1797488662,7853.32336447335
1207.43813656688,8928.64446227192
8625.69473449035,9087.24440218774
1636.91584496264,8862.94915895501
1840.51848582584,8733.3344599199
6882.93598670519,6384.06430629528
1305.71883870347,3465.68307307969
9012.93203536682,7212.64384022187
1709.37581458108,8755.77262815641
1584.15820217455,3595.02642185066
2189.03909576006,7845.18455634523
1329.54532230742,3796.52200686744
1614.77782082213,9102.22654884323
1433.95837211973,3411.32871425398
806.352374461803,2954.39577641832
8528.84605920354,7787.87408497156
7343.02897609446,8047.03861723325
6739.3310596786,8242.55170575682
2112.37310613778,8549.44247879846
7249.04695035617,7752.45509505668
1637.46859941753,8837.22120872302
7953.55189678395,7176.97558328939
1232.68748517476,3684.022352697
7512.16197830955,7278.60736061515
1609.43158970733,6044.02361045179
1290.49614199285,7999.10512805254
7637.82009927189,7654.05725484542
1112.02390050056,3315.10750913344
1496.59843209216,3511.70467166505
8737.30860793593,7066.19198637732
7138.97560059032,7294.47507776565
6763.23998389779,7662.51179907929
4109.61018700367,8425.37740041078
7276.73363412402,7561.58457765
781.744862244739,3240.11170485734
7247.63094971078,6812.17862074866
1595.20190796835,9315.99616209999
1315.03772230519,3781.59312688589
1514.98952104804,8997.19456118696
1047.98624355825,3421.09583440708
1749.36529659151,3537.13399990235
8008.22614638895,5214.08566912554
1447.9869899573,8673.06782434888
1897.03202896209,3365.59967893117
8053.91820882121,8467.10714403033
1476.89774685397,8393.05697414501
7087.9892949776,7934.90001102282
1568.30826193764,9217.9790512625
1624.81164285851,3646.80157768568
1865.42899439414,8599.58939499795
7677.05505531919,6152.26954173953
1439.41768105639,4013.19813886667
1458.9271263123,3663.37979245793
7319.06721029858,7521.077752997
2274.2482754652,7900.09966242923
724.988726488447,3098.74122301269
1523.52327512501,3429.72865773384
8751.23347841936,6608.20936028834
7369.73791968804,7632.58659274213
1065.28247065914,3512.75868871187
7045.63639317236,7373.71694389459
8039.700429128,8379.65283327239
7308.11981312816,7671.0781678911
1387.17331180118,3778.36531050797
1139.0074800772,8821.64341559599
8040.80352968657,7326.11434728281
1532.61805458537,3745.74225458113
1093.82279170135,3559.26507175245
1101.41830166494,3246.89489040202
7474.32764717486,8299.9769988158
1375.21674408658,3629.80660582455
1222.04821350305,9146.48911894176
7729.52359423803,8104.96812053698
7096.47194557884,7161.91893245235
7638.34078964403,6993.04265576055
2061.36366572792,3759.58546388046
1790.75569261994,7722.23988429958
4309.16074722219,4048.27334558311
1023.12240565417,3293.72247714899
3952.17193607092,8941.28080828344
2167.13126756131,3378.22438052277
8140.63015857861,7141.04173152447
1698.49906659318,9183.05783368651
7477.28424178167,7863.2943768796
6379.5945434399,7484.59510243493
6908.32455519038,8164.91291403314
1095.46827168797,3633.91310659649
1412.7130720717,8602.91124412816
1496.2669743991,8978.19299723761
1171.48853179144,3646.97612160595
7409.39757055975,8115.88649431236
4672.67238582424,2779.47310374404
7257.20167959122,4899.56773318208
6942.4503770892,8206.60932093345
6700.40164492578,8731.1971134449
1285.85650922344,9215.77068665194
1586.69654961068,9029.65922252561
7134.9429662045,5946.18912534849
7983.66117176081,8630.60272247701
1561.64925527685,9135.21870448648
1689.32403587223,9280.27123929232
2213.46380281413,9021.63834292125
7072.23429679661,8935.61887316941
1741.42524986467,9095.41882438643
8112.64075861987,7737.1074279249
6716.66514196566,7968.08865075342
1554.31983603653,3631.90391024863
7944.50268699529,6663.78100055174
1334.46829529905,3839.94933578041
7375.82304059371,6365.25102889362
1027.23598376471,8897.12744087897
6188.26435182012,7971.84217620337
7776.78162551855,7628.47841028141
1282.02612855852,3491.76471233388
7710.91472889526,7714.16648526922
1205.51626533888,9080.90043864109
7777.75140739149,7461.16806099129
7763.08157812219,8033.00411197713
9047.08769007176,7426.9310632844
7983.12220063494,8036.02910889303
7132.23720209647,6738.29286524954
1473.9001054537,8225.8956766602
1168.77320088025,8869.42234493009
1762.59228427968,8988.11074337309
1117.33839464106,8324.02062199193
7238.33782226478,7869.11563157526
1011.25480348275,3506.0919245767
1291.93745358754,3588.01504178803
7236.66316567696,7665.06443116442
7798.01743395868,7875.54762743301
1711.67782369054,4094.64728281564
8197.52830173881,7776.71843285874
1634.6771506815,8990.23449667853
887.83282386738,9350.97054403527
2056.11695685502,9148.90510440898
1462.6358819736,4618.83156857019
1697.16191316179,9356.39985462386
5115.57378631187,9105.10729753591
7983.93876897222,6527.3631455393
1641.36082574172,9209.62380762454
2450.97785448465,8339.83620798261
1083.87985868062,3316.45078333867
1176.37518045213,9093.10011423024
1419.63366873713,3508.27534086127
1351.23386730865,8564.72179967555
934.883171986745,3896.81184514532
824.542752285698,4118.06464411183
1559.53921628929,8683.66468096863
7311.33975698969,7425.2557621445
1270.42154411113,8460.0628147228
5308.39771941623,4249.90089484456
7172.69789072141,7545.27851172352
1153.24879294317,3470.89860969602
1713.38348232262,8851.96328681763
1969.76181510874,3730.89118346183
1146.16449664623,3524.4074800008
1266.497818391,8998.32657386879
1096.3509616267,3383.62250658032
932.402526162229,9204.84196721892
1479.90212777513,9101.96956932049
1631.1506190471,9106.66209284846
7098.96294524071,7283.36670695231
7596.21965554879,7066.31308671421
1410.80902159482,9415.35637210824
1682.63000995661,9096.61747569827
2035.99401642254,9327.43774088808
7721.91576762707,7295.50656051022
1978.12594534191,8251.51922027235
2299.84308652018,8402.75625551299
1294.30843956486,8910.5353229859
775.44344696344,9101.96604874083
8670.74063027612,7915.7030416476
1435.03826619756,8727.33541246181
7168.63761447443,6630.96295044504
7259.31294012822,7212.19813101858
1333.02458427946,8992.61044643115
7899.73718029593,6595.98573694754
8150.04986947198,7672.7124339215
1979.22206064164,7689.56576275725
1989.38034116249,8651.08523815349
1647.22350791243,4140.80845639625
1016.68727650506,3457.19744584967
1665.94462519986,9071.8822273811
1004.12758618146,8386.5330245571
1408.52459559552,3482.22585085614
1538.20915885722,3539.27825616379
6699.64565169606,6948.67739814985
6753.17393974613,8129.51046372076
1387.67696919235,9164.95537634722
6824.1707073623,7707.64884436862
2139.83201927157,3778.1086208539
1532.89466937384,4520.56330860492
7571.20304649424,6901.70775776736
3933.86454132827,9219.75184736657
6675.41220396799,7573.36913782605
697.292118735039,9056.64730873821
6722.35356850692,8432.88269896339
2410.76764728887,8161.43101054353
1518.63696964434,7388.24615575068
7585.59429080543,7751.19479088839
1798.42316517003,9282.70276476574
8109.78651935473,4364.81459383923
7576.8309394982,8050.93291627295
1638.78524915978,8824.47038348527
1180.4144197941,8860.38465240614
1457.42755945702,8743.18594615323
7851.38670641921,7081.97536995059
1106.73112224974,8744.13838410319
1535.38802857719,7729.63072937553
1008.2611072788,8292.19453576015
7140.9751623302,8000.12649378289
2094.998402436,7025.37644811999
1556.5001880273,8327.67246954179
6980.78682360218,7907.77781644595
1196.75164299167,9006.34651741228
1182.38576294699,8816.35455245602
8614.52818079623,7495.55841711987
4281.50943030612,8382.74918185754
968.45104936937,3280.66478506937
1676.39571296143,9101.59918394686
7458.64308938827,7267.20310861973
1229.01984139733,3464.39320461391
1848.59782524993,9047.49490080813
8020.44715048204,5810.91150620752
2070.87775440586,8665.15702965538
1017.06537757939,3194.01806569586
7979.27601754812,8981.82955104988
6771.48475219045,7986.30785197675
2357.94036913296,8055.35816133814
8113.62959918697,7835.58172946357
8634.09000974313,6682.12650321608
1324.05411260337,3518.59207535431
8537.13741202367,6412.68606419686
8703.93027430958,8265.8240512792
1171.93380309168,9190.86290058647
1398.24153927884,9078.47123064986
7245.02198419683,7653.05114504016
7680.36144596934,7977.57978389418
2061.36577517636,9094.97997518902
7255.99140029553,7177.73804111372
8351.00503565291,6268.23218780931
871.494410264495,3434.57911394641
1817.8052939939,7883.11425558021
1639.28218029405,9368.86705070372
928.987500973315,3267.72158875518
2587.67174852,8901.01097608538
7791.27023945388,7563.36910821881
5884.43499607455,8493.77415283641
6971.30464480487,8477.36283646268
1301.32414491285,3332.20445771943
1191.94486568228,9032.40505890191
813.447458933836,3193.56930631265
7977.63491021404,7606.46513787891
939.527669846016,3388.59833354848
6975.12962059106,6906.32671715714
1806.2836728542,9217.70500351915
6847.30241126533,7107.51526749606
7173.05392369599,7919.25219080353
1502.19719553805,3326.51467745828
986.743354299866,8826.73770611913
2030.21542952307,8391.05757068332
8665.88102183751,7843.64251538937
8663.43898710389,7450.09877392734
7762.88880685292,7386.00902592685
6838.90287062011,7440.01342180405
1388.45988555367,3756.2559555165
1209.29494023106,3501.3443238536
1818.92710076967,9253.7111991122
805.319420977196,2973.59839531444
8261.79039333964,7558.56714875397
706.789363575583,3389.94465804493
7771.15746714483,7693.5270534999
1497.86836870041,3736.23585519318
1269.63388037899,9212.23423206236
1136.80748745912,3291.36473449496
7583.20096253112,7787.25749969164
1412.33109267504,3336.31823061451
1989.36886758343,9018.29125920602
1252.30312259739,8802.4480799239
6746.61663743521,7733.92624056639
1185.82632646913,3808.79873253441
1028.79535347314,3340.50519919468
7160.04175900215,6791.01876143354
1174.18376943104,3335.71961682607
6415.24263625386,9208.92874872948
7762.25117368099,7569.24195314126
2742.82613696994,3883.15819806993
1702.03768428025,9288.24340954829
1501.97028375322,4014.4596998548
1684.18263468911,3933.75611395086
875.075795200695,3263.50768324497
1498.36954162848,7380.18683624895
8843.30462478057,8508.72207980436
2062.27710824251,8701.59358531818
7863.24793164179,8172.55344383301
6977.96463615683,7272.25665620945
1407.92370743129,8831.69670731471
1306.02823275748,5102.06080716407
6560.20931588991,7027.39815834697
7958.16169932812,7758.14793317818
937.652569867913,2992.64402739691
1667.60234368362,4332.70577440575
7356.31410609792,8599.3622254087
1611.6479817506,3572.71164165482
1717.890084275,8763.45999558112
1118.36792748624,3299.86902507628
1744.87110227553,8575.54971006236
7100.05320498396,7475.35581127574
7911.66939707898,8242.9483960077
1055.16264918753,3679.1524485439
1695.19263786732,9144.7944776008
2483.32509024523,8122.25404395391
8258.36648272773,7611.08374789995
1336.97812122053,3683.56893241809
7392.96794286858,7452.75441567626
995.233127625059,9059.35270843923
3027.3608644296,8846.17042803855
1381.51323766476,3621.32594548621
6456.10052242462,5326.0056772172
1201.78438619026,9016.67102978774
1615.27035768428,4733.39601113745
6173.48585393223,6958.18528194517
1546.82760055498,3735.98587421851
8004.32400271978,7827.83714954659
1677.71516005146,8800.18274600226
6351.77510979409,7419.46403273685
7387.42368272726,8182.21428745742
1830.72239881426,4661.98033280144
893.569870575011,2388.68010494707
6671.77427511496,7180.25542467328
7403.55824232104,7825.72861150489
1604.40665426489,3501.27852086497
937.826627547006,8697.00018877584
1628.3286510611,8999.49786978168
6559.01164160242,7853.26811504899
2998.80830778268,3810.79389029424
7871.68264639051,5909.30416234794
1214.91120173374,3532.72278036664
7635.74613567979,7939.35291541601
7651.05764460487,7220.74656978616
1390.31740412418,9034.22899203701
1383.69971519136,9121.11055801782
7661.47575776374,7738.14292634361
1346.84930506089,8346.62135126225
6786.88799074203,7024.6782882645
1431.4367866634,3415.39288607606
4802.2285974254,8468.76190587986
1373.77920674073,3709.96712892274
1238.89510078267,3341.22283015254
2554.19794586929,8220.38090651506
1750.45084174253,3532.3260657935
841.673208635986,8060.05516800369
1743.93364084046,3929.03963404041
8678.77674856965,7883.07604687883
1125.55055585445,9147.94782423435
650.794231736185,3586.42346259383
1534.37459966876,4054.08579034986
7119.41524701276,6699.91349197489
1388.98529402047,8960.64280625471
8205.13157115342,6441.94409258428
8868.82905364393,7302.85694640586
1915.29769481998,9147.32531828978
7094.75582314905,8070.22754881175
1248.55165218695,8917.5592643437
1656.40495004102,3600.97854570555
1786.80883574206,3693.43873648309
840.965913316767,6953.18825503824
828.212464919208,6012.95535391685
7924.51149424424,6484.76453110315
985.031787753399,3171.04143081547
8182.11231140627,8688.98130731801
1006.82634179864,8874.08505056842
1019.21097426288,9059.05675312429
1288.85293000968,3751.44700910863
8063.73495223511,8608.52170845445
7910.90123663156,7210.89014588459
1271.78034431445,3360.08034694938
6763.53343855606,7731.00260644916
1360.26446022281,3509.44923634922
1174.27310406687,3557.48985355943
8478.04013098349,7667.44751798005
1342.85835166066,3968.05488877627
1756.64690299475,8977.32305977616
6752.76684699452,9032.00689692249
7337.23539632306,7884.23041908724
8727.00653907186,8276.97086007413
1698.88919847058,8105.45902690102
1708.43555290344,9174.92226172974
2709.27689997028,8912.21226688635
773.459040223219,8053.47135899809
738.83749844135,3162.79255206435
1481.63164335176,3659.2166730932
2911.06508919065,8672.26412394247
8019.40925284395,7407.62219430068
662.830142024099,8859.70395478991
1471.10052328754,7894.53168432695
7388.22529298658,8279.41796393589
1147.70008466067,3727.60961983644
7842.95378894284,7948.03065003669
8918.43872100787,7821.89891377085
8458.65736701081,7835.34104964511
8162.31447537096,6532.49559336676
6098.26112592576,7668.1924268321
1273.60887576502,4434.08387468986
1496.1211461501,4286.77119915746
7470.90162155635,7087.8117953932
1494.59731652006,3649.64347167747
2000.88783417751,7994.63223757211
1484.22860748778,3746.98554616744
7477.76152380272,7054.67453015738
1204.55665358217,3499.08929373219
8352.78890429689,7241.60537175385
1465.69062290083,8936.25955592113
1432.05899634702,3369.53290957628
1575.90293140042,8898.79014006441
1753.14124036727,9084.02143552363
6620.40167165272,4501.54714274804
8412.46835651299,6222.61276429705
1487.8856100966,3546.32380670791
2347.94800174278,8514.77396563898
1441.23062298373,3327.01651321086
1621.57881263771,3782.8509386303
1708.69779802548,3895.81717660951
1558.3616347482,9104.13092766063
1847.11165951236,8370.9184572267
1533.58383953579,8822.440437901
1189.20452398233,9015.38264466306
1667.43066286754,3662.94158778391
8592.61393246396,7082.95306831758
1500.56511632317,3629.50859488847
1231.4067049023,3778.39962695786
1770.07400299095,3684.81736807582
1602.5338498806,8190.10478899217
980.207659556568,3113.48244152412
1856.15459388913,3515.95876852173
8122.52009676461,7530.49940406529
951.469339223323,3481.1422523029
8173.30425554727,6441.9714261548
8514.27665490029,4784.80086509613
5370.20908129711,8426.60106410452
6459.56474905767,7269.27555614953
1867.48822506613,9220.13981429176
2010.68073607615,8912.9831061438
1382.27193096858,3885.5276957234
1234.40866677206,3566.64818633034
7310.86235280406,7452.59977035803
1090.89570602252,9076.43899518727
6915.0478249547,7583.40655372518
1473.10271986927,3861.60768871153
7600.26848805888,8021.7882835443
8539.96976905185,6428.50752277351
7624.90002904432,7546.13977886791
8095.15736768245,5478.3548044625
7792.99273259977,7300.40805938189
1441.01719625138,8940.88592454341
6967.24986620713,8159.99908907657
8313.98723378385,5911.27064802223
755.789628131684,3379.60768255771
1094.07556976411,3620.72588819441
1403.50656986108,9060.15979223313
1389.85584420092,3447.31406667849
1673.66953434015,9149.36261797836
7765.32386841631,8510.77201291
7403.54822239865,8103.73548150782
1446.24730434916,3483.65978676529
1993.91045161764,9199.6164666165
1313.56522805654,8949.71871201364
1692.94918888483,8427.64504526064
1140.61814637372,5060.6185004698
7156.24802974255,7065.88352805598
6860.47595334426,7932.73543721431
7745.44066389815,7521.3001777512
1346.83654920213,3236.97484435588
1136.1468392442,3689.26554220505
7011.400382288,7711.99172406482
1595.62372201078,3702.56813845602
1163.85002960299,8907.12433966052
1439.52078505435,9242.49820571424
1267.15760010447,3247.4456186947
1816.76062555609,9122.98835770285
4361.78222477164,9455.21130012988
2234.63412321101,3939.45875453571
1210.0994947012,3562.27118994233
1042.16826095202,3272.42497754146
8209.34168724601,8057.9439432311
943.123470983584,8280.89218607853
7336.69822452116,7866.97490581238
1336.31913759149,3935.75269315201
1361.40160873685,3237.44033256654
5648.20760760039,7464.39830714845
7463.00494264989,7858.21541475355
2887.76375644329,8635.36842919413
1663.05782236916,8548.60736054033
7496.49300022486,7880.69906143736
8594.22191069458,6798.78431733917
7424.50504186726,8119.12802430829
8629.54788686582,7275.04915325786
1555.86378812361,8018.56742806427
2353.57196397603,9025.67638459355
2733.56956105484,8828.83707668017
7900.80688089743,8099.95937745276
1190.90051354316,3503.53557422232
9221.71234347101,7283.59707240034
1339.81019096259,9016.46360797483
1649.34101655149,3694.5065738014
1219.12645036545,3465.0914599923
1840.48095099982,8874.40682005432
2793.64540451946,8349.54365544182
1503.06271426367,9042.22428211699
6350.52532812803,7104.37204591154
8384.7188585092,7128.50838801998
750.146714035634,2929.30116499859
7447.80168363145,6575.66187970815
743.307094054158,3180.91830230259
1362.0055414269,3698.45378950561
1548.81207196856,8775.03090393692
1788.8670725507,8782.49903838364
910.676345791679,3348.65011095499
7155.3844774504,6691.75316700228
1465.90928228891,8984.63646478419
2129.54881599248,9044.73096314577
5133.86615911986,8601.59111589151
1458.02359678021,3661.8622066873
6237.52409434105,7750.7345539927
1616.24110665543,9158.32138765785
1806.70415991026,8139.95791728058
6759.68397373117,7703.39251718331
9193.85588909572,8053.43473269957
1860.43028233439,8941.5221602578
7605.39355351731,7042.46014791814
7778.22491498015,7081.60107472335
7447.56426432177,7187.22849575806
1078.43387041633,3104.41746746906
7228.0056631618,6968.4812321377
1144.83928072285,8175.06915495375
6120.61865843257,7382.0023518922
1018.76458264475,8777.84940210584
1232.28148427823,9112.22274758261
1114.69739007519,3238.67490819765
7581.25939832521,6079.58348678463
5762.37495082181,7652.93340614631
1257.251524231,3705.27559010398
1224.92872748036,3588.39947612929
7212.70194782497,8192.93271128263
4682.07308573813,7066.43964426873
1130.46659387042,3583.11905475358
7771.98535249067,7497.73860603377
8036.48361191669,8032.28713972096
7565.75162299185,8246.29549031552
5122.26188012645,8131.76453028707
1587.6971237091,9119.83172219827
1483.36423939367,8698.22585770437
1347.51298494059,9043.42115449133
8431.84846853577,7295.89584352912
968.736254982658,3485.05933838678
7999.28142149641,6975.47578745879
1674.05928497354,9336.40210579684
1316.75325087365,3535.49135488437
1448.97568193092,3923.678311593
7258.42227453964,7450.74332090888
1865.25547012152,9044.91397812274
5512.35332626996,8244.39948050347
1081.37139830278,8528.87776878917
7691.76547278548,7501.32024829248
1372.0380534161,9033.57652735638
2005.52056130918,3542.58573153072
7022.09440797933,6074.97233478719
1525.92744515191,8889.25260783072
6527.1574387118,7194.64861556286
7032.97167212311,7240.45613368104
1353.3384744413,9027.20212974967
1397.53688714911,3711.1879362561
1425.05629597093,8946.59573015259
1231.91387774197,9248.66544727927
1167.01736502167,3346.0349210928
1235.24026666046,3583.43686162008
1596.75267638704,9082.30527913815
1722.92890409773,3605.94183183053
1332.43628111722,8670.21773277262
3202.88235173427,8641.3387194881
2112.1957694017,3724.17229619949
1290.77078615943,3884.96891080087
7665.52190037664,7528.21864520786
7078.46685886553,7473.09517905747
7208.29287777228,6927.24907477565
2235.15430388681,8940.17416761566
2874.57155812963,8405.67473731763
1745.32669238292,5761.56416281024
1225.83620371896,3367.43404252544
1896.07382643216,3540.61878595301
1328.0744895117,3647.32239313581
1486.51887199515,8318.32238215363
1926.00685376199,8638.98505911135
8311.66375697909,6703.76735848985
1542.57881165325,3563.96197824064
1097.59139538833,3184.92546029919
1977.5068676868,9194.74251070316
1261.70676521227,9122.25805759
699.906420532876,9117.08990758971
1434.72308503928,3169.93792031223
1886.18728392198,9105.28547616262
1263.18117293015,9136.06520063911
1760.74035781269,9035.53768911828
7789.93361143574,7748.63668508517
1203.20116419056,8634.35146850461
7086.48981601571,7042.58325891356
1657.75556202684,4058.42082178544
2227.10468224465,8897.96496900491
2170.85718631744,8770.38308710592
7541.3754198404,7765.12436371524
1302.88016947278,7930.16212335913
1608.43264301118,3692.875209033
1349.21610656897,3639.16652301619
1255.76425834436,3698.40861350726
1363.88680929498,9129.98937342749
8040.34804337472,7971.95397907928
1841.16397787869,8972.9101916302
1274.42181680515,3656.52544416493
1031.34297374675,3943.36513463612
1630.17420880885,3226.12283509742
7658.16259210875,6765.58714100476
1285.4903439464,8767.30544263824
7430.34228133493,7717.11105082318
1771.48116499875,9109.3068126844
1117.0842323289,3391.29088466413
1176.25155263135,8945.12739118354
2039.08068766035,9006.82534449515
7371.37295643416,7308.02250014606
8327.96921654422,7188.38571649217
7398.48564429511,8536.61093960055
7843.27811702177,8082.54392930413
7496.70914425864,7667.83099300232
972.567202131061,3768.3461211168
7968.83728299863,7081.12265339384
1538.66574996516,4465.73162786504
6885.94958898074,4589.6001456576
7589.21650980644,8485.28623559168
1141.31287945265,4149.91549767549
7454.11374737378,7927.34366113889
979.157816810574,9144.73557891063
7465.22425212063,7349.55762151889
2240.85879361457,8615.19386317615
7691.98575204961,5725.33026247914
8508.84909135233,5439.66713629551
1973.01854168305,9012.17222996334
1334.85179479035,3286.14334508199
2432.35507414551,9346.4249634991
1860.78223946004,8419.1952738857
986.566827201174,3620.73257957114
7178.85113413045,7010.21831495799
2754.28289289437,8528.15864847095
1585.36896413728,4010.98488914251
7910.36908410111,7220.31212952056
1522.74781081038,4143.07135033911
1751.52739055128,8993.83375717945
1437.29547925943,8915.11339949854
1240.13022434243,3293.46029339707
6442.71696921903,7235.06120371561
1928.20138181147,9054.62816603709
1771.02442164461,4791.74477146045
7319.05597597856,7606.47564387155
1472.22188631245,8287.71431979975
1304.16872319696,3486.15374822641
1527.21106763531,3488.89246312107
2005.14837960157,9103.03761870017
7185.1471074769,7505.28635609909
1134.40716275627,8807.84373879857
7685.44950456934,7543.34796514154
1408.34951140017,9243.65689642728
2203.31885574158,3630.1180757217
8153.00440606679,7511.46663191832
1142.77228099511,3386.48173577034
1504.61671041688,8880.80799406175
1246.21383240236,8540.44891774099
1450.32940727447,9122.04131844754
1224.40158669638,3350.1718737013
7417.74340817464,7740.88110136627
7531.37619245121,7466.6205727492
784.513935018811,3276.5559389426
812.549799580222,3404.08706463427
1473.50694992852,9068.29686715354
7597.72935989193,7295.72721038755
7125.89944729547,7800.32844348408
7177.60900109468,7858.62260576417
8196.87935275039,7736.89432546539
732.307237963517,2954.44170580599
1585.48264484207,8788.28676220798
7629.99258200166,8278.81970490207
2184.27816582355,6623.1263376401
7149.58660312601,7486.00305939962
1308.11382441186,8935.82755174612
7888.59023600421,7227.51356720988
2053.9021273946,3539.94643331664
1676.57853000897,3688.14950222527
1562.89925871338,4195.46046591014
7684.23934089322,7913.91525464665
7651.72486804481,7955.55397392147
1307.99332833383,8430.00694967367
1730.69225144981,8758.54592276366
1433.69871183934,4100.02022516089
7555.08483203724,7542.80762457789
6893.6103979359,7135.7174481689
6953.20140075194,7985.86303864673
7025.94299114138,8143.86113826843
7124.57550538061,6946.19554738574
1292.61936846181,8329.93557332959
2180.98780894045,9055.33382035542
1672.56794643954,8960.29768874173
1652.21714289797,8534.62533556347
7894.00535629255,8067.03459658943
8377.22838477316,7045.49192799751
4405.1501858999,5300.33328259823
1140.12762481264,8894.83899374151
8607.97284846116,7035.29804882163
7473.51759988215,7496.52785268403
1813.44443208029,3831.00060450516
1392.55411564307,3690.80761787822
6952.23248610003,6920.06282812002
1173.46706814253,3565.24583568193
8158.06975928296,7510.51373389796
1540.67323978535,3793.79808341684
1129.37473392841,3424.72869042191
1370.20090915555,3444.50442663064
7408.38603975248,8054.39387663955
1054.82693862977,8753.17511582935
1038.38583818983,3472.0954489089
1916.96517873458,8901.28610384482
7676.35230566981,7261.29552964608
1586.39104457297,9168.35424585041
1143.99236108014,9005.63531510889
2101.41402891481,9153.5869826605
6878.12745082625,8122.57449352572
6070.66090767267,9260.815742996
1084.50325167059,3415.51528479486
1558.66822614563,8763.12649087004
5469.92132196494,3819.25117023157
7667.46258953564,8433.23944065973
8536.44412919391,5826.55317662737
1678.02171144489,8984.99274214901
1596.71926465669,9011.40974197809
1421.9363076545,3781.09402178198
1036.94015705898,9040.95675526606
1157.49912260867,3656.19381008839
3252.22319858492,7973.82098579168
1694.1962102402,3392.71377599662
1173.15043035689,9169.03010799791
7936.76956724731,8329.03320372995
962.33801653598,3266.34261811845
8372.02483674558,7543.20616143426
798.599715201149,3394.97373445023
1537.14618288594,8903.9857468851
1666.84588108745,3814.52132439056
2225.4855070343,8706.86954838545
873.121125507764,3284.01647956974
8830.83808751686,7492.87143178428
2898.55786775848,7882.87943836137
1595.76005131672,6301.39395179688
1470.65272554896,3851.56555361672
7672.70988602814,8007.38863382553
7761.88343340202,7771.8259940103
7483.85644866906,7313.0461656361
7977.84261687962,8093.20276320043
1811.00488345369,8972.29663591819
1951.03290788904,8468.99881067755
8923.99057525998,8000.58315418928
1304.68802297656,9010.63616708972
1372.22059652785,9385.79799412734
7061.83280652615,7999.16785818812
8329.12936746701,6929.24979071108
1501.29479991407,8891.74066255701
1231.66519153226,3360.07620940448
1984.46092096479,4208.69325796847
1388.36596078392,8758.83388542363
7308.80810954567,6830.24608599455
7790.48910059065,7725.3587187781
2010.1698470887,7564.49604061531
834.430399980639,3303.16495697767
1998.50719034015,9219.82662595895
1876.10640900789,3955.55030035028
1714.29522903357,4865.25357880188
3583.38419341105,7267.65181586081
1446.0753539416,3206.53951402661
1787.61766176707,7486.7015085668
810.121917145745,9102.26618594305
2251.69712471449,8927.63131363596
1380.0609035261,3913.61103947572
1689.76469191106,4080.56838317694
1273.14416953334,9172.27288122932
1326.07427775493,3429.98724259028
1589.34788715711,3373.25449255866
1861.20515297859,3545.06750687804
7474.09502836939,7513.12651031326
7569.45923486877,7693.30274209601
5790.73775121362,7112.40088352149
7781.629431647,8262.20220588819
1112.31990362935,3356.18893403672
1551.49509792471,8839.69770917194
1637.51456639592,3562.27882463865
3522.80383417876,8795.45378600091
1195.87725610362,3088.76391345321
1373.93804576849,8859.04807653815
7760.06329227365,8202.20818438343
1766.89194024693,8916.40165760561
7856.86106981231,7351.35870064246
6613.63152310669,7474.71818024742
1231.44990266794,9203.36405422737
1082.89153368766,8947.92753791189
1347.61111983774,3805.28217982654
824.65131203045,3289.2687189588
7256.7918310031,5430.47496761707
8276.98744743843,6361.45344760664
2341.57334704737,3690.94598633108
8153.7835411422,6358.21967209861
7104.17877768871,6022.58614651896
1189.20787057603,3703.21347547434
1508.75876442097,8975.59347333892
8990.18207117409,7572.3179426852
643.72468402116,3184.18632634604
6607.6663790871,7542.23471436716
1450.03096008767,3722.77230405535
1589.68395059121,3459.06020840936
1623.31527840626,3982.72088788912
1225.34884787876,3520.43699260765
8454.09554159331,7572.70359810156
7434.92171066672,7811.19626210983
7842.0910835356,8133.73438880892
8172.87362291503,8062.29280640245
7940.32265554653,8072.21127418552
1270.26553945126,3665.64259447042
7716.27003754391,7485.42292427955
7859.3951176832,7647.80249460846
1747.93263805022,8816.45202176811
1436.03623395848,9163.23510830161
1034.39417853669,3144.04255923019
7473.77775501865,7771.35680651866
1242.9392586515,3727.35419591473
6594.01031537872,7129.53361245156
1735.04039458849,8205.34483707832
1610.83115541625,9333.94366337547
7858.68071148062,7711.52707119306
8687.34150331088,6653.73153337612
7446.26686668252,8279.15717714491
8083.14783168283,7779.52492666857
7282.67042332811,8251.16008095304
1666.79900301722,3763.18573687566
2049.28356347747,8808.90479637169
1511.51429022339,8690.0347412825
1804.98441879508,8933.0803108449
1304.03165635924,8693.93163730007
996.303243979376,3532.31385596822
1281.17557924538,8940.99969729511
1191.74207708372,3334.75119895889
1359.94183348637,4518.96921535875
1258.84447454641,3544.69444504714
2391.94899129776,8667.22347164304
1158.2239419762,3418.01221200914
7694.68524281709,7358.77221815169
7270.15620041023,7760.35953428095
1022.63680189226,8682.3864296676
8474.58674705368,8223.08558115371
1582.35436391161,8454.8642265877
1275.36684483535,4650.1763947797
1927.93252886881,3901.07846174871
8263.11263460865,8112.95207378918
2141.56473989296,8957.04854337994
7255.46506029555,7952.71076291181
2416.53721365246,8388.14083198651
1901.96416633251,8964.58209635336
1955.40584729448,9209.13905853012
7292.45873823614,8023.21873453873
1458.46281121953,8107.24771958945
5488.08201842914,9008.08555225814
7389.3462149766,8008.59553409367
1837.81582053331,7740.28271920171
908.751096870795,9532.7619758262
1741.43990801622,9405.36998095642
1201.21622007097,8368.45564632941
1324.08150293956,3540.26303367281
1673.873163235,8879.23169957586
1358.78772342287,3767.74262113054
7523.0721114247,8495.47861836592
1482.07680845947,3955.35784701825
2368.49180638056,8104.11477446153
2861.92862247092,5858.68852431466
7072.90952039406,7591.11847687558
6824.06018745524,8029.03103589222
1457.56207825168,3853.46943853482
851.939246648338,9161.04636421191
7212.93873208138,6986.86113570094
3758.54721246749,8759.72760133633
1295.13661097277,3413.55690861487
1241.15000410107,3183.34272740276
7320.26335320329,4578.32230567722
1171.98525226611,3273.58223410024
7897.99948144024,7732.72773027553
8145.16817221005,6964.11655892121
7610.5099497902,7368.93879727566
7119.636574015,7401.8150471198
8942.49108682619,7350.72437512771
815.201564713495,3106.24429442301
7461.11335261133,7569.22441988688
2008.30850404237,3665.67470300426
1186.44234584919,8483.56742286196
6602.80418809339,7217.06243436742
7081.30925057142,8968.04272135911
1357.33034249315,9163.00294856386
973.070091956178,8911.18198681055
8342.39482580269,7548.2630766155
8541.950621763,6992.28664925915
7962.75201498838,7437.17039877297
7233.95129637955,7458.03576955975
1689.86597044174,8781.09084148071
7833.05058991606,7297.93508241111
1779.96979840243,3993.90806241873
1262.7210695253,3818.56157027887
1225.92272463866,3653.43635431959
7500.25292819782,7287.18399102011
1533.00471561369,8689.58321280617
7912.37862229983,8107.41199930317
7280.24227637402,6719.22181187019
1612.13585359624,3777.56859515642
1453.9110736025,9436.30709658809
7273.04438870601,8088.39756119865
1802.69466952673,8324.98799762019
7772.72404577848,7330.88322548418
1397.81470440603,3804.43374276763
1354.22010662944,8594.77881594365
6996.46804703559,8528.28940392931
6531.1925125837,7566.54062955943
8213.34239802307,8131.02731195572
7216.77858772616,7133.97211341625
845.905069900586,3517.20659631435
7419.23283045685,7596.53072588969
1380.63412728043,3910.91957530418
7093.05134468896,7217.74486467853
7152.60748692423,7463.66029678666
1710.04422548424,3911.40908364892
7757.270341247,8090.70798487267
6619.92934795569,8001.03466644023
7786.24211127166,6781.33550756998
1242.96628197734,9183.99352242515
2175.96668381196,9460.7825403286
1395.46078695001,6864.41032450776
1737.25396062299,3549.85525452134
9324.57694662637,7851.20310913613
7739.89455705612,7247.04096824528
6362.15838993403,7286.70946488388
1753.23820710017,6303.47987023374
1904.86738843981,7926.04972338024
1461.39802698746,3294.77432423281
1002.62199948127,3532.52698009539
1527.80752910621,3990.38942973899
6766.33708174141,7739.07370602853
1550.44406480055,3949.02403608124
7362.16044380406,7683.46826447254
1235.95507449179,9098.49654188312
7140.80124696295,7148.54658239034
1524.08643785461,3632.91153067382
1584.82102185384,3882.7800465285
1158.27283067518,3524.23162574252
1370.49328856184,3312.74452376322
7353.18293738634,8120.57180314554
6908.06560656592,8305.79558592855
2181.89152758671,8568.84884217003
7516.13207837547,8440.47979730067
8239.43339187328,8298.59272363725
1385.42115275569,9130.75323050386
1841.38214773791,9137.36153865686
1880.74850234369,3772.78434550641
536.331964848313,2986.21778711694
8400.73787299053,6874.98672331625
2896.97468050961,3716.05378486158
7430.9351717495,7363.17061967897
1324.50583916772,9281.62102609178
7093.26950714184,7827.77579721659
1388.77317907873,3850.92374454881
8095.13108024893,8217.89498497624
728.696981161154,2899.7809339723
1582.2680587281,3821.16211200965
848.91685957638,8371.17687162675
1422.40618954452,8985.44713674568
677.708774331943,3234.70201623386
1204.60587360842,9027.69855128167
7407.65960641767,7490.64977083888
2563.03080411176,3751.71066394791
6371.93523472636,4778.42569440537
1200.68607266034,7975.16960325874
7363.01957943279,7634.56890971336
1936.3253578436,8756.85824356136
7937.77590094753,6179.23488560206
1319.69932778882,8897.2453428465
7280.06282851095,8202.79019880965
7302.4368656563,7272.4224338241
2293.85669331709,9291.22363024889
6933.64201875759,7657.03053163542
8054.51340133445,5452.74748632971
2104.0291769622,9003.67278035228
8942.18283858229,8190.88320732649
1292.59716854076,8544.16473605304
1664.09686815379,3709.79457183861
1034.20574181517,8853.98174268428
1897.9091020235,9155.57450360132
1259.86724918894,3769.10924968762
1778.41735452462,3989.85785185082
8041.09283802984,8181.68757881751
8300.70745757648,7759.68553602907
8840.77689483241,7330.74882956052
946.227013182478,3161.65014924011
840.20658269423,3297.48371347069
6777.48741145193,8076.37431189895
9524.02020335304,7380.53104686186
1105.61849414669,3597.44235065688
6134.13101641671,7359.88444257151
7813.57697498528,7175.25941914725
1279.84972139835,3711.83595277841
7342.45648141399,6596.29659026218
1528.30323622602,8804.34168461106
874.719880821194,9139.97229457494
7990.47260724228,7148.6415036452
1838.55237369407,3983.11990170563
1858.8849098257,9017.53955842235
9512.44751350782,7762.48854749904
858.009250462667,3227.92229697873
2122.87769829284,8878.18935350819
7204.46467248935,7458.92514239571
1814.84640416039,9106.65678181938
1128.48400339357,8920.2677434195
3651.88637867817,8645.09692362146
1060.12085895225,3140.066500573
1684.09412576821,9078.14395517652
2481.08705474851,8869.23674913781
2308.33627062231,8250.14877193873
2377.58880266336,7939.38480516617
1208.21323751653,3576.57918432043
940.5869114669,3402.69877860329
7296.26236912583,8382.64424100132
1582.75113278244,3182.14439881125
1099.2343327491,9133.65497128188
1303.82189256367,9055.03749037465
1548.37610390857,3361.13183288569
7249.25251193615,6361.94757601273
1522.24041263248,3539.74064378078
1275.93123946434,3775.12686713507
1052.05084566887,9237.03191816224
935.497713598974,3341.15658436415
1257.27825648028,3562.85367466239
8001.86856083379,7838.53483050384
7584.09423614297,7425.72928261369
1563.41464477471,8407.14341623599
1416.98330473735,9220.32158229392
1820.3787420575,7704.31851514057
971.272182264068,3230.49649600122
8901.32324211994,7968.89615338169
761.687250849141,2652.6852999317
7573.73339937941,7412.50966476162
1058.30462069195,9186.01362662742
1623.5504059709,9041.14919159302
750.252532211279,3312.08509663713
7935.57236065963,5922.81828113304
1535.30988595063,9264.14211042401
8144.97344683425,8212.19655403116
1762.49238180459,3844.19156597209
1856.50278667538,3771.11103898505
2284.51305651631,8995.60297471976
959.508600781253,3146.28000434019
8228.3854553344,7153.2278705629
1426.23248708595,3569.44543947737
961.390635503749,3196.78504652869
1567.76670620477,8825.72756481033
7652.33744249941,8199.37569410923
1640.47752327137,8097.21326046461
6500.59892752602,5680.04841556581
7416.35808348496,7021.77487264085
7583.12301284849,7815.41291488697
7671.77887985507,8227.71708847339
806.125022708765,3083.84438857027
1721.9672359614,8722.73716466354
1842.83895603756,9224.75681128698
5681.90490728303,7241.25489118098
8443.43978804549,6840.05074105736
7656.78184101297,7538.32830917068
6885.05631151291,8045.28316984514
1540.79475290869,9013.59665368355
1894.77094562996,3313.16917575122
6155.70360537404,7657.18568865871
7370.34763056873,7528.03872289168
7830.13077260706,7043.50100044783
7385.66099620351,7797.84218112893
1468.17902672724,3347.98385908756
1161.75496572413,3167.01976913534
1452.95916272578,9102.24167857088
1966.7140748755,8632.99576725619
6551.94092315413,8004.93196116001
810.106589125118,3570.49818867849
1344.62752170311,8225.5458865463
7536.9755253964,6836.47423328988
1452.56702092859,8870.16804223693
2868.72853765567,7783.26696949672
915.391304646084,3343.09575935096
8035.96036279228,4299.23843379535
7864.28127539891,7393.92873709685
8021.53393838015,7850.85073072072
8284.2140736165,8291.39544458396
1428.80201367457,7620.49690864759
1550.56445839845,9146.48095716361
1435.12056355347,3843.83445501214
1653.54691537797,9106.96620358183
1463.86194465369,8836.68846756452
2273.51305403774,8489.55091915451
7159.39506079516,7923.7647752463
6889.58798136028,7420.12891690759
661.397213791523,3569.00380942775
1601.61820836089,7494.35007615685
7798.89110375088,6805.23611876636
7583.28381325096,7841.14346486993
8673.38001416873,7402.84902171103
1386.20442185047,3767.95743907774
1295.73380161648,3486.72263247773
1839.41978889385,3938.48069290786
7572.14634308164,7607.68365195359
7596.8790549802,6997.86528499729
1938.81748467943,8886.21554315466
3105.48786643467,9166.64547621114
7250.77858016812,8530.07202757767
1905.61634422031,8925.62812968772
1622.50934714518,3771.4841367858
1091.08099827953,3372.51568828025
1760.81352378075,9054.33077874871
8149.29991948844,8002.72643823272
1559.4482357535,4015.3216971135
1333.62011161763,3675.61249557297
1360.01289665032,9017.86888150262
759.12642822664,3076.31740478426
1498.61405564832,3451.84301111023
1236.99406755373,3731.63263036256
7744.28181449003,8294.44569189621
7015.90322135152,6914.75602889614
1793.65441733752,9071.17858711241
1222.19971873338,3206.28672877433
1297.35967709739,8273.01181522336
1388.19714526633,3731.34679098746
1931.31814002018,9009.42337670722
8188.57917242558,7096.1593407745
1142.15292473412,9213.02094153585
6985.13885819814,8096.17545294215
1822.04984681274,3885.57754399574
1888.93973552768,4230.61095421646
2869.59561144822,4037.59464902955
1733.8111024132,8902.36183338024
1521.78827218164,9138.93096262235
1496.02548187034,8970.82190794556
2056.30785104642,8929.93300010443
1121.94525295826,8891.5043479679
1205.02245887726,9492.24696321766
6935.86170719239,8155.64632671162
7115.37213388287,7932.35407554837
6567.60202009592,6747.42231345308
7559.06127617498,7592.78241972451
643.200955655113,3047.76832618925
1813.24908479108,5918.92853546833
8726.28002739931,7790.3748125996
837.420122975057,3439.20090867998
1670.10174495886,3618.26150888656
1011.66055526366,8952.83937303594
1985.06243223252,3841.30996542071
7176.91082310595,7203.87285263927
8235.95883195093,7425.03767018409
4579.59872466521,7919.35311189082
2291.99541797805,9124.80021792784
3246.06514271962,7735.91367637468
7601.85045929711,8471.75859768149
1455.10272080873,9336.41135184047
7420.2241116123,7561.71002985483
7916.33305258004,8032.07872401135
1427.09222163452,3683.14088613713
1575.22854966789,4070.70484058057
1245.90719550382,3623.04496073683
820.343680136513,8382.649044019
7295.87945159373,7471.58867281048
3109.48395064101,3439.83389396092
6868.80515084647,7949.67228311733
7579.780694666,8213.09040973485
7090.67103185053,7264.80038610273
1170.9365640186,8204.91544282675
8064.36563412159,7998.43575270002
2149.39360166765,9151.02948715264
7372.98344454291,7679.68046521317
7699.70829392084,8191.73819179364
8000.46863489988,8629.47408036076
7033.07212277584,7358.00417272727
6744.8557919671,8306.58889837445
1328.16591801248,3847.15403388983
1299.98605150983,9193.36959954009
4632.84983563264,4160.44585490899
7807.36172881424,8178.33999087652
1350.7367612174,9094.42337438017
973.513902578685,9172.16177375542
7761.84156129759,7303.81463103205
7877.19753291537,7225.60110592946
1388.60936054431,3662.74479144082
1565.83068247893,3768.23657101484
7150.49815108826,6059.74374624893
8448.9205480672,7858.92063186022
7466.40389293962,8130.20537043344
1115.76551746866,9056.61486925987
1403.84320682535,3230.73947277286
2211.57515021953,8337.07602663281
1405.04599755071,3707.64805563858
1295.30383873461,8998.54347259745
7901.54772357769,7361.45188831548
6927.90384637204,6966.55791680418
789.308499047648,3439.96723670039
1316.4872499156,3372.54166100826
1028.56483632421,3527.61608175917
1319.67353870115,3040.52805052208
987.772411545404,3092.36226104308
1491.49173383972,3248.73727911172
1637.42947470392,9342.98972229096
6841.62713011397,8440.36951879155
8185.70676643347,7440.02566400449
7248.41210949205,8016.3532913032
7577.2441943747,7814.85283132549
7969.22514393196,7018.2106512941
1544.32281163386,3421.69802571232
6427.89516876013,7600.64436432706
4485.05679023459,4276.9063173481
1303.9230677159,3426.53553279356
1889.09833616997,3825.68583010353
1708.89917706376,3944.63400846393
1516.9081461739,4060.22444805077
7429.12985973491,8420.21906690882
1712.06503536066,9325.98999846632
633.084316663169,9098.55735871265
1473.75531110717,8656.42223744139
7353.40424434744,7470.2317259467
1791.20525691937,8932.01630524627
1662.52480007285,3624.15573960377
7714.03607778848,7696.32161442233
7791.89273828183,8230.2265192108
1433.09891464429,3976.93741365099
1155.18953514327,9241.67763775721
1796.37317269811,8547.00918275127
8354.51190987068,7219.26274006583
1448.35746886647,8805.51485210069
1227.09655813696,3703.13000633461
7709.70363701188,7734.09937051676
731.676503638969,3517.37245896187
779.553190245379,3381.97448521697
1665.27339221861,3878.21453657265
2182.66244876818,8645.4834364551
7577.55480056387,7332.01131233528
623.317875774044,2717.41302307421
7899.61056867465,6799.95596925692
1233.00127085108,3959.68050379343
1813.78500463826,3497.43381597919
7078.60879953253,8022.03860816414
7096.04031358541,7608.00799547101
7251.34020292304,7950.78276836239
1795.54579985599,8705.11488148201
1790.406678579,9006.97829447197
2467.96104627837,8535.23512176215
1808.05522242854,9345.11878837312
1309.84079457696,8472.19208074902
685.977704720303,8974.7045053496
1369.79329264946,3959.15385361463
1644.79312090592,9137.23934603348
8178.20903444328,4899.45859830157
7504.33857279061,7623.13739830407
1159.91055940165,3582.36450845513
7031.85181609602,7114.09617042301
2412.25054909521,4047.51350378255
2131.27921406859,8713.90080934976
6621.44048075138,6907.76149502702
6606.73937648445,7610.3825678089
1576.61457130957,3861.98218795974
6909.75237162454,7070.31219638399
8448.02699128589,7925.52605406731
1852.72103041565,8755.35537476306
1132.37293568477,9065.00547185011
7932.73112823814,7846.42250017748
1692.11152538244,8672.63157375145
1540.93707173476,9014.8587784139
3554.76765400064,8772.43159144264
7568.36582007166,5767.9134728486
8433.26488287123,7696.92786578743
7595.46193970532,7399.84654099147
2078.76092194974,9058.18609936053
1588.29768370451,8807.97104273901
1013.15515448894,3052.15131150138
928.635929528505,3337.51178837048
6113.63167497178,7745.79304707211
1832.51933038705,8126.4597672545
8097.17235053418,7200.67514475614
1301.72196566996,9012.90110129479
1081.40826167844,3220.38630392441
1624.79449336813,9208.07429104667
8558.00189842297,7912.38490384727
1666.99009545833,3792.01464059812
1258.17876911961,3665.45217508652
8526.75808204212,5456.49027487668
1319.07814811765,3598.3876714447
1915.65073235666,3313.20494464208
7884.75777417817,7502.01789916106
7661.03922964883,4091.12356960229
7776.35564831784,7248.20741040222
1881.37530654721,8829.3515593244
2072.10732801772,8907.06157534431
1375.21331257653,3421.32989074833
7164.2081171069,7424.45488934857
7917.43830387101,7920.77282052956
1701.86261095662,9162.99874979614
7420.0814933329,8206.89588362034
906.83692458983,3288.08225225969
1653.4425135309,8906.02010935122
1976.29002101297,8693.03003794127
930.500280756015,3444.7934555815
7615.15897787761,7106.86343487111
1372.1056960207,9191.01925999211
8144.48407089457,7885.50829219284
7212.25855832913,7233.28423647427
1676.0463688994,3627.71196631057
7981.53675963669,7222.05202635864
1116.05569364667,8852.42827388193
1966.60422447412,4999.72783143377
7198.44589477321,8142.05576345107
1152.29606467149,3323.7389342237
1102.96660277807,3269.11920485881
8984.66199564451,4886.93460658601
1595.232650469,9346.69469568811
7507.92953259482,7465.91788727749
1999.39218811482,8910.80615579799
7761.3904149761,7798.24939295069
1963.40209250587,9052.8043691406
1801.269718233,3537.26495026413
1499.57211662269,4068.14406413678
8065.12585329962,7613.55090641942
7588.87810833064,8395.01439008391
1624.76296280089,8876.70102662226
1158.19824040309,8028.83257408863
7622.60338275048,7026.62882017158
1608.65648406856,3749.15057999072
7768.92258661828,5687.65902452847
7691.89733298654,7546.71488440616
7821.29522270829,7556.33353192511
1453.24612259535,3647.02625329209
1531.15208981962,3507.63065429839
1534.10119520405,9100.71506925289
1816.78770229172,9153.27941050432
1900.33556430438,8224.61547642365
2575.73882767492,3678.34065036873
1586.57044800828,8782.731305121
1855.27028830113,8974.30414438354
2412.60006919269,9031.79402470084
8019.68434452904,7367.94936320036
7202.36176217252,8228.39411540233
6725.15251928275,7662.40314746569
1416.09742447374,3967.18377039733
1172.52957568999,3352.9072634925
1029.14473730124,3275.10784055046
1380.55771170334,4955.83490273827
4288.7280443249,8114.20463816011
2048.45846854564,8510.74021707653
7832.15086101292,6021.08493555485
1316.36478204189,3500.39551124012
1222.61675902394,3423.87515838528
1335.75319349951,9161.62404526198
6920.78535832745,7811.54436733608
7687.15229461429,7100.06780167992
1053.86571357214,9290.21364623024
1141.25334443694,3671.46584400317
1208.84886340959,9049.60892194061
8833.08299037663,6992.56968512797
8318.09399496035,7947.57640576741
7402.69171261347,7253.76056073891
1715.18353689716,9071.17663096638
2167.60976611159,8301.76086910707
1466.05197971406,8798.80319865603
840.298447601332,3204.06544416955
2019.69459809013,8211.17376283264
7832.02041227368,7595.79752200971
1546.78347405107,3877.13387969892
7599.75373011019,8172.31294740714
2243.26862728705,8979.8860132489
1197.79636687677,3587.39748125155
1048.09989266425,3415.4098436973
1560.51419833644,3739.01589393207
4446.10727471751,7458.15496756958
4322.74757195192,8627.9251166166
1227.08420601432,3769.52350895971
6933.87825607289,7471.67379310752
7131.22739939944,7912.21752640719
503.123925775479,3208.18829416826
4891.31016203242,4466.20463692027
7870.01887343634,8020.27846646213
1337.43052746828,4124.23678083848
5979.98158360447,8051.83793297788
1415.11216805135,5131.67995343957
6830.0853092034,6578.24027621979
2448.89903996659,3816.48408607353
2252.39614692175,8756.32689096984
1938.62178134642,8391.3048546318
2085.16824165651,3784.13123136011
1845.65832690685,3851.91076068874
810.329690336999,9030.61160346496
7860.9532229958,7188.59019547272
1297.17018653027,3573.80847663519
7742.09530089382,7311.45627985484
6890.02920162867,8330.48762264227
2180.56878834795,3706.20344631768
6998.42622140261,6960.99401781527
2310.47690515814,8938.53590778745
7297.3225518944,7825.06744880705
1774.97170165121,8986.69881697446
1748.81101808647,9084.2284215787
2103.7117373331,8631.73597778408
6108.0398724331,8315.36339962617
1112.22278789878,8892.92860708218
7285.56122515327,7035.93717712746
549.278063062466,3494.31321018438
7022.61623439305,5789.86234239675
1549.64186055852,8710.10354444232
7788.54998189513,7444.50728544997
1052.89557064043,8315.57837284762
6783.73409441936,7212.91535236164
7751.72853335877,8062.07282935842
1342.5390745208,3696.7811001137
7315.88423216313,7500.44944465518
1508.85286125798,8827.93619075553
1811.53081179003,3949.76630446167
1641.5141179517,9022.74654468534
7847.48970303075,6131.61278252499
1361.54153863722,4040.89158569895
8367.22845175069,7820.80903181788
408.776219132042,8959.04811650593
1526.35563202251,7917.99294131816
1608.08396798028,8269.42548149392
7390.23825104861,7272.82881529107
6520.87246016008,8660.19548881326
8397.64249872703,6584.99973431161
