"Marker.A","Marker.B"
4202.303103941,4733.23170044243
3918.62500168539,3737.93741975882
3811.08331670066,5186.52153628355
4315.52319074291,2643.3579944859
3748.72108763294,2159.89045930734
4048.47889461885,5569.2833446539
4639.78635175635,7064.12867145116
4537.52484816642,4982.21140991511
4778.94069688253,6202.33233093594
4625.73332066775,6760.47673788965
3995.62237251478,5764.21623295536
8789.02439368092,2574.42117132819
3318.20050333647,2406.76752103976
3681.7473943917,3193.26200971747
4239.74691081153,4696.63188696617
3716.68581812693,5522.73839850732
3655.3701114139,5232.04401843094
4222.17036661998,5599.00668602314
3853.49353915257,4466.40665362746
3606.83621427763,4761.47716270614
4495.43346384214,2821.52551775852
3756.81128717831,5298.70757175424
4541.976078138,4636.049415021
3790.49182150226,4675.43373033126
2972.75405127789,842.587411435806
3953.62934707283,4296.25266023432
4409.98941791868,6165.39169612662
7816.31654807226,6758.317216118
3887.1826281306,5205.33309787652
4377.15314673545,4437.08164190555
4204.91637898992,4368.25814395535
4908.32306468363,5182.48665146955
4864.39754517286,5582.58214232736
3579.1104612747,4712.94268259918
3970.65745638985,2838.29088278736
2936.51931607051,2762.76153482431
4796.02465790723,2263.04007804412
2840.37097113081,832.755551116086
4955.71316471586,6811.73905722685
3176.49712500537,4351.03820953067
3834.94566858175,6457.96143924534
4062.87704888563,5444.59474794915
4340.63394166769,3979.18818093658
4279.50558505737,5382.98896629429
2253.23179800356,2641.82366420425
3999.18950874917,6640.50509152027
4150.60819637503,363.836826592614
3935.356366481,5995.23727987823
4321.32634476682,2681.66254891034
7214.09714026176,1459.43919157688
3463.8060179686,3686.05012035925
4202.93527421611,2283.27222185598
4034.53393745897,3246.05865933634
4093.67546834409,2924.10681903669
4244.72077695169,5834.97175655167
4052.76631888404,7719.68285995184
3982.42158423828,6659.03207152868
4685.4383378682,6518.77140731606
1317.73992075396,1394.76464364489
3149.50117785917,6061.90125605678
3552.25435783871,425.726581977609
3813.44350909425,3434.22861216592
3988.5998453126,5392.02538302821
3563.28742835631,4213.95995394414
3787.40839934072,3881.94923291139
4281.32430972252,6524.73874063141
4392.79874144891,5904.47732002324
5199.11833376798,7183.53200036194
3891.05053445018,2956.95569500063
4644.55039670912,6038.48649219121
4409.57895468464,4389.79754477857
8424.8446452765,3636.94732279369
3546.08031452656,1451.36910480745
3061.12322971405,2618.80680713075
4182.01322403139,5559.90610658692
4586.64563942862,5823.77624090135
4146.66996618642,4791.59798801219
4212.00860114321,5160.32227058396
3014.34682999297,982.734486156377
8804.13637776562,3239.92091535445
4463.34921383922,3958.7287524268
3947.14867298151,5839.80245494981
8749.25034162131,2181.82755549501
3250.62984542318,3599.77961471409
3883.15471848466,5228.63411367932
4173.93121493363,5554.33668006365
3859.62262372334,3098.29612009908
4887.78835421712,6280.02141209827
3875.58230362195,8084.82682710545
3633.46825895178,6782.41404550495
4707.14612402668,6877.20931302918
4714.91452569629,5007.61528488579
3897.69282002131,5335.76195462633
4458.36098777901,4803.64640270567
4241.35439759697,5309.61935153051
4619.99800369923,5582.29798359806
3883.45059517187,5845.14480820279
3456.44891672106,5258.9253496519
2737.36031594163,65.8111605501957
4830.2107509286,5214.19868108865
7917.60673921106,3824.09417734122
3096.61284323949,5910.67172660888
2964.14587023728,887.08663673042
4162.31274247725,5459.25725381011
3996.49706797214,4747.95129176239
4177.19672160365,7412.22311484663
2861.42352490694,4016.35631187143
4390.72118253167,5812.92112372885
3669.7401408128,5797.51988974276
3994.19115171721,4192.875545372
4667.71581943491,6339.580997189
3633.5492895142,5526.03455519618
4580.25777612314,6262.34648542251
3054.69118911224,5120.25588975232
3717.59386783236,6285.70458668432
4131.70396164772,3063.91291385348
4701.43962722118,6222.05303132057
2941.20469514471,1110.60591434247
4699.83056857086,4206.06059498268
4685.22221215964,5822.52585792137
4113.40229409997,2586.58312265681
4181.71971349418,6431.64842548299
3808.09815703385,4832.5735076355
4004.87103808643,2270.14404627668
3166.86354984354,3718.2738048332
2662.40080701055,1914.7750125545
3359.93211297721,1680.17365021347
4345.51383998972,5463.80379347895
3834.83589526725,4556.42830821256
1504.1413651354,2936.38251842808
3261.76212428439,6639.53886726959
2511.76578686731,752.281809549022
4773.99076416711,4926.51629897183
3052.09234095076,265.404237476566
4121.79651799414,5617.4770034278
7188.94463546023,2701.78115608706
4154.9792094131,6319.80363420061
4731.95757907353,5349.57198429937
3456.54649476391,6290.47819962345
4838.83058381714,7537.36712665771
3716.20308844833,1919.66258498403
3022.04275766608,2127.21220543756
3824.16894402401,6423.35115972946
2270.30180625655,929.25587672995
4727.41070132257,7060.20753469994
3979.24173047508,5124.12036389978
3846.94376845714,5998.98842881817
3544.81842527318,6303.4928385676
4050.59371275278,5742.33601079908
3244.0801374242,5329.73753585196
4874.60775533113,6645.847021918
3741.57160600343,5342.41135346305
4009.73722453949,4921.91309669923
4167.93992014918,3539.53775267435
4576.49210379421,6557.81490129326
3685.86078892722,1233.07832667181
3843.49166555575,5530.97900165709
3265.00601173353,4765.3416368536
2872.8749951423,4006.58116701238
4717.46093617945,5019.89119570481
4005.07719672612,6237.34051724389
5042.15296443552,7471.72646018885
3695.22315328258,4691.28995656844
7839.41653347542,3624.61474937092
3937.85038092107,4207.82220996225
4348.01748227883,6388.62670929555
3847.2208275997,4207.70846189948
1926.83150446165,922.776994273567
3854.17989346079,4713.96556945362
4888.5866343944,5799.1110940558
4191.9347002222,5237.15887555839
4947.73736239388,4061.87837116358
3732.05072501369,6121.74499987682
3771.5813134584,2002.97796670102
4127.75600063698,6084.29271021266
4752.79350358365,5103.83134605654
2718.8338523391,6215.68779121315
4420.07277355192,3013.44640810043
4516.6834037824,5643.73293173114
3440.39093863787,4532.84313368046
4199.55698832309,4869.57122790383
3755.98049189206,6521.04467715048
3662.71086814275,6741.21102975609
3646.0358797824,4034.0874782957
3982.87391005843,4229.87284278507
4479.52487695834,6851.63502739196
4332.89836730216,2536.23015353889
3824.01873781532,6797.53112076173
4289.49769047057,4754.25944641081
1769.22376167542,1788.15396734839
3700.04442630484,3723.21782843886
7927.97487607056,2282.41974566807
4512.07197143422,6192.67093413965
5003.53751690173,4121.15379752502
3077.80170677801,2371.47496457487
4562.86000839539,6729.90134318776
3933.15049577817,4448.33424301487
3995.05827768871,6546.78937345423
3528.29800821359,4407.8132927874
3429.53034153865,7130.84931023347
4477.82139181528,6539.5716571589
4607.41184024896,3192.23912286303
3961.99702391856,4581.60468705771
4582.12335632874,6930.34699540873
3660.1429401495,4071.71017862639
2577.34672908728,5638.1068426041
3606.09327373721,1700.86036342116
4258.85994723604,5768.13779256184
3895.00563139963,6111.17404143362
3889.81346910099,5759.2722093497
4034.40447259627,3987.31503602358
4057.46869564403,5846.96350864138
8068.8978794515,4412.30274699722
2945.28750243301,4689.07334933778
5093.70176157248,6212.61870779458
4526.72961322865,4871.10534675786
2446.48947889296,1299.96927040684
3770.92419554868,7903.19273647745
3985.59620718609,4062.73084735149
3479.85696293425,4206.34475371198
2924.7856423005,1413.97379488849
4521.21892877813,6859.30731308313
4164.71333850947,5402.8234147417
3703.91975783868,5470.0552855236
3872.2042169093,4729.42388889872
3495.32301041445,7476.44298766897
3665.29419717887,1827.7657787842
4671.34617611672,5636.40189022829
2638.664119289,5961.42239109124
4023.76114198824,3054.2515170572
3535.14431520742,5027.56348139597
4071.12995171128,1230.57777213947
4380.23313738178,6026.83598428981
4594.94577641032,4318.58745178644
4817.68227974376,6456.48398299507
3128.71489374748,4105.18424608032
3069.33925408092,2468.82766066283
3499.56923833006,4804.15763470526
8034.39528096034,5326.1572204338
7173.26281126234,3932.35865320544
5002.92618873143,4518.35103848604
3212.08099916482,1019.78876331465
3916.0010869703,5408.50658932775
2417.84898161744,200.445557243723
4510.93519280944,4628.49087739261
4372.38849609058,4576.20567120096
4235.36406865999,4783.52779552895
4232.2272273817,5387.6492540259
3174.48857325293,1572.59113415681
4148.58634504149,5956.25087136004
3334.16793154158,1743.99572195756
3336.44248248413,1864.64953956213
3670.12949294733,6169.48366639963
1405.4321586337,1091.22635243233
4448.44568352659,5157.76484202024
4727.06896222074,5048.76163803088
4218.47459243407,5483.01283900874
4724.67672990922,5285.4658595398
8259.1061804217,1169.82457238633
1989.38349324581,4513.06577069206
3529.18058521099,7312.3134130502
4652.43398511964,6979.96102497389
4536.63643333474,4822.51420404715
4062.2124368826,5797.17864555445
3214.50322367768,1858.11388878817
5057.74963282771,6635.04899020451
3855.18567240282,4394.23033638464
3736.25188436622,5305.64112932027
3523.07422604676,1058.37758218221
2217.03166150204,3912.46754215427
8487.25790786652,378.442590564449
4048.40310909538,5380.77278191888
4153.25840009313,5155.94614158166
4017.63373122749,2874.32216737739
4403.76524889313,1539.11727813051
4803.05873957398,5073.54011008395
4300.49767690663,5302.5720459017
3683.75774390604,5649.30278110967
4292.74610649007,4260.27782682043
3737.43013798949,3581.19554924666
4283.42266291944,6020.47074418239
3987.975698134,5188.39732218114
5362.43226679969,4231.6348806199
3458.57449720548,4788.87014878194
4210.66673107219,758.646943942633
3294.72606365504,5374.97585927006
2818.71491381886,4624.9672245782
4803.747888743,6680.45772428914
4705.24584546189,5316.04125424169
4534.59603067231,4124.79119840219
4706.32079625267,5291.88776225098
4512.22931892251,5354.23227203099
2360.36307655956,8047.9428548999
4038.01068148846,5751.372427533
4135.43129774356,1044.6810891443
3568.95408536067,5237.67010755798
3570.81664806177,2931.15391323787
4206.41006711239,5788.14265167578
3969.0380736611,5437.43369425758
4204.75119272969,5270.12128815747
1194.6599156679,4939.53093791598
4057.76639423687,2244.74017130599
4369.52170561984,5577.97894005476
5036.44437811531,5172.37068527744
4550.31317692304,8495.32286573993
3735.65901905732,6231.14611065825
4221.79764278988,4543.01576247634
4075.42738680124,5493.75420811847
8646.7838411122,1985.70115824496
4300.88400015679,3639.73224748296
3362.45915446591,4458.507294666
3864.9027921708,5569.17001944639
3684.79836614272,5309.3351928012
3946.95178290483,6324.4068364732
4273.70262438344,4057.16142082821
4189.0786081397,5187.08985374215
4102.62448639324,2096.35244057875
4238.15985421695,4749.42874801266
4111.88753958984,5126.67779246351
4177.57014040436,5732.27713006598
4315.79090429856,5338.14897252352
4151.15973149339,5264.89268296725
4730.55290005878,4595.35805412699
4340.03451324173,5694.08611227668
4069.55343388651,6658.91832346591
4240.82536992442,7085.04309221202
8135.54980514015,4613.26005407305
4144.05172153678,4670.66011739214
4259.00144691066,4181.05462680407
3738.42680580464,5567.46506707057
2872.91352645531,1017.00405005301
3459.11896734204,802.464209429685
3920.55910538558,6398.74267548767
4076.20628386096,4530.74027451257
3960.20733431209,4513.06577069206
4854.11455824943,6648.12029175242
3708.41602661674,4330.97668781297
2132.08096196805,1760.87472933536
4570.27300764894,7054.29686398835
4386.75413930702,2009.51361747498
3934.91968576345,1169.02897022981
3555.98941687137,7352.32228556757
4084.52469685942,3973.73250247607
3961.97159690401,2781.17497819758
4179.41871476174,5246.25195489607
3699.14737373909,5908.96677423307
3514.10170735721,4154.968686312
3748.92204126952,5811.27325681205
4023.36222946539,3557.38287858902
4672.37302375297,5363.72325816074
3966.5669604916,5998.07886717126
4108.15271126553,6268.71172552993
3866.82472716188,6283.37423139089
4142.70590399722,7046.56791569342
4048.74522435171,6372.94131658016
3136.52605475696,890.269256784133
8391.25786992816,1482.17188992107
4062.74882891649,1596.74462614752
4740.24756996717,5273.58785551286
4190.103112665,4921.79934863646
4647.46112132234,3569.20379715695
4051.47397517133,5307.40274429984
8573.44287420891,2177.28101582618
4440.48357529385,6647.94988108589
3252.5383409103,899.305462090424
3314.32388259786,4805.01011089317
3882.21389065877,5036.65656073365
3477.42255455548,2629.20693205217
3939.90710086012,5952.55680787911
4424.64147127826,4069.60731945851
3626.08276500107,5724.8319176451
4036.94196716449,4732.37922425452
4354.87646369085,4988.17874323046
4373.5608833421,4498.23243130933
3882.52839601258,2652.73523255288
4063.07699125132,5518.07811077571
3244.11081486225,1702.96322258905
3755.02675402392,5433.85337883942
4014.60774800706,5988.30414516745
1169.46677090869,2717.01197940662
3962.3430714086,5268.64340905195
4735.21760009592,7122.83620320924
3244.02544604191,4384.34186631807
4371.61007111883,6816.39934495846
5043.16375649445,4054.94481359755
3715.122601029,4997.55598129744
4050.81178432174,5376.68081164588
4274.39402899349,4884.51789249409
7214.42557860856,5178.90633605139
3409.41690944204,1484.38828572411
4280.70598960641,5153.95703047654
2570.22975375458,3605.97402129973
4127.11174426879,5798.42902853443
3777.54685302981,932.438391069849
3797.25164611319,4266.64306692785
4599.39842186937,5173.73439346494
3936.53332271251,4334.04577123154
3165.02452519775,866.002122444469
3797.6281812222,4020.90285154027
3750.44460486777,4374.90754279208
3793.16299196158,5274.49741715978
4276.04130585923,6658.52083952909
2869.0452994215,2577.77420204843
3920.97764510547,4861.38728735782
4382.56234173506,5434.99001375663
4413.61325656926,5109.62826870536
4760.23167759501,2176.54207627341
4163.23591823819,5666.40896747157
4065.57739991409,8548.11972678642
4952.98573261011,5933.97274241168
3646.12481711412,2591.75485381563
3407.13077200339,3241.17108690681
4298.26239647741,6244.9561403313
4472.88961625353,3185.87388275561
4021.24029081609,4361.09751311903
5511.46129730115,5411.68899795383
3923.2209648739,4246.29738648085
4371.23727712367,3593.47103721042
3911.55350842294,860.716748936681
3329.11507861353,4488.74144517957
3436.83161511916,1690.0055633901
3669.90297291251,3873.42447103232
3421.52663052206,4922.42475155408
4697.27648903682,6842.82610678359
3133.81257293486,5208.74300262815
8388.29022402662,711.988091162557
8965.31107314989,1042.18053461197
2013.3860988348,470.680508810324
3522.73987662001,779.674689911012
3805.55421494262,3102.16080567417
4322.96266378777,4771.76353956478
4259.12436671935,5332.12455374916
3979.38304733774,1771.55901298608
3767.49662237232,6187.10150761638
4110.17181407826,3452.75580360197
2509.17747407273,2679.95759653453
3998.81957398868,6409.08613780533
4295.99156108877,6010.86600998986
3321.26341513469,2451.32356750885
3601.01835524306,5776.26464764884
4312.16807802542,4611.95300848931
3282.18709212519,6586.34452228628
4905.02633306825,7299.46876191732
3469.89665022159,4828.93652961358
1956.03671341873,1614.53298374461
4516.91797868065,6426.76106448109
4618.21154832521,6584.80998057699
4055.90606247717,6688.52791677238
4654.07598167475,6120.43795429308
3762.35421201097,4154.62786497894
4447.50096299025,5434.76294048634
4323.91167854468,2921.32210577506
3842.05846759637,4855.8745234383
3908.23072816568,1677.27518888906
4331.63280789313,6257.51578702436
3060.28066490911,4816.8310294611
3807.28511077341,3991.80491308866
3453.60171588444,5150.37671505838
3977.04908975611,4013.62804978593
3829.39580239179,5086.32725290256
4527.12653275468,7693.4269316485
4078.66835605316,5852.24877643535
4409.36431524474,2920.52650361853
3570.43981855834,916.582376260299
3586.98582493525,5480.11458911196
4711.92946615688,5929.31245468007
4302.74099179913,5653.84932077851
3901.7032093137,6343.95712619131
2632.43853222162,6846.23601153522
4375.81191814206,6567.07839129747
4254.44258385027,6466.20204239511
4696.87367614382,5614.74874134229
3455.4947716493,902.601724493095
4462.15808962205,4568.13547871772
3999.29596649588,4495.16377074601
3762.80825587223,5062.74207837046
4689.05419198009,3598.81339046341
4617.8416429743,6291.10360254106
4624.7318897547,6114.64103164426
4456.1380390756,6032.51915887586
2184.76909453606,882.767487473311
3984.75174176646,5158.90147693745
3993.91767575963,6831.51642021525
3779.43663937984,5808.03376272695
4406.92404655202,4237.94303526831
4095.04637435398,4306.08446769713
8987.44304331353,1806.85156945097
3682.97734883779,3605.40570384112
4257.64688841181,5744.8934393628
3901.60372387568,3487.70732730616
3507.3708677459,1598.39281020576
4473.63677160272,4655.99718867593
3878.16352267444,5934.42731180751
4037.62900062598,3884.05166922403
4107.82530360887,5700.4513523841
3059.05962857707,5995.80559733684
5056.42697067051,5155.54823478958
4516.02586727051,5099.22814378394
3921.28605885422,3249.52543811935
8310.78188939211,2073.44933156802
4687.81496817727,5577.35353713714
4157.86330189322,3454.51741858154
4238.05977813544,4094.7841211589
4090.11547703707,6169.02909700379
4276.12473809061,6637.66350422724
2722.54124913095,2148.46723610386
3857.14194639099,4369.67893760186
4855.44675748591,5460.05306739426
4431.86832016787,5064.27662007975
5023.24598702736,2835.79032825503
3922.12884463145,4627.75214926747
4503.98088647678,6350.09487017319
2831.73911713257,1196.08081783111
3837.70942943937,2141.079109142
4284.55641732999,4143.82983326545
4534.56163301246,6380.84067554161
3702.25854635532,2839.02982234013
2858.1813837843,1202.90062733437
4685.69098655752,5645.55163216972
4761.24683266357,4467.2024672116
3911.26219276914,5785.35772698652
4144.55809782843,6729.61718445846
4533.4160455613,5388.16090888074
3637.61541443279,6294.28601116715
8682.5647076538,2886.25683400809
4115.85049044697,4666.85230584843
3508.64332205156,1309.34650847382
7348.41194553366,1026.83596322964
4122.69887362021,4139.28329359661
4896.70722687221,6347.36703094294
4358.84054075189,5087.86179461185
7858.53169685788,3803.69183429045
4507.27857526541,5453.11950982823
3990.0476085646,6604.58734356539
3460.44587872519,5820.08217742042
4172.30437342612,7764.35244305608
3994.99065524325,5502.10855933101
4622.01908365052,5064.56077880905
3413.34432085896,4927.99417807736
4963.85866939676,4220.21144598879
3832.65950592413,5278.02064711892
4251.04347877295,4274.20160455625
4230.41701895769,6562.87267296169
4877.23873704679,1245.12663565147
3724.33424740928,3458.72313691732
3956.88028263132,6745.35966263286
4058.11506171595,6378.62449116621
4209.96756185116,3257.70916723773
3853.55431891501,5691.64243177573
3917.02005538169,2365.45075722814
3398.95240757166,5720.91078089388
4055.18906099935,6373.45254857975
3302.87817583637,1681.5375698286
2500.11397032233,2844.5992488634
3984.8628094361,5217.43817517375
5077.15408910594,6521.27217327602
7706.67874796552,2483.5472519828
8719.38795433888,509.496559518891
4441.40955218626,5525.12541640451
3692.86667622443,3454.6880406757
3970.91538425833,4575.23944695028
4886.6250587991,6259.10741419266
4980.03676677419,5478.52338479891
2768.35006530158,128.326074389614
7256.47667160168,519.726273773778
4136.24725357546,5110.70824101881
4674.27264181512,5078.54121914863
4186.72810430752,6874.48147379893
3010.0024944193,969.492668228122
3716.31016930871,4556.82621500464
3441.12948973584,3887.12075264259
4374.22942663705,4680.49192485495
3462.56342943678,3853.36252645937
4453.48767259547,3671.04637030998
4241.67793848834,4544.60738964463
3155.53356036125,5298.08259169188
3679.66487783258,6043.82842258894
3497.56536298554,5491.76509701336
3426.42136495793,7034.74699712549
3298.80832423964,1045.81772406151
4456.89442131137,5581.16134868085
3432.01058264821,5420.15709722915
3904.33980356412,3875.98189959604
2736.84618764299,5119.00550677234
3827.49017507706,6884.3699438655
4364.95064956405,3309.53980403355
8908.26674686784,3814.31945533741
4249.50222636478,5877.76639946881
3972.63986014853,4495.78875080838
4161.88818265673,4799.44068436989
4202.28231726414,5716.30715576603
5042.23509668835,4983.46179289509
3627.27386520896,2608.91791420893
4085.97193622888,5201.69569699935
4334.01633960193,2338.51255197579
4041.06001107004,4775.57135110849
3844.23200063885,2701.8946927222
723.953473090437,578.319846041462
3769.63831920322,5262.90357186214
4070.23183386432,3392.68456365638
4233.32589523037,5050.86449719877
4587.20627657289,4382.75023914977
3952.45607200227,5549.61972972828
4216.52785522183,5074.67674500116
3694.86529718922,500.630817736036
3167.04343154731,3782.60700286306
5034.29522987153,6490.52594505235
3844.75143144259,4446.45887997253
4021.35627791596,3025.09691600182
3882.44227955974,5761.14757239205
3994.03130496046,6212.33454906528
2622.95389135378,2539.92421701982
4049.22275586159,7697.68931258804
4208.58140999493,5645.77912829527
3729.36598598373,4505.9618024595
4747.3657939918,3813.6940524198
4209.36932148562,6037.52026794053
3674.00792809923,4257.66373565295
8463.24699170302,1921.2540007247
5267.7298252884,5632.02576122598
8011.41828309873,1897.21404536914
3743.23304203535,6626.46756572168
3903.51607964608,6556.10994891745
4599.64211886847,4303.24288040411
4421.11437744156,5925.95963538745
3930.89605805584,4285.51129112459
3682.74648974418,4183.27081117947
4697.20436155216,6464.7812487486
3301.74442718714,6007.51319069725
4684.01722920545,6656.19048423566
4214.72882004151,6090.26004352801
3568.19081005521,1538.54896067191
3529.58443988796,125.257162755994
3840.91005840162,2840.7914373197
4342.7810559072,5830.48230234184
3414.702965314,2667.73877117453
3358.06985377659,4846.61103343409
3464.00851690546,5035.17868162813
3997.25623334189,4712.88601999542
4304.01295096323,5076.04087604392
4470.10787282255,2971.95923362227
4088.33955698765,4585.07125441309
1445.76731703952,8643.59705983203
8737.25775965781,298.878146359772
4045.50429830268,5151.79750870489
3462.46112423783,5725.57064577024
4483.80788171444,6557.13283577189
3208.8285745275,5060.58255659881
4036.45490409138,5488.86642426132
4279.58318322169,6292.4106481248
3775.10584267603,5845.88353632793
4383.09638883562,5534.67306513802
4830.8619243453,5799.33859018135
5025.13306676605,4443.50354461673
4423.24077093455,6057.4113789917
3462.05872999201,3835.17636778401
3741.02340909405,5097.86401274119
3678.84730247742,5532.79770209568
4824.9643217941,6189.71559878386
4631.16278034184,5924.82300047024
4042.54610211834,3943.44084364823
8279.71078059557,2019.23188830265
4135.11366468942,5559.16737846179
3272.9035890358,5236.70430616256
4592.51045109164,5409.41572811941
4159.35691450658,2788.22207239875
4417.94215381694,2087.71414206453
3667.75968881115,5048.42039384257
2984.12363403967,533.138608082377
4506.72906831215,4205.43519206506
4082.32454140085,4982.43890604065
4640.40597292254,1010.69568397697
4116.68444887458,7273.83781367635
4052.30451145176,3929.85831010073
4220.75042350456,6300.99207260764
4390.87838430534,2254.57219019643
3937.38394822876,2560.49739359237
4461.95454067646,4586.66288158139
4480.9177905578,6594.30096670674
3958.9642395461,5141.96570124208
3470.36976144935,4525.68207998889
7410.44916467144,8666.04559944692
3470.67148680849,5554.50709073018
4864.87765739078,4168.38123204823
8324.05603876232,7907.05763348016
4202.79463002026,7518.83930093879
4444.57249071653,6910.85379114964
3336.84161253493,6616.12410340402
3992.2022082209,5296.54804998259
1043.28567787481,467.441067582133
2953.23672033002,145.943915606364
3518.99553033216,3789.48389782533
3226.19911696531,5149.63798693324
4661.5966440049,6337.70563414666
3847.18605432436,4690.83538717261
4588.34429195739,7139.82906436363
3811.26792319215,5313.25632955243
4295.08734178498,4527.61452849025
4694.68442641485,4447.02719743113
2893.82266894299,916.241343499611
2950.49244134411,408.790726996876
3952.63025962252,4790.12010890667
4219.31839301315,3248.04777044145
4838.00815068382,7270.0304249879
4591.16472833096,4250.61643002415
4187.68696225354,7201.14984157869
3913.84317030479,4731.18592673355
3586.02940039135,7087.42968725396
3944.73536399699,2860.91004449641
2033.41538129329,5238.92049053796
3820.46560527779,4185.3170077436
3631.15126925312,5034.15579477369
4784.12660329747,6353.50477492482
3072.81126485609,1773.66187215397
5121.89386937145,5314.33630186587
3091.85684123476,4530.3423677205
4775.17724903391,6199.32033297638
4563.97348812949,6227.05414038525
8419.92748044692,3632.11662439555
4614.23254536631,6670.28467263801
3377.12897133034,5170.26782610955
4335.46862466598,6601.12077621
3836.01697882986,6789.46092827849
3907.43477071371,639.016118906315
4172.12002109006,5424.53322623145
3749.91725153995,3706.3391382025
4297.87094205031,5184.13494124161
4194.82982909946,6412.60979061973
3989.60061715732,4854.16957106249
4132.15742250171,5506.42760287431
3163.44318212956,1707.1687294972
4517.00144382074,7100.10350486505
4235.93092056819,4739.88109927915
4826.44223869204,1364.58694430744
5103.94631073721,6011.32100224095
4422.32651588216,4681.62855977216
2468.21364127521,2058.55932958152
4392.9122741661,6051.44404567635
2977.89410483888,2868.75274085411
3459.55069535879,1081.56495563605
3956.76773512585,4723.17239685407
3534.41544939077,2668.76186945659
3536.64623736759,195.614858845582
4898.27294886997,4979.54065614386
4575.44499350318,7644.83578893779
4263.06835209474,4628.54753999637
4527.63672692056,4966.69642786624
4854.99626074208,5753.07737990881
2748.53933106732,2673.99026321918
5012.95163388705,6310.59680680016
3532.40339770159,6724.95689672685
4142.08037301523,5250.91224262768
4004.60946261986,3943.49792910724
4249.11613679906,6610.38426621421
4786.7435478126,1660.33941319369
2255.04039605231,3207.69723088051
4236.49728657181,5311.60846263562
8048.07640543174,1571.11357219273
4597.45627599156,3865.46802661185
7805.91487847264,2857.32951765063
2948.06310023706,596.335488336473
3796.70393388161,3350.91323044893
3174.68730796922,2466.3271061305
3886.5289707506,4938.96262045738
3982.90788330211,1536.38933318645
4775.12400692283,3646.94996377829
4557.19789026902,5561.55439635898
3532.77922263065,1595.26706418344
3839.42490670802,2835.9040763178
4020.95402306685,5993.24816877311
8858.64976601683,8676.50196411685
3204.88015135951,6270.07585657268
4742.34844673497,3781.58411600862
4213.27024448315,4968.11722151276
3805.10679366414,3224.57634397212
8525.43123969323,8713.32927371865
4129.54404551407,4464.13338379304
3236.71291327512,5989.49744268842
4808.715092996,6789.80217246681
3618.9249024119,3758.6810069979
7663.01679511976,2968.54932887064
5884.79670810429,4193.27345216407
3658.19088018058,6339.35350106346
3736.63868392136,5140.09033819973
3049.55375101096,2602.72329619566
4184.40292826683,5727.55975687535
8414.94876262627,8194.51209661619
3587.31087878501,6663.23778986446
2772.71695440376,6337.30772735459
4563.31282363589,6833.50553132037
4305.47821249461,5546.66439437248
4236.66106455794,5755.7485565353
4284.26514371111,4931.06283864067
2504.02954541571,4440.20738792787
4914.86009246631,4334.32992996084
4368.35737271689,6066.78861705868
9105.19530322793,1700.34891999394
3008.60449099737,7001.61375100463
3579.39236451979,2574.13701259888
4099.87694847797,4681.79897043869
4053.06363961622,6457.10896305743
4725.20957367845,5847.98639549582
4630.5300429183,5648.96153692135
4874.76450492711,5310.1305835301
4098.68413025006,5623.61474740968
3415.62336670428,1672.72864922022
3438.0698656156,4768.80820420899
4544.68131274218,4407.8132927874
2764.32773038463,5380.3177896678
3713.411867192,5167.99455627513
4150.60063344312,4892.75849564386
3008.41207872663,875.833982764188
3893.12344249754,1116.68689000678
3926.0331535908,6726.3210277696
1771.57164064013,2071.40334643152
4095.02497091642,5417.94048999849
3668.95311198715,5908.51220483723
3517.52008060564,3926.56215341187
3622.94176257871,4341.77471952646
3730.57951346488,5482.72868027944
3382.47573828423,1127.59866978304
3575.50596992767,5853.66957008187
4753.87695325391,6860.2164518748
4355.25104460136,5448.11840076356
4228.05803226246,4555.34833589911
3819.34574341739,4216.68821602964
4378.15811888685,3952.07935359008
4435.85807275281,4565.40763948747
3986.00880450522,4156.55989062505
4202.54368427703,5881.40337749073
4231.60243895669,3605.5194519039
4161.92572465722,2789.0178859829
4116.35070395789,6642.60795068816
4819.77054005467,7172.96146477399
3397.10707188049,4667.42062330704
2864.5031694008,5230.28198059612
4718.43323380888,5884.64287157583
2873.91104703008,4191.11393039242
7779.50260718473,2283.32888445974
4011.61139256261,5025.51728483185
4745.3876625797,4955.27341609039
2600.50411119018,723.240745128789
4616.11017971988,4959.08122763409
3683.01709632906,5367.41732164167
4260.44763365598,6709.95356953283
8396.97796076889,4287.10249543763
3382.60266443101,3387.68345459171
4311.44702647329,3942.41795679379
4582.67422434512,5681.63979079113
4227.68296515618,4633.77614518658
3967.45190996492,3553.46174183779
3996.53095956125,6838.90454717712
4888.31050730748,5420.10001177014
4865.84478922243,7139.65823084185
4385.55191603204,5773.76430454413
4493.25185432697,4719.59208143591
3867.6586280654,4572.51160772003
4357.89469944533,6688.1300099803
3439.08579779804,5870.15077638141
2491.49426677815,3959.80872474025
4238.72129970292,5481.705793425
4021.82123237559,4992.95277902484
4529.90656167386,4398.03814792834
4402.47957233656,5603.04157083713
6519.26964422243,7470.0781704168
3936.11955599183,2956.33050351064
3088.48856207779,2900.01020107737
3650.84164519307,4868.32084492385
4010.27129721652,6792.64375975983
4270.73506525128,5938.17846074746
3961.16735346955,5335.07988910495
3373.41429396595,4099.84189282733
5296.26970999912,7604.03025712576
2435.18693508826,867.536558439939
3917.89542652119,4731.98131746245
4292.846179368,3839.15458999424
3886.42839100545,6862.77388043852
3574.38212124118,3044.81740495884
5127.63479779444,6122.25623187641
8287.04296993109,2017.92463129128
3320.7153535981,3504.1885336057
4422.05997979436,5868.61623467212
3738.56725245946,4350.01532267623
4647.08965517367,6659.08915698769
4025.58231253004,5775.92382631577
4160.52290255643,6023.99439699679
3689.48552809168,2074.52909245385
4722.37732528686,4980.90436433137
4033.10534172041,2956.38737754202
3612.07035298131,3195.98984894772
4652.51333373486,6313.09757276012
4455.73423403385,5906.23893500281
4876.05961389885,7264.17641688006
4456.9001381601,5630.71871564224
4756.37130423391,5079.10953660723
4274.6936399203,5975.17575816053
8122.94447823509,124.518355345498
4606.71565940841,3773.34351285885
3535.83354102717,1335.09131049138
3977.36374757116,5729.49220537671
4077.55350196365,5032.67833852342
3587.43611507948,4624.9672245782
5228.18054036092,5445.21972801152
3925.31143766024,6333.15909447782
4041.00861997269,4289.65992400135
4099.83379732469,5463.57629735341
8633.27181537763,874.072209213895
1713.32059894239,98.3757456425623
3997.69324013529,5230.67988738819
3810.95374412622,6164.59588254247
4313.94014026647,4106.60503972683
3848.95565506966,5924.879663074
3861.67078217538,4306.1982157599
3961.46475887965,6801.28184684642
4188.14745675029,5102.69471113933
4274.72329253252,5519.66931508875
4040.6047546008,4873.37861659228
5109.8208843259,6863.56969402267
3335.77021819499,3731.2880209221
3486.56931333402,2979.12007588622
4261.57829513604,6259.95989038057
4702.22055368783,5971.82293886791
3402.11647048453,4766.76243050011
4967.92715897049,7375.11249222603
4251.51580103256,3945.82786154542
2977.46081439865,3927.8121135366
2417.11479302564,4376.72624323066
3846.37220378923,3441.90089785709
4066.26409122333,5173.05275079881
4202.38394670544,6171.18861877544
4793.14098447254,6518.31683792023
4145.63243368734,4862.46725967127
3666.78790650939,5175.32602063323
3955.1112891102,4634.28780004143
4312.11692998194,2073.56307963079
3261.84667748991,2259.2891405318
4261.5768824414,6524.39791929835
4062.64140896499,3848.75932418677
3891.97596282409,4800.91814062016
4575.58125107207,5849.00928235026
7924.34790621744,240.796096804667
3757.39723606478,4590.07278633302
4521.6335848114,3418.77029272082
4512.21606248351,5495.28874982776
4810.37549603909,6329.80585232995
3817.70311412993,4795.34871409689
3926.33969443351,6222.45093811265
3970.31227804225,2394.0939148563
4509.53775349986,5009.83189211645
4358.96976505955,7938.37175630719
3542.94012590226,1733.59549132233
4102.53334487077,4101.49018259939
3921.7182906636,4533.24104047254
4178.26633025138,5008.63817174023
2563.67367655777,2193.64847406294
4453.52880835896,4638.03852612612
8455.97792464373,1424.14663511199
3982.35420914208,2431.71661518699
4957.44483612094,7955.64877619088
4194.7827992358,5948.12401627304
4250.55786625275,5106.21836395373
4183.50701129621,5760.57925493344
4341.1717371171,6156.41236485172
3272.54013145782,4239.25008085205
3412.97346065478,3802.78227264353
4303.60012488652,4133.48637094779
2920.05840165895,4133.25887482225
4326.28657331602,5698.80306261205
4160.30604466447,5989.66785335495
2436.16294264067,855.658712983717
4821.71843277913,5743.07516177947
2289.8756844137,1696.48434013267
3688.83373603177,5419.24753558223
3732.02675320393,3768.96738385655
4310.18247171174,5056.26351305552
3792.37519679789,5768.59236195767
3442.65119463465,2771.11588603685
3573.24562755088,695.393189657152
3821.34792928665,5650.15525729758
5270.37121256297,6357.53965973882
3726.73635682107,6325.82763011972
3808.99133883223,3999.42011332081
4437.77373140345,6199.54740624667
4443.62013737621,6469.21404035467
4822.68968651414,6749.39454744685
3765.55651050815,1693.64275283965
3270.53347116388,1024.39217701487
3406.78826100525,5667.37519172225
3572.64867511949,5464.25836287478
8998.16576710077,1302.52669897056
3890.39804207523,2747.3032153792
3235.63302544916,2600.39315232985
4808.87813102995,6261.26693596431
2681.15937521862,843.951383907838
5128.7861622953,4946.63490614854
4064.21381293201,6478.64836388066
3691.0876814504,4571.03415146976
3019.00576896846,6828.33401158917
4552.08764112738,5126.96195119281
7581.33958373989,1558.61058810342
3980.69392562268,6595.83508556078
3348.05964095119,703.633792806922
3900.81448291509,2992.30491406927
4861.98470479892,3432.23950106081
3736.09700133408,273.758509403747
4007.20574050623,4747.09881557449
4351.65548050249,3015.89008860138
3728.70306457541,5250.85515716866
4959.919474931,5548.42643220731
4591.96187556427,5407.14245828499
3960.26648116288,3887.12075264259
3772.22334364283,1249.38901659101
4581.41784706569,6601.00702814723
2976.35419672704,4959.25163830062
3736.92161494892,7588.28820180661
3131.50071914524,1388.00170817301
3995.71401578865,4217.88151355061
3728.95571723864,5367.3035735789
4071.81931208079,6658.91832346591
4129.77674128749,5196.12627047607
3698.94276871632,3478.50049990571
4788.15802338888,6975.58489597158
3642.383360179,3739.35821340534
3961.23188190554,5051.0349078653
3758.91925060882,2736.78934239501
2829.28514725659,1577.19454785704
3903.06907290804,6205.51473956202
2754.54255051278,5385.37598419148
4758.27998141348,5238.2955104756
1052.97621189737,2560.15636083168
4064.01318805096,6219.15435856854
4076.74984451346,4362.40455870277
4144.42342352194,7235.24888909498
3945.18927867782,5102.58138593181
4192.78579313355,5029.55259250109
4811.11081805996,4420.88459433531
3052.59057467655,7104.76336974141
4120.2918975105,6407.32452282575
4855.65968559024,5595.88094000081
2563.95002142048,4594.05100854325
8181.12203303819,6246.54734464434
3905.2432620886,649.132190812243
4440.95145286893,5160.2656079802
3953.53248899431,4894.12220383136
3588.86116151058,4915.49119398805
3812.67389263608,6045.81753369406
1804.0205312901,1453.98330168875
4413.10849744545,5329.45337712266
2786.43881278542,8614.21453979586
3924.67383290339,4373.4300865418
3943.7045502752,4196.85376758223
7433.5084767211,1175.79190570168
3985.88397249987,6665.62480776165
3828.79840964158,4915.77535271735
3924.0697172273,673.626662706731
3950.54762468792,5472.04439662872
3696.43031280228,5343.37715485848
3744.49220390222,5480.39874784126
5527.58975557683,4148.60344620458
3678.5878732188,6427.8976993983
3557.17839227077,8514.87315545804
3514.9870702741,481.592182872774
4072.14043434168,4371.27056477016
3833.0098995898,1277.97540590159
3838.64112173477,5728.01474912644
4141.85587409999,6307.69855690337
3839.22694727052,3310.73310155452
3090.86978631151,4716.86424220566
3235.51783208702,6625.84258565931
3563.08040849996,6625.10343467892
4147.63793481552,5582.35464620182
3713.51858893381,4123.93872221428
4266.81869386446,5383.50062114913
3869.18620984294,2167.10796417505
3372.67441330838,2330.61298158671
4268.56006971306,5763.47750483023
3054.36992139611,5684.76553681346
4327.60875186408,3694.23363805001
3757.61121156011,3071.41478887812
4805.69844160821,6260.81236656847
4127.77423383429,520.976603896852
3908.89932694575,4462.25802075069
3392.05445351004,1641.9258641066
4271.8111323209,3471.62381637107
4366.8229701411,6559.121946877
4548.42142961906,6378.11283631136
4637.18199660179,5948.40817500234
2672.78384304965,413.053107936412
3991.3369775921,4793.87125784661
3163.65758043724,856.795347900926
2055.2046822354,1634.935538223
3995.44396961481,6199.09283685084
3648.26657306367,6123.50661485639
2337.82446403495,2447.91366275722
4151.53744443442,5165.09630637834
3744.78898627959,3142.96591463094
4297.85986440567,6577.76267494819
1735.15460511255,2850.50970814737
7885.15752005886,5952.50014527535
4485.234776686,3538.17383305922
4049.41901480758,5048.02290990575
3698.37652602917,5622.30770182594
3911.76731092215,6520.87426648395
4071.50675646852,5200.61614754115
3131.96795137817,1444.32190489246
4012.47686704702,4549.89265743861
4638.24857858876,6139.98782115593
4335.91725402614,6121.63125181405
3768.68993337196,4092.11294453241
3751.36280076235,6310.93762813322
3740.37080235929,5995.52143860753
3621.30427273035,2962.12721473183
3525.87933154532,1607.42901551205
4275.71304279909,4910.26258879783
3136.68538893599,4578.36519297261
4500.56362199984,5838.77956809537
4417.16669828314,5522.05633298594
3678.74116546507,1224.43992244378
3534.39522266237,4730.44677575316
3846.04199720673,3929.63081397518
4489.70127722666,5513.07700171104
4861.18400986349,5428.45436298268
4950.36256346954,2846.87251869782
7897.72857101454,7594.99384039184
4362.78289749225,2716.84156874008
4867.44324313637,5793.6554155953
4233.17854593991,4461.40554456278
5076.41386163724,3774.36639971329
4108.51021875137,5738.30112598508
3930.34045999892,6627.20629384681
3699.08590374317,5457.04064657945
4038.45133397489,5389.35420640171
3490.14825495761,5962.44570080093
3609.44378169676,5387.30843269284
4269.52452756345,5384.01185314873
4627.46400217999,2344.99132871836
4640.74048933282,6639.59552987335
4816.36771327125,5721.81991968554
4262.38230114973,5952.61347048287
3546.14315522783,3559.65614842344
4447.08879315635,6252.91258475177
4450.07263969832,7046.73832635995
4658.86708201465,3008.50196163951
4430.67751457784,3286.75023165797
3784.83878194194,5456.30191845431
3110.06464335095,5459.02975768457
4166.97787408287,5499.20988657898
4021.78630493101,4299.54881692318
3268.90368137353,5160.54976670951
3469.40712090267,1241.03477109228
3836.16820098569,698.518935679479
4937.00707464147,4239.7617357069
3907.50240809199,2128.29196632339
4191.34873145091,4876.10687867778
3348.6823577017,925.163906456945
7440.95964224996,4672.76255370477
8988.97605246896,2500.82406043886
4360.70566945066,4919.12817200997
4202.28454411954,7345.33248825304
4418.84997251405,6967.28763021805
3468.4892035576,4386.50138808972
3129.96512265549,2815.21715168248
7769.77562153968,1451.76690588571
3411.09413900433,4805.80592447732
1651.70709155748,4077.73459740076
6695.29990277379,1519.22616707935
4573.47024567573,5400.37973424075
3592.68667945006,3095.90931362951
4309.4924290902,5074.56299693839
2378.25143280289,6028.08636726979
4448.40096406077,5413.22353966312
3749.40673439831,6299.74211248291
4079.25846291444,5806.44255841391
3622.82466509176,5204.4235362296
1790.70254204651,585.707920146418
9227.19698967418,3537.662389632
3661.9151452944,6317.87118569925
4335.04775051961,2859.4892508499
3484.52845828764,1266.26802396881
4154.06248960905,6202.61648966524
7889.76747945548,1346.40078563209
4954.54078877813,5088.82801886253
4328.61589041531,5312.34719076076
7786.94223651844,864.694971146915
5130.81625552974,6920.96975734175
4677.56860828378,5114.34521904073
4095.5127438301,2456.38155060491
3381.77598955381,1636.6973646302
3278.92187761362,4201.40030725107
3990.82465597538,4736.5849425903
8283.38914794879,4777.21964088054
4301.27494603784,5730.11718543907
3816.29633922726,4830.58439653039
4036.64327089446,4543.64116539395
3505.79886264971,5105.25213970305
3645.56622652627,6181.19083690479
4262.28878182098,4489.08268936789
4185.6766579932,4330.01046356229
4517.0888049927,5177.99677440447
3858.56842091796,4397.41316786598
4200.2776717454,5348.889918778
3857.88153449508,4180.82713067852
4045.08642547308,3859.04570104541
4400.50523610426,7090.21461194323
3978.89826766789,6444.37890569784
5020.39305775925,7245.87693299719
4062.03947170004,4422.70329477389
4556.74475056056,5367.81480557849
4290.32094150366,766.944368266883
4337.17050376135,3438.66140377199
4196.18413818122,6687.845851251
1948.47182710516,2309.58523561833
3169.70530445889,5902.65861958465
4917.45065988811,5356.67595253193
3271.78499813985,1506.89369937038
8039.81188671969,6999.28381856645
3382.15172697213,2355.05063230672
4061.35008675206,6257.91369381644
4919.64428875803,5879.86883578145
4241.41415968871,6438.97988984109
4421.46877287965,4292.44484869061
3463.66738082543,4641.22135760746
4710.94800498615,5525.75039646687
4453.17318290644,8179.16752523386
4383.81017347812,5013.98052499322
3878.74409417134,4655.88386346841
3746.05171583736,5283.47674843468
4466.33549267742,3635.46986654342
2743.06536036663,2979.06320185483
3241.26666748314,477.557139488061
4373.39033575037,4566.37386373815
8491.87677096619,1226.82683462716
3845.72298590216,1320.31505656765
4058.59849596605,3396.54903780385
4525.68656307438,5596.22176133388
2910.20566684743,2690.92625034218
3748.31860650847,6419.48626272674
3777.23057627418,4253.62885083895
1978.94547860561,462.667243215377
4347.72763532739,1691.53999938557
2830.32299142264,7422.85115874884
3456.54821733634,1298.60535079171
4679.0906079897,5510.74664641761
4408.43483281418,4982.49556864441
4069.5999043856,3732.53840390208
8366.19230443578,3926.78922668216
3726.94880236552,4935.15480891368
4404.7071102816,3603.1324340067
4425.93107677587,6369.01975697368
4359.8549712997,6814.46689645711
3462.84014531554,3943.2704329817
3959.7365894107,6887.72318601337
4349.1887427161,5139.57868334489
3852.5423983451,6009.44521634335
3698.80553183867,1704.21349985522
3364.94995519566,3376.65792675268
3253.01945380193,4603.65531988052
8486.92190583318,2787.48334427362
4330.95978743431,5420.27084529192
4147.69457310803,212.664382603727
3656.62241857568,3896.6684013761
4084.52858621863,5578.14935072129
4657.49066478136,5949.20356573124
4411.59668430237,5405.21043263889
4281.19755639215,3720.03541981277
3353.28192022779,3401.49348426476
4541.85279979153,4905.48855300345
3671.42095579618,4513.12243329582
4395.62097091412,4014.87843276591
4156.98761428387,6143.8522953034
4187.94848522109,6783.94816435898
4805.30288978591,4500.90360793582
4283.12330229234,4556.25789754603
3581.25652692735,2171.54096720874
4316.23685285676,3902.52198662868
2259.72118166198,1831.00506144167
2932.86178953278,7457.63184893125
3595.9240120386,2292.70612252672
3758.38924329393,6053.71731551077
4050.46573049404,1901.07873094422
4344.75694874981,4421.6799850642
8424.35116194302,3534.47976957829
3826.82730440651,4394.68490578047
4041.33788852566,4271.70126145154
4038.54064848043,4346.60541792461
4357.71615839085,6581.28632776259
4438.12039974113,5561.38398569245
3972.9368307458,3928.49417905798
4187.38709322465,5496.48204734873
3829.1079026296,900.328454658676
4223.44755261311,2622.21671188238
5091.05037582032,6697.22308931798
4627.56183188091,3812.15951071051
3252.06011402034,5222.09846290536
4730.5158312739,4531.53608809672
3502.60304767205,5150.03589372532
4498.64124237177,3867.28630419518
3828.76483294269,2777.42404068526
4235.76593491405,4791.71173607497
4198.63449220692,5017.39042974485
4039.5684432745,4596.89259583628
3484.4922529062,6198.3541087257
4236.58444598176,6321.50858657642
4319.93205789403,5553.88211066782
4175.34154729903,4692.14243275635
4332.95232906823,2719.1148385745
3985.46115602641,3012.93496467321
4842.13582013571,5741.71103073671
3759.64392840496,877.027438855877
3458.74846196772,5316.04125424169
4427.15031421688,4822.57128950616
4775.17171733128,7085.09975481578
3825.79582507478,5033.70122537786
4540.04255319042,3857.11367539931
4530.45623242996,6435.05833023462
4265.37326471484,5562.06605121383
3794.55278881057,5007.16071548996
3958.26999343931,5803.31681239158
4369.13050336386,5381.22735131471
3450.49206771687,3191.04561391444
3641.32145350244,5402.70966667893
3643.67266636769,2059.86658659289
3628.97317666607,5018.98163405789
3770.21743040664,4696.91604569548
3760.78681062031,5484.71779138456
4111.73211928254,5055.9222688672
4234.64039233587,5475.90887077618
3229.61890127747,2227.86126964201
3807.97648768341,5661.9761758655
4333.40909811307,4991.47532277457
4354.85898739944,1190.73867600575
3889.44795782819,4294.71811852503
2462.98043532719,1388.22899287093
4221.15398779946,6905.68184856318
4252.05041138305,2817.03585212107
4283.84393542696,7386.42133308387
3746.61822977364,737.789714354598
4150.65212880951,5930.61992311906
4056.26497623282,2878.24372698386
4318.85803004515,6220.29099348575
4367.57196718219,5137.13500284394
8885.31208697922,2146.25084030083
4170.72994555447,4213.16456321524
3854.06962989047,5662.88531465717
4649.78957087605,6373.33922337223
4498.24146881622,4420.65709820977
4836.55222901728,4632.69659572838
3435.9853498528,3285.67047077214
4297.58679778,5295.07017087707
4214.21496643826,4317.22332074368
3029.95540439693,5092.52208234346
3417.02726554552,3095.0568374416
4088.11519390652,4263.9152276976
3362.4517436373,4269.31424355435
4710.06474224991,6503.42683593373
3463.6625458358,4169.8586882985
9012.54395946734,2660.80542503612
3967.02801057988,4753.91862507774
4259.83808396155,3485.77487880481
4087.55037351996,4589.78862760372
3870.68421147266,3056.2975021937
4551.32920761736,5104.45674897416
4091.79352268612,2997.30623456157
4213.1170009118,2641.3120093494
3485.20534644321,4734.93665281824
5157.87476390596,6702.84960130027
4579.61232010762,5573.88696978176
2771.90636828736,3272.03085176563
3242.81231702457,2986.45132881669
3788.28918898532,5596.79007879248
3886.87603344827,2609.5999797303
3447.83719270267,6313.26798342665
3987.15471504907,4528.23950855261
3100.23305211142,5058.53678288994
3746.20935437376,4741.64271425873
4978.54746015298,5728.52598112603
3622.72374251756,5765.92118533118
4042.1884384625,5854.74954239532
5478.81395620024,4792.7346229294
4741.03314751905,6718.98956341149
7223.01946442197,2214.22165063549
4201.49018733357,6237.6246759732
4560.186888406,4716.52299801734
3792.01814179053,6691.937821524
5770.25160166075,1193.92129605946
2455.95915157895,2930.92662853995
4396.95299480007,5663.11281078271
3383.04489982467,2031.50758769403
8475.502529521,2648.75701034265
3949.74074838182,4308.98271759392
4293.97507533382,2444.16272524491
3845.49098462742,3732.93631069415
3835.43035950508,4896.16840039549
3289.05562665513,4367.86066001853
4113.89376414771,5367.3035735789
3209.21792615836,3265.6656116582
3240.02363446198,3308.7439904494
3793.5655472009,6074.57465081262
4592.36303130509,7032.58705249859
3698.98104214575,2119.31263504848
4448.61261464467,4376.6695806269
3870.96077851118,1199.49072258274
4017.12832467266,6334.97779491641
4290.82778424154,2940.92905809692
3833.20479752369,1933.41595205331
4260.73640050791,5931.9269687028
3779.81291171689,469.998496145854
4012.50823346158,4148.26262487152
3833.56141255771,4126.32574011147
4805.91636957728,6362.19994747043
3445.47405705118,3673.66088433272
3725.42176205252,5444.25350376084
3670.01067806285,5181.46376461511
3678.98073840305,6681.0827043515
3758.93816796469,1281.27166830426
3878.06499159014,5523.64753729899
8259.41256894893,5625.49011045202
4249.55189948955,5924.36843107441
3642.92845486399,6513.82696085515
3668.33281560807,6331.56789016478
4040.21595228495,4333.13620958462
4240.18503365284,5521.65842619387
5120.33759360596,5457.49563883054
3835.53104456015,6367.31480459787
3330.4405214282,6300.8216619411
3775.7768158724,4979.54065614386
4539.49526207491,5416.00846435238
4153.3733147353,5064.39036814252
3738.08852656274,5917.77569484144
4187.36870473689,6947.62359243717
4177.60060015348,3346.48043884286
3865.61585530109,6080.48489866896
3577.47194081333,6023.88064893402
4429.05093516057,5417.65633126918
4331.13851090691,5248.41147666771
3693.95359672214,1580.54757857728
4196.47330485619,6769.74022789386
3702.60758706705,4075.34757950357
4830.98038018022,6389.30877481693
4065.27430567279,4304.89074732091
4205.79517334125,6496.26620509741
8588.14146964586,3749.58792766022
1907.7328202782,6079.40534921076
3565.44265720421,4857.74988648065
4174.4063028627,177.428700170227
4594.30080123876,5543.7661444757
3933.810352688,6585.3782980356
4220.6924101733,6393.96906254854
3188.93727917115,2248.66151948484
4127.47424839338,4686.40217271129
3373.71352863431,5504.66598789474
4132.8664875054,5356.90344865748
7735.79988449379,606.849361320662
3549.49503349293,6724.38857926824
4186.00274173685,4850.47550758155
3920.90635563739,5277.11150832726
4727.45656673781,4956.18255488206
8001.08962902189,3288.6824687317
4707.06911838331,8625.29673023865
3179.33648828028,6075.31337893775
3832.43484980622,3323.23608564382
4117.40890169362,3432.63719642525
2879.62290233623,5717.38712807948
4631.1110627827,5947.95360560651
3595.96899144654,4008.17237132542
3788.02988019182,6078.32537689731
4414.67221472767,4030.33675221101
4185.89740287218,5920.21937534239
8108.12499396308,2976.96034268694
3645.77626836984,3329.54445171986
3361.51371331176,4681.34440104286
4378.87749733441,5456.13150778778
4958.79573118376,5567.52172967433
3760.92791983314,2145.39836411292
4123.38816391767,1588.21986426845
3923.60829676216,5323.48604380731
4004.68431801853,5339.62642877379
3100.77917955193,2692.63120271799
3799.17521521432,3601.31373356812
3919.69192196132,4234.47646791292
4294.21092768931,4859.56858691923
4418.96302927277,5543.93655514223
4157.2654438317,5059.21842555606
3935.67945059692,4049.77329386635
1494.44480229726,2072.59685538011
3805.14947295821,5422.71452579287
3705.44578033706,6079.68950794006
4112.61873141062,2504.23396519049
3763.86724991885,4018.57249624684
4087.51335192431,4280.05561266408
2691.75754992877,2977.18762738486
4357.58643732517,5649.07528498413
3484.47345338779,5012.95763813878
4507.77890731041,4836.49506724198
4108.97473145677,4153.37748199896
2571.89420683888,1082.41743182395
3817.45490378023,3334.03411735731
3807.17487757308,5503.47226751851
3370.15251685375,3757.88519341375
3725.53182451822,2023.15323648149
4097.57899676243,5628.90001520365
4449.91055380575,4826.26535298709
3904.22883589511,2102.43352195687
3294.080506263,1692.44934960486
3891.27872079938,2848.06602764642
4226.48891147825,6647.60905975283
4100.36142763219,5026.76766781183
4199.61478524882,986.599066017653
4166.09382118803,4581.71843512048
4332.83682142787,6760.07883109757
3828.26378014224,4230.66865636922
4658.62211655422,3686.22053102578
3682.60661415406,4758.80598607964
4273.74814743375,5058.65010809746
3645.04122511504,4351.2086201972
3327.59603913273,4572.85242905309
3895.79542907822,4101.31977193286
3840.56207311112,6383.68226283464
3956.51422210799,3107.95751689536
4110.18523627283,6581.34299036635
3636.58183546216,3147.79661302908
4721.06136072869,6399.70889973835
3237.21021098889,3227.41793126515
3881.24225560232,2215.81285494853
4529.71806015463,6335.26195364571
4353.59001367588,5592.75519397849
4132.85505274586,4758.0101724955
4260.28528526545,4839.73456132707
4424.1732772235,4669.06849022384
2649.34628643453,4641.22135760746
4953.79697141198,6827.99276740085
3781.031743664,5793.37125686599
8017.53584268609,1580.14977749902
3502.58184090025,1186.87409614447
3115.57300969384,1082.41743182395
4973.8616279927,3938.83764137563
2992.65474709146,5168.50621112997
4415.13040784142,8547.72139713909
4487.58336187896,7025.08560032921
4738.63161631986,7154.37782216181
3960.15771100382,1490.41249307084
4385.37350500032,6111.0607162261
3103.24981172307,5740.46064775673
4991.0948071382,8813.23982122558
4208.64015408741,6869.25286860871
4305.82155751293,4081.14450215239
4495.98602659899,6725.29814091516
3827.57777832906,5816.67227266879
3704.18602585592,4188.2723430994
3930.67211504375,4551.02929235582
4678.25845072501,6096.39778750989
3478.13673650447,6466.48620112441
4645.68174192312,5096.04573515786
4277.85520904512,4751.19036299224
4360.26734632059,6773.71845010409
4078.65728765026,3547.77856725174
3997.7105024819,3768.45615185695
3697.13398061381,3480.035041615
3441.93180060481,4650.59859567444
4537.26771567525,4771.8206250238
4110.67706370756,5735.97119354691
3395.30479711573,6832.0280750701
8048.24743648341,157.423933555873
3767.3447389044,3492.253866975
4838.26659599095,7558.73569395916
5185.63634340787,5221.53014544676
4028.5682903293,6348.84448719321
3698.4447863893,4848.77055520574
4789.15505129287,6848.39553330687
3863.03870824227,5138.32830036491
4041.22946806895,5005.00119371831
4367.74585000665,2155.28704560712
3863.6794508272,6500.5852486407
3494.02985601411,4527.33036976094
3881.51258834447,5592.75519397849
3707.7077457718,1717.51208610105
8721.54938355878,684.59515794366
4407.89556805181,5995.12395467071
4032.11453951792,6613.90791902861
3524.80685371046,781.720622190609
3608.84381134596,2264.23358699272
4009.95952691323,5893.56554024698
3610.30917575741,1170.16560514702
3576.26735560614,1459.15503284758
4848.26681155927,6121.29043048099
3913.03927498228,4949.19233471227
4714.51510868489,7002.52331265155
2955.11472891042,3377.96518376404
4472.68918178468,5141.79529057555
4375.44307510388,5023.6419217895
2792.33946362924,4000.32967496773
3941.34625375282,5819.79801869112
4493.58995912795,3391.1500219471
4129.31046494224,5106.3321120165
3441.6204423133,5278.58896457753
4044.36994793513,6079.06410502244
4910.16494159633,5499.49404530828
3559.49659209825,4084.27024817471
3807.03806263789,2722.35412123198
4096.73374701703,4661.56703805446
3794.16527148776,6789.63133894502
3965.06156740374,2495.1977598842
3709.41831687993,5913.34290323537
3759.65955160658,5499.43738270452
4025.57294887857,4282.0447237692
8402.43831428631,2487.01381933819
4339.99817244696,6772.63890064589
3422.46762139213,6836.1200453431
3580.94358693834,3667.57980295459
4322.04751266469,5258.98201225566
3766.79145082379,5572.29576546871
3944.96149340072,2465.47462994259
4825.72379988286,4074.32469264913
4685.61884836984,5003.40998940527
1617.53453996598,3590.79986058393
4949.64308976645,6418.97503072715
3836.82124561844,4332.45414406324
4366.63831252336,6602.65489506403
3532.63677776376,3647.91576517372
3578.35750050841,5733.92499698278
3952.69944225974,1381.86385847732
3817.3345859705,2322.99756992693
4033.51875605145,5610.54344586177
4077.65309475023,3705.42957655558
4305.52708520347,3241.85315242818
3092.05352386296,4432.08053284087
4038.81319904768,5461.13261685245
4428.35362142497,4999.94299919463
3299.88244453569,4792.33671613733
3959.49611973945,4736.18703579822
4314.72282296441,4000.61383369703
3976.5072504003,4946.18033675271
3662.41513195521,3909.39888159095
4116.39460904046,6210.57293408571
2887.78250315149,131.735979141243
3575.64765048116,2496.50480546794
3762.42103154137,4851.83963862431
4238.00647685529,6115.6639184987
8377.85097199976,2713.09063122777
4318.62497144753,4480.84208621812
3328.3249153118,3163.7663759014
3622.70262939571,2647.73412348821
3818.27351964357,5217.21067904821
4453.8825672954,5696.30229665209
3885.97824392283,3910.47843104915
3570.98627424386,884.699724547043
3369.54869435034,6261.72150536014
3826.52010966568,4881.67630520106
4171.01756697743,1599.98412023262
3476.67503522072,5813.54652664647
3919.19048394065,6835.09673563341
4290.25178460346,389.013284723118
4468.15836463386,5506.88217227014
3743.4576481865,4329.4992315627
3178.11553350673,2227.06545605786
4361.94258873828,7562.31558652206
3848.08414111139,4406.96081659949
3987.35240971742,3201.95718226307
3701.41221798799,4774.49137879504
4110.83514498418,5326.1572204338
3399.17944486018,4358.59674715907
4310.98429344129,3492.65156233945
3021.9729887424,6621.9776886566
3477.21723707873,2987.5879637339
3854.10551349801,5031.25754487691
3118.76984317937,1458.52984135759
7995.86482938218,3846.14523301929
4153.0126037241,3634.38989422997
7995.52203685617,657.315919930628
7567.16976570007,1551.27922945913
4241.90488539964,5452.60785497338
4211.24182250628,4859.34151364894
3805.89899802382,3486.62735499271
4863.85050644588,4826.89033304945
3976.92249204942,4269.71215034642
3986.55600004898,2276.79323368578
4439.1670633435,89.5668250341873
4267.24078030072,5194.81922489233
8569.84696650797,490.685262210452
3122.16648664297,501.142314020162
3843.80681894033,371.963760964973
3158.98154699152,81.0988975438202
3103.79719003671,2185.35099688179
4035.53417222906,4827.28823984153
4578.9849492737,6128.56480938008
4264.87782393491,6506.55258195606
4213.56364147751,4251.6964023376
3626.40195814923,3557.72412277733
4233.37411237133,1539.85611196946
3261.32299106448,5814.68316156368
3403.79617190671,6494.78832599188
4224.31101603214,6516.89604427371
3308.13536447493,424.646794663332
2181.4903120482,5364.46198628587
3910.99665587837,4940.15591797835
4622.29149919375,4791.14341861636
4455.58312973888,5051.5461398649
1624.46765133084,7033.7236874158
4367.35385123451,6580.03594478261
3025.15270901539,1686.14098352882
4668.71356433877,6391.29788592204
4296.17580014841,6240.12544193316
3668.43690662089,3442.81024807638
3466.58351765965,2277.87320599923
3648.19655670093,2812.48931245223
4679.21840533349,5210.22045887842
3985.50045238967,5911.18338146373
3142.46384975068,3199.85453452281
3199.04699342442,631.627991944452
3982.73631454084,5600.19998354411
3356.73151090735,4870.65077736203
3969.31866378488,4363.14328682791
3205.14729311302,4560.9748478814
4102.48909434562,5831.33477852975
4347.63807392437,4546.82357402004
4002.92765626603,6392.6620169648
4189.70447881064,2578.45626756981
3369.68250952374,1243.3080409267
4928.58842756662,5586.8445232669
4457.69058596344,5387.76300208867
4003.55099798988,7725.08187580859
3652.12617373331,5953.97760152562
4421.60844226105,5328.26007960169
4084.22063491701,5335.5915439598
4375.03482303809,4178.83801957341
4119.57812709197,7057.0247032186
4346.23846920942,4363.93910041205
4036.59706321051,4070.68729177196
3092.15131408448,3593.13021587736
4663.82420322388,6877.26597563294
4339.24235202534,4221.23475569848
3497.68003325291,3799.03154655884
3574.87884946188,5935.4506215172
6926.73842296309,2221.78018826388
4303.91421720335,2807.94277278339
4312.11658970066,3962.7636372408
3964.27402891617,4481.01249688465
5104.64527645045,6334.06823326949
4314.60014678904,5068.99357041512
4425.01205434421,5689.5962352116
4260.18467949821,4182.36167238781
4485.29024141122,1271.78078788832
4118.84923662682,1964.33237951589
3917.33157309626,4217.08569996646
3799.61328170259,6278.77102911829
4156.65214113248,5130.94017340304
4669.8039350567,5488.92350972033
4782.17343979972,5252.90135373279
4869.67380746656,6181.30458496756
3673.00519800414,6025.58560130983
4533.31208928315,4959.47871157091
7296.06719425655,4037.38405783981
4064.00784957072,4003.56916905283
3429.31610341,2101.97895256103
4555.8676540623,5169.07452858858
3741.70125416221,5326.1572204338
4584.57977101354,7504.23388053685
3574.03256499412,5556.7803605646
4318.71366877308,5918.34401230005
3765.24422787944,3796.07621120305
4173.53301289758,6889.48480099295
4484.55977594144,5507.39382712499
4240.74311913592,6243.59200928855
3539.27023745623,6622.71683963699
4475.7695906018,5395.7761091129
3851.19495885669,4868.94582498621
3881.76492058125,5747.6217014483
4395.31274403914,4645.71081181728
1651.11399382097,7773.44552239376
4306.23689160186,7154.15032603627
4242.34281040243,6981.26807055763
2960.80263750975,1438.4114456085
3461.42683176659,5885.66575843027
7979.26303420825,3970.54967099473
4139.70870460458,4938.56471366531
4033.93960055597,5879.81217317769
3241.34163118872,4431.79637411157
4695.51750550074,6491.09426251095
4619.66933814671,4694.01779579869
4367.96951654787,3925.02761170259
4775.47338283879,4020.61869281097
4284.49750076894,3281.74891116567
3340.54207891806,1503.14276185807
4204.76454655961,6810.0907674548
3442.69247130187,6842.54194805429
3152.47441461186,2966.21918500484
4309.17022713116,6473.24934802391
3745.90212920464,5017.44709234861
2530.51323457662,6072.35804358196
5092.64737010865,4658.72545076143
3619.52729120505,968.526549691256
4410.38498932025,6237.34051724389
4294.39233173193,2796.97433040337
3571.01051035417,1904.43176166447
2989.21769871208,1234.38547796936
4646.98994919175,4693.84738513216
4572.40652454626,5683.62890189625
3409.53466060469,7899.27117687097
4608.17336097608,2423.30560137069
3736.97806307797,772.911701582233
3379.40023679766,4260.90322973805
8254.21044612222,1440.34368268223
5221.83218015378,7064.52657824324
3431.35679349212,3600.40459477645
4136.57059637729,2172.16615869873
4608.06412432114,395.32159794225
5087.4466932967,5561.72480702551
4038.83015395073,6039.73687517119
8138.73380742537,637.652146434282
3486.39141487477,3243.04666137678
3453.60392873441,667.034190758296
3853.15177414648,757.396666676465
2962.68062666217,6478.53461581789
3348.97168807356,7071.80095714233
4457.00602577744,4453.27868947578
4358.4966957849,4699.4734742592
4278.32954279053,5168.84703246304
4158.13295542218,4068.18652581199
4480.84393995474,5542.57242409948
4130.45472297856,5981.20017693489
3984.90815100418,2323.22485462485
4142.49767363399,4302.33331875719
4360.05254631897,3158.02632728397
4029.2241069246,3866.88882025836
3904.90752570558,6764.79620428819
3865.15704354819,3412.51880067617
4848.83101259394,2165.51675986201
8038.7864622665,2329.30572457534
3477.76116484588,5861.62601450233
2209.39109282713,3214.06247098793
4654.39044553838,5466.75912883474
2999.62983823432,4792.62087486663
3792.12123946968,4854.85163658386
5084.91541846758,3136.99858131559
2318.57389421946,590.083996291819
4873.83096583781,6586.91283974488
4224.26118544701,2323.96358274998
3753.49169936883,4523.12465142517
4432.13337707607,4186.05573586874
4460.36913956103,4256.35669006921
2751.11228064955,1233.4193594325
3944.73252933293,3924.91386363982
3073.84228585402,4586.60579612238
4317.51421435736,2792.59820140106
3930.95283047589,6116.34598402007
4550.09069615079,4307.61900940641
4023.12119963764,2246.72928241111
3868.64712796374,2172.84801279248
3847.38404526975,4482.0924691981
3521.3086761946,6209.09547783543
4190.17781572848,4413.83728870651
4105.70325650875,4312.16554907525
3805.7807383625,6332.81785028951
4105.50753625309,5357.13052192777
3116.05559710827,1459.60970795722
4293.16355850321,6430.85261189884
4035.22356265669,4294.94519179533
3742.0401275817,5684.87928487623
4523.55530001854,4727.60518846014
3953.44888525568,7872.50359371279
4748.84433210145,5455.05153547433
3982.81160528683,2858.40927853645
4342.12105677003,6697.10934125521
5094.10726713873,4164.17551371245
4777.73431521849,4187.70402564079
4247.25099961607,3695.65443169652
4165.04567782224,5958.4674785907
3529.03344537395,4354.27770361577
4375.44376362509,5167.59664948305
4269.79223112758,4092.3400178027
3741.63044887481,4154.51411691617
4268.24126364249,4990.16785433557
3782.7648094374,103.604264940304
3098.04734360225,165.948695434946
4244.77810955353,3017.42463031066
4316.35460362206,4983.57554095786
4041.75853874325,4629.74126037259
4043.25286856311,4671.2850974545
4082.53379189966,5284.84045662218
4354.76859770137,5516.08899967059
3539.82525238788,5401.62969436548
4777.75631354166,2349.08329899137
3560.96027872876,1371.97507126931
3851.0295980188,3116.36874213929
4557.15723065275,6565.43010152542
3824.3887763319,4127.2915415069
4733.09758149574,3704.40668970114
7026.11079020081,7817.03597889505
4346.04082189295,4377.63538202233
3894.96288867132,6372.20258845502
3823.31114381265,3742.76811815696
3985.26753315541,4365.70071539163
3388.22616002837,2148.63764677039
4152.39440315981,5465.33833518823
4382.89342262523,5439.25239469617
4258.76006998883,3297.15035657939
4388.81019375431,4234.98769991251
3574.53899021508,4700.55344657265
3182.88851388267,4983.2347196248
3869.72626323765,3235.20375359146
5165.09456395917,6154.30950568383
1316.6471350743,4026.18811933425
4510.99171584856,4920.54896565648
3645.1385338932,5761.54547918412
4585.45103836955,6866.24087064916
3192.96463386459,5820.25258808695
4028.77540672193,6330.77207658063
4641.35289135488,6533.20683990672
1559.74543972038,741.597420184488
3799.85879493266,5383.67103181567
1612.39098530023,4653.04227617539
3918.97980265032,4825.07163261087
4315.64974475916,6304.45906281828
2857.57792396815,320.587852135714
3189.65850636488,451.641873947062
3958.08134590897,3570.34043207416
4346.99625594851,2449.95964789373
8455.99123397688,2141.3632678713
3966.98800349603,4591.94814937536
3991.37179708744,4938.39430299877
1959.79644681972,944.543574080895
4342.75153835464,6970.07213205206
4127.16289215309,5638.27725327063
9100.43982595704,233.407969842804
3928.75479170813,5972.44791893028
3701.89856729042,6189.26102938802
4049.88147771238,4418.72507256366
3984.2250425237,1696.4275718151
4991.27197286824,4610.64554005031
2610.00324713453,3847.2818679365
8950.71616042982,3471.33965764177
3886.91188871119,4135.13466071985
3992.7948460208,5288.47785749936
2381.76050316604,1741.72245212314
4061.43840899173,5942.32709362422
3978.2897029315,5445.10597994875
3745.50794677199,237.613529607861
3774.41652831834,3121.99504269395
4290.14617542838,3823.46919727885
4976.32826281094,6777.46959904403
2839.77218702701,2533.55918834002
3707.7234883226,2574.70533005749
3055.97742425592,6062.86705745221
4136.22424631835,2093.34044261919
4176.91539294657,6445.40179255228
4922.37646337796,3544.25491443734
2183.43448673932,6746.9508669459
5824.7323249356,6235.91972359738
3578.21631724437,1353.61850192742
4602.44777138624,2336.29615617276
4184.18061749497,2371.53183860626
4196.82336353925,2259.40288859458
3916.82470062906,6203.01439645731
3256.53708349058,207.379035524393
4428.38970119986,4483.05827059353
4898.10550115916,6026.89264689357
3789.01132562167,4639.68681589817
4846.29922382658,5025.29021156156
4155.47122229475,5557.3486780232
8118.25265670311,6930.57406867903
4600.62289250695,4319.78074930741
4471.40595682645,4848.54348193545
4618.34409754631,5785.24397892374
4620.51109232737,5941.02004804048
4525.71690477793,6634.70816887145
3359.34225586233,3694.57488223832
2411.44904423028,3237.30661275935
3351.3152697825,3134.27074208534
4085.0175240431,2844.37196416549
4094.58936399539,5321.72442882774
3459.54438280686,2574.25054923403
3892.73571165548,2928.88064340345
3418.15473925781,4083.19027586126
4810.93965666906,5106.0479532872
4296.60941823456,5364.0640794938
3969.67398073376,2987.53108970252
4092.8153789039,5481.87620409153
7955.27909987461,2905.63650163204
8720.18662320791,2698.54166200196
4521.28902778907,5810.42078062414
4049.50978704503,4677.82074822846
4270.27605547887,2705.81604090105
3817.25789124499,5223.63300461464
3535.1431005534,2673.42194576057
3599.23086363547,5597.24464818831
3271.00806438565,6861.46683485478
3008.70718613682,1180.62260409982
3870.14530163471,3745.26888411693
4169.95771060684,3886.04078032914
7778.1834978551,5830.88020913391
4059.07127028554,6567.87420488162
1324.05813583631,4092.68126199101
4536.17537817024,5277.16817093102
3563.18894873133,4552.96131800192
2967.82409153926,4148.43303553805
3799.71268647289,421.975697322199
3701.3305812753,3808.57919529235
2724.65802456325,2660.63480294197
4136.92232040084,5735.00496929623
4483.52966411508,5488.69601359479
4414.62947469538,4666.51106166012
4469.79397765263,1684.72018988231
3526.83565987917,6602.02991500167
4359.53158914816,4829.84566840525
3233.31721343334,1192.27311200122
3746.80662630183,4502.26773897857
4174.08893510846,3973.73250247607
3530.29790448509,6150.55877959914
3977.90392776078,4592.9710362298
4586.06000753052,5872.31029815305
3810.65505416281,5668.11391984739
5146.57353610381,5880.60798676184
2856.91376149421,1498.42570580888
8286.82093839467,316.268650021699
3621.99726400735,2283.32888445974
3396.31038925958,5540.07208099477
2345.7401721868,454.824441143868
4083.46038166862,4765.73954364567
3271.19429795824,4112.40196237565
4677.96035086822,7882.27831571659
3366.45162373557,4818.7068153587
3449.23770369759,5412.82563287104
3851.28140961044,4991.47532277457
4083.26963685027,6559.17860948076
3033.29251854708,3234.46502546632
3666.16442775527,4707.20284540938
4247.92209014329,3850.46427656258
4227.78904820251,1227.11099335646
4369.18720149458,1403.00524679466
4426.83160737766,5126.73487792252
4590.53636504454,6811.05699170548
3991.36284875697,6542.24283378539
3499.3127194549,5838.72290549161
4100.52715275486,5650.72357475618
3415.34178409638,272.224046979824
2675.74702699229,1773.77562021674
3901.45519713184,5394.92363292499
3830.76683807701,3206.73121805746
4270.97760799626,4792.05255740803
5334.69710489795,4757.04437110007
4106.83737123003,6812.534870811
3879.15916944918,2261.050966939
3392.94629048853,1083.78135143908
4061.06087243328,5317.34829982543
3741.65491348228,6904.4314655832
4052.15925139198,2573.17078834821
4108.34257952607,5328.20341699793
3802.66637792116,4874.2881782392
4427.80949928653,5259.43700450675
3938.38706277548,7065.15198116085
4365.89900674106,991.827565494055
4923.03052025225,5048.02290990575
2091.31867405106,366.621566282706
4171.74830654934,5062.23084637087
4009.45125701993,4606.15608584049
4038.8171848283,5443.57186109472
4181.12647020668,4622.52354407725
3894.91250158544,4753.06614888984
4054.41787638443,4844.33776359967
3443.15683840667,628.956921031772
2100.03858592646,4448.78881241071
4486.36213848863,4636.95897666792
4604.29485079292,4711.4081408899
3152.83916388779,1549.40386641679
4992.59845220666,6700.29217273655
4194.21678475155,5645.21081083666
4128.13842109032,3416.89492967847
4372.13705923173,5987.73582770885
4234.57751641142,5615.14664813437
3949.78109169384,5834.91509394791
3232.17990086044,5438.57032917479
3810.58850729214,2705.92978896382
4638.15886188059,4288.86453327246
4663.84034325656,6354.98223117509
2417.52086170559,1054.56987635232
4143.99084140358,3353.01608961682
4383.01293950874,5855.20411179115
2489.03776710331,1940.51992028588
2809.62115390768,3487.42316857686
4634.78723678353,4559.78112750518
3430.10293785094,4890.37147774666
3431.86111286073,1909.48974476053
4188.58068100527,4823.99208315267
4265.4843618939,6686.25464693796
4017.05173226161,6140.72654928107
3908.69485562472,3565.22557494671
4080.92439216378,4488.79853063859
3433.26622338198,6045.36296429823
4234.23182382972,5515.57734481575
3985.1437828242,6056.55890280379
4122.54121310778,3233.89670800772
4500.9650128638,5125.20033621323
1449.34469196255,206.697049288376
4207.23569001214,5052.34195344904
3917.34461422809,5489.60557524171
8379.99263372301,2634.83323260683
3491.76072588282,1261.66471598239
4351.16563797941,4384.5122769846
3935.91912893037,4778.46960100527
3865.38406308824,7120.1646037275
3971.94859389255,4299.66256498595
8195.62853562341,1467.96395345595
3998.42104738228,4421.85081858599
4460.18518087492,5008.751919803
4880.42490958283,9666.28348088094
4403.81343794558,5099.05773311741
4006.43931802312,4161.1635157529
3816.17650864791,5945.85074643862
3632.5163932725,1906.30712470681
3216.13069759868,1197.38796912866
4123.88343718165,4527.27370715718
3996.39310658453,5336.84150408453
3850.66811972362,5568.60170198778
4391.4008194615,7108.45743322234
1984.16492165263,214.198845027651
7284.08760816062,2595.73307602587
8590.30568184326,6351.45900121595
4298.66211276518,2519.97623193727
3755.58138710379,6216.93817419313
4333.82887036806,628.843225825907
3820.1893644403,4481.75122500979
3963.01553449063,4716.69383153913
3917.86513621775,3880.01678441003
3395.83087383414,5205.67391920958
3446.50785580046,3026.68812031487
4393.8119560336,5158.95813954121
3368.48602615305,3152.91147015653
4653.39807401093,6390.89997912997
4135.66327444341,6028.99550606146
3865.4925746359,5725.28648704093
3758.26755697293,6232.33940817922
3678.29725253403,6551.16550245654
4896.52251799961,4440.49154665718
3539.18857553568,5853.95372881117
3487.85671201836,3635.41278108441
4740.45708726024,5551.94966216646
4941.67726898048,6538.71918097099
4859.91192125901,7061.11667349161
4527.43451445553,6570.26079992356
2825.35841313533,2068.16406377405
3983.89805523312,3954.01180209143
3868.17736805558,5164.3004927942
3576.55228123082,4661.39620453267
5426.03086825304,7170.68819493957
3284.51765829303,392.991506933352
4401.28679656009,4161.1635157529
3797.9451729474,3016.17424733068
4352.60222347781,3950.99980413188
4531.2710808247,7197.17161936845
4238.90205504052,9150.82039163685
4278.43648876483,6527.69407598721
8408.88391666403,196.296845081599
4262.36883144708,5439.76404955101
3463.82180093431,4853.60125360388
2245.06046272194,1587.08322935124
3553.13015623928,6073.32426783264
3926.73730117088,6034.73534325127
4204.86611113667,4776.48048990015
4249.69462261751,5699.82594946649
8648.53298555624,6201.19569601873
9005.29431023899,2679.787185868
3791.2521481656,5108.88954058023
4461.91379712371,5994.4985517531
4087.22907347138,5482.72868027944
4620.84629770108,4599.1658656707
3225.43359076605,2114.14090388965
3030.45306402545,3993.3961174017
3675.92525038256,900.612613387978
4251.80815763762,3015.60592987207
3937.66284161998,5632.19617189251
4239.96051997143,307.630219365215
8363.38966814222,4861.33062475406
4387.06218000396,6120.43795429308
4090.81676057984,6245.06988839407
3872.31741530826,5644.75624144083
4150.16088336733,5771.49103470971
3422.55535451998,518.419175333131
4170.32135091834,4244.76284477157
3897.19247292189,6453.81280636858
3964.03722526971,6973.823280992
3788.26249982556,6045.13589102794
4222.95755155083,5589.28820376785
3313.55902211104,5608.32683863111
4048.73008359191,5288.9895123542
1379.99584997984,3737.99408236258
3169.88732146463,4580.80887347356
4599.31747542681,4952.20433267182
3751.86578142741,5769.72899687488
4077.37496645538,6679.83274422677
3610.82094394566,1415.73551558188
3865.65125696131,2624.54664432056
3481.78629900335,4099.84189282733
4218.87638970742,5392.36620436127
3868.28988688788,4891.56477526763
3388.35892459156,2897.68005721157
3314.47585124815,5315.87084357516
3732.80161930523,5580.0813763674
1995.46767495693,1485.63856299027
4581.19709181388,5780.18620725531
4121.88715299845,4560.06528623448
4798.18222662039,6272.46287446987
4668.44732899624,6995.58975508552
3993.77931251199,4578.42227843162
2588.07395554879,1769.57000759478
3049.77176939213,34.4400348530744
6899.93219288723,1515.02066017119
3998.29532754066,5091.27169936348
3785.48555450916,3149.67197607143
8988.78776882735,4643.3808793791
4287.58047247523,5916.80947059076
8083.42466854765,1873.62887083704
4237.18845475996,3237.59077148865
3639.75305366035,5537.0029975762
8407.50104646329,2516.90735994633
3512.40995894,4453.96075499716
2836.96885317422,1712.34046065603
3693.23171175989,926.016382644852
4037.92390171739,4454.81323118507
3941.14113857954,4448.67506434793
4062.35085608921,4080.63284729754
8234.10907997473,2865.8542795297
8335.29655603214,3603.98491019461
3603.516078858,390.320409592219
3326.59103478504,3546.81234300107
4078.49268820291,5859.18233400138
3850.36003652466,5475.45430138035
4036.77167556478,4767.72865475079
4849.33861293303,6730.24216452082
4072.97754915649,6077.64331137593
3803.44685563418,4751.07703778472
3411.0770256451,138.214795526493
4196.61173925473,5927.09627030466
3048.83331250008,5872.59445688236
4474.39547354282,5167.93789367137
3786.56379148345,5170.38157417232
4842.9156765094,5633.16239614319
4090.31064609011,2997.87455202018
3621.70505768712,5011.19560030395
3608.96733085777,4587.11745097722
3764.98853057427,3030.21177312927
3997.23312963793,2485.93405845236
3869.55287027787,3856.65910600347
4573.80677262534,4902.59030310667
3809.72595730851,1281.61259535114
4898.988243487,4250.16186062831
4832.10482179287,5454.08573407891
3592.74591751844,2681.77629697312
8401.44271745014,3451.22126189268
5135.50122043114,6541.39035759748
2491.08223065804,1525.13662636331
5079.46266647328,7231.66899653207
4575.25274520767,6427.72686587651
3241.11468640384,6914.77492790086
3662.10445978042,4679.01404574943
4743.80320206143,6021.77778976613
4689.93454486058,5581.78632874321
4164.40023998239,4747.04173011547
5143.84532009185,4326.08932681107
2705.93848762922,514.554595471855
4142.13906520076,3883.42668916166
8216.6250170397,4071.36935729333
8309.18869934377,1544.45941995588
2048.39595466531,5316.26875036723
4381.22123485327,3098.06883540116
3345.56053208878,2881.42613560995
3494.68476831309,4822.11672011033
8279.52558231648,886.234160542513
4174.78867541171,1871.24206436747
4194.31663468279,5632.19617189251
4069.00521668159,2593.11877343076
3941.93835794453,5353.03855165476
3259.81656530914,5542.85658282878
4201.57420746286,6064.00369236942
3930.88568023032,4561.71357600654
5097.23516865598,5695.39315786042
8791.96416860018,5910.78547467165
3971.16532173242,5229.99782186682
3817.99974200379,4557.79201640006
4512.6491443822,7154.88947701666
4088.38314253582,4195.03506714364
3921.21097078246,4564.15725650749
3718.84608210643,4882.24462265967
4720.85304649957,4220.38227951057
4465.98600898976,6841.68947186638
4691.14940785302,6876.29975138226
4888.33697846629,820.65036810504
3599.14463774349,810.307011501195
4472.75758734244,6255.01544391965
4217.65697355637,5393.27576600819
4704.95763783065,1130.09922431537
2991.24306406117,1969.27682597681
3853.19260881463,4284.65881493668
4605.5151740344,3245.3199312112
4444.24623965074,6926.53918386503
2912.74355746367,408.677058219464
3780.21216102694,5905.84102821074
3814.18486282481,3193.1482616547
3476.26143624683,4818.13849790009
4655.07902617243,6483.42197681979
3554.39749851928,1235.86303993345
3855.77526839471,5394.35531546639
3842.13965888041,5185.32823876258
4166.55228318109,2497.35728165585
8260.0659531698,3753.39573920393
4077.59095640525,6369.13350503646
4694.62597708638,6837.59750159337
4482.87871069776,5933.40442495308
1340.67760042927,5651.91687227715
2448.19999551406,3074.59740893183
4854.17060470535,4608.37227021589
3591.06037838406,3737.70992363328
4248.92102666499,5641.45966189672
4423.58773556401,5167.48290142028
4046.72265503208,5007.6723703448
4668.076333053,5909.36468102514
3850.11456342566,4999.48842979879
4647.76830279676,6481.60369923645
3934.44667507674,5323.88395059939
3659.24747865012,6919.8897850283
4481.70762096394,4497.77786191349
4596.52011786269,4350.58364013484
3061.29865343587,1607.54265786101
4676.97806213795,5474.48807712967
3425.48339787564,3941.73589127242
4555.02438524236,3738.73323334297
3883.04158958002,3502.54024383365
8606.82384904066,2670.92139122824
4584.38483261616,5938.00805008093
4429.26042325144,5200.84322081144
4455.55060698947,4986.30338018811
3947.32089480561,4488.40062384651
3788.76769024184,4696.12065496658
3454.1567131949,4803.36224397636
5389.26811107985,6284.39754110057
4219.97720100918,6535.76426847045
3345.63656771787,2692.57432868661
2725.85644673222,1697.45045866954
3843.07848855174,4327.68053112412
3478.06435022764,2569.36318823213
4306.57183404466,2826.35621615666
4049.99599159655,4888.09820791225
4084.86513127853,4252.71928919204
4069.41685931003,4492.60634218229
4113.30421677306,1427.78393027535
4362.47721681456,5218.17690329889
3304.75071808633,5426.97690673241
3467.68520308659,4404.74420936883
4386.40015897533,4945.0437018355
2662.23025426471,2178.53118737853
4084.64222799279,5482.10370021707
2765.33220826931,2718.03486626105
4698.63352172586,5393.61658734125
4070.68499377166,3140.91992949444
3124.59913348591,140.65856852703
4436.92449295772,4932.31322162065
4514.2373330315,5501.4831564134
4596.63905506578,6886.30239236686
301.791559412848,1820.26390375957
3424.51317066093,4544.15239739355
4498.52864961654,3727.2531361081
4768.84017032636,6231.54401745033
3720.68548222241,5040.52103488111
3404.10423075992,3296.01372166218
8447.80316146177,879.584867419599
3822.74592349235,3729.64015400529
4262.76766119384,3961.62700232359
3863.88602061002,5945.56658770932
3540.51337972387,141.34054154882
4124.31472272942,4393.88951505158
4844.87323420082,4476.86386400789
3433.42808509857,3284.70424652146
1144.52198371659,1106.45717575189
4341.01721666973,4677.08202010332
3826.20623204021,4766.87617856288
3449.14164683369,5988.07664904191
3401.24377370159,6753.03194832402
4687.26754336331,6104.5817280559
3339.71132969949,3445.0835179108
4091.11908133354,5897.82792118651
3763.4509483861,6375.89665193595
3817.89225902216,6744.90509323703
3793.54546240847,4459.53018152044
4433.70891190142,4921.57227536617
3752.6064165497,4471.5215107549
3572.6310611644,3076.47277197418
3929.97228431818,3824.5491695923
4303.749768586,3910.42176844539
1903.71199679817,753.986761924836
3716.27068125527,5210.67502827425
2596.54308897987,3255.776930164
4482.97497804961,3026.23355091903
4926.41658591535,6982.63220160038
4670.59463183392,2952.46581793555
4606.86718150747,6771.44518026967
3318.45523988288,4919.29900553175
3860.26340779442,5484.49071811426
2401.10379846844,1010.75255800836
3855.25882166779,580.877221748277
3738.00784882726,4359.67671947252
4128.59417127099,3282.60138735358
3151.48430866975,2005.25123653544
4017.55711570998,5505.17721989433
4320.75018360802,5041.03226688071
4102.52876991968,6211.87997966945
3745.63133047317,4381.72735229533
4440.52154036086,5285.69293281009
4560.45179927891,6109.12826772474
4568.95051030855,5725.57064577024
3635.59030281794,5574.28487657383
4291.11457530673,5122.75665571228
3452.0523227444,5435.33125794495
4505.69532567452,5160.03811185466
4242.80053793076,6057.18388286616
4300.55265037318,6199.88865043498
4015.10070723185,5448.51588470038
4167.00948890626,6493.99293526299
1948.24596459322,1502.00612694086
4100.5186045191,5914.59328621536
3719.22528401014,2952.92059875901
4452.28232339211,5778.36750681673
3821.5059516494,2667.96626730007
3968.83807485582,6419.03169333091
3827.42025459621,2419.66820049351
3523.54880737294,4982.09808470759
3230.40127819263,1160.95888346038
4040.62697078177,6755.58937688775
4079.16049883729,4487.71855832514
3404.55260427984,2701.09909056568
3928.63264137897,35.1220177855342
5240.60391786449,7721.50198324568
4751.09542048127,3699.00767384439
4189.96637786799,7821.92333989695
4484.82613508339,2717.46654880245
3607.77976295297,1913.41109293937
3674.23586583974,5841.1099233888
4430.82056536833,6648.23403981519
3331.46856914859,3235.65853441492
7486.40669202178,6203.46896585315
8397.50134437455,3565.39640846849
4502.19631130245,4446.5726280353
7733.59527488526,3513.16786488061
4520.8406334067,5663.51071757479
4177.12955090336,6276.27026315832
3781.21120503527,5152.70664749656
3919.91769851699,1551.73390456878
4879.66050757329,2606.3604856452
4577.99074276433,5181.91833401095
4197.3311673262,6570.88620284117
2728.87469287139,1164.08462948271
4797.58352023639,6658.69125019562
2719.47842677431,1646.41563545787
4423.67585979626,5907.54598058655
3985.2585257438,2540.09483911398
3685.34580556768,4060.059670725
8336.56462114686,4696.34772823687
3271.33103825958,1911.81988862633
3822.58197501603,3437.63851691755
3943.37505052616,6597.76753406213
3793.01681404995,6050.25074815538
4419.56496255523,4779.54957331872
2659.73660222535,847.588626214291
3749.76806053944,5405.43750590918
1748.02441828452,1716.26180883488
4803.27887369747,5691.47159825395
3824.39901590183,4766.64868243734
4109.61448700915,5692.09700117156
3291.22499456905,1878.28915856865
4105.62365720842,4550.1197307089
4083.2327882795,5978.58566291216
5458.66920036307,7909.61506204388
4644.08243816309,3638.02729510714
4001.14223974113,2911.60383494739
4036.64563870746,4617.97700440842
4159.26051344132,4526.87580036511
3955.31889415881,5746.54172913485
5043.08955004386,4561.03151048516
2412.57552245249,1056.89991450431
4509.27981034198,3799.54320141369
3920.23987364555,3581.08180118389
3872.40569330966,5559.84944398317
3937.32708559345,3801.36147899702
3936.90683678204,2889.04175869735
4625.32416241737,5719.31915372558
4125.22664893797,6612.82794671516
3652.24017048715,4172.87068625806
6025.75578265071,1455.74512809595
4707.61155940971,5673.6266837669
4533.0388940531,6755.64603949151
4857.56640505182,3018.78854992579
3805.99752584472,3297.03681994424
4363.59872123592,4672.64922849725
5034.23700508783,6086.62306550609
3093.29447841424,199.422591103925
3991.20085003441,5722.72905847721
3801.07966546655,5789.62010792605
4171.71437055131,1152.88879669095
3591.33919458123,4956.9783684662
3109.57539613423,1723.99096855743
4019.14764852151,5021.99363201745
4007.23561517828,4358.93799134738
4185.63709840199,4873.26529138476
4026.83668552949,6770.70645214453
4158.70871997514,4576.60357799303
3278.8455301084,3926.67547861939
4175.98583291308,4714.02265491263
4429.64920287458,4549.55141325029
4223.60938990255,3951.28396286118
4488.85061370348,2566.97617033494
3399.39410208203,1635.10605460335
3057.83619874207,4356.03931859535
3838.55759754441,2782.08432841687
7861.87916131201,3584.37795787275
4241.04507475225,5049.72786228156
3790.42691110832,5979.3243910373
3979.26269139064,5703.29293967713
8053.54394349379,4293.41107294129
4169.61397372513,7589.70899545312
4282.6844369063,1356.68737391836
4700.53701479658,6373.62338210154
4119.08559868593,3088.06640584419
2599.96878903644,393.275665662654
4157.70861681981,7758.84010199182
3251.51019420785,5926.64170090883
4259.35682856193,2919.90131212854
3344.0493492703,3064.59497937486
3626.5010539278,3670.13723151832
8812.54488348943,1671.76253068336
3515.98158766576,7004.11451696459
3937.75453338312,2687.6298822257
3366.96264960498,3483.21745024108
4881.56988157425,7088.05509017158
3579.37209166872,1734.56160985919
5352.51175961998,6817.47889441666
3318.16418850956,2274.86099661205
4373.27902835131,4441.62818157439
8741.14561796403,2002.80755603449
3546.55823306173,3449.00486608965
3844.43025430943,3744.52973313654
7763.78557464771,535.980195375401
8667.83516754182,3319.99680298635
4161.30514031967,3550.73347975229
4382.04680850881,3843.47405639279
3535.24419185435,2969.97012251715
4478.7633509099,6004.785351467
8737.95757219924,1722.51330087953
4756.75676310757,6912.04708867061
4933.46941624543,6861.75099358408
3972.87910797088,6323.09979088946
2733.64686275872,2728.49207664148
3793.2548355265,5839.12081228368
4923.91866885284,7520.94258296193
4090.22317204339,2990.31580296416
4591.70974976576,6896.53210662175
3896.82610256616,5351.27693667519
4596.46566629643,4728.28725398151
3530.15475009647,3568.12424769875
3761.16871775727,4414.29185810234
4120.02698993823,5417.08801381058
4281.61691495257,935.507368774603
5210.50895402066,5125.37074687977
4204.61748450312,3836.88132015983
4619.77645210605,5101.67182428489
3399.80031100344,5270.86001628261
3766.19922697661,5473.2947796087
2572.48911486683,5364.40490082686
3962.75109060102,4781.02702956899
3377.68438598611,4907.98931896341
4316.56959513372,2833.80121714991
4498.80449687178,5587.29909266273
2891.02300545341,2001.50029902312
3460.40524526698,4776.42382729639
3580.15414758376,5886.06366522234
3415.41972376654,1974.61896780217
4087.64293508008,5103.09261793141
3794.70968197222,4576.9443993261
3694.66180216569,6622.48934351144
3853.57286749342,5162.36804429284
4787.85526336767,5892.65597860006
4243.25881490147,5231.36195290957
4447.07375950297,5314.79087126171
7653.59687532411,1496.09566765689
1824.4408325442,724.206916522561
4712.5376564416,4001.40922442593
5895.91916450019,3430.30726398707
4158.01600456677,5775.35550885717
3172.52915151556,1478.76198516944
4449.68296150642,7236.55635753397
4473.98669900176,3760.95427683232
3848.05341929822,7646.36990779182
2941.0979593034,640.607428933171
4120.93595891893,5254.3221473793
3705.34183037923,5246.93402041744
3935.0204907326,1805.43077580445
1584.48645965714,2.33010174545767
5046.32479814205,5277.22525639003
4478.71906870314,4587.74243103959
3228.05221993236,1131.40637561293
3942.10024648391,3775.5030346305
4231.38623904026,5581.90007680598
4505.53812198346,5960.28575617403
3860.66468425141,2379.43140899534
3796.4263025685,6493.14045907508
3363.61702657896,1746.89407756816
3844.97045459516,2497.81185105168
8870.17564515799,563.48671808635
4602.24387936385,6337.02356862528
4841.76506724181,2908.53496295645
4279.51097511318,2658.02071177448
3384.6719573354,2119.36929765224
4454.69579984778,3781.52745340486
4544.94989440642,4421.62332246044
3889.93861821269,5188.28357411837
4583.50013725763,3578.86519395323
4323.47591520212,3621.71649947413
4568.82326611419,5192.20471086959
3534.07783395227,2094.81811029709
3475.49213490808,5821.44588560792
4315.67579210662,4212.08459090179
3627.18328269811,3470.14614869317
4213.8327148684,5582.46839426459
4408.67880539357,3525.95500769922
3653.97532809878,3246.11553336772
4667.54473909181,4895.48633487411
3981.71294558615,5921.52684378138
5173.61214912148,6974.44826105437
3712.92653536626,3788.40392551188
2711.97168929793,5069.84604660302
4341.85451801469,7033.38286608274
4233.87506764608,4492.77675284882
3400.74000393273,669.762082845455
5243.6196285034,5870.94658996555
1423.31190892393,414.019252901731
3781.97130251306,5674.25166382927
4028.0594174426,4848.0318270806
4164.91090844284,5827.18614565298
4851.49285068407,6974.22118778408
4677.97636777755,2628.63861459356
3945.78830274502,5027.9609653328
3117.79142490341,3031.63256677578
3691.78375705792,4234.70354118321
4483.70455451285,2519.69207320797
3120.36765636695,4218.96148586406
3790.34233933429,4749.71290674197
3752.11106250789,4180.54297194922
3404.22275627074,6513.42947691833
3483.32396025506,3986.6329705022
4648.44662949649,4824.10583121544
3101.29323767992,3322.55423155007
8598.42214447945,1451.88054823467
4093.80141837425,7133.6908975265
4630.47512725421,382.307143997272
7767.12870159929,945.850725378449
4276.27371172594,4551.02929235582
3055.93116220771,3750.21290772259
3997.35220982815,4424.46490975347
4371.19354590761,6482.17201669506
5393.81319504658,6453.47198503551
5337.01533056601,3380.9771817236
4018.44880700348,4382.97773527532
4271.40196788609,5536.83258690967
2073.92777060582,3095.28412213952
8286.07998915232,693.688237281338
7179.36849282987,3368.47419763429
4081.85654537026,4844.67858493274
4505.18042653886,5854.63579433255
3731.44685177037,909.023732918092
5151.42188367856,6813.55775766544
4198.47150285674,1623.22826200403
4303.86318347591,6264.79058877871
4527.88978567932,6018.59538114004
3550.00822075099,4390.08170350788
4614.7808066423,2803.73726587524
2522.86960733062,6365.78026288859
3799.29801110826,5430.2164008175
3345.0135544747,4201.62780337661
4934.5571342507,4186.16948393151
4683.86056629121,5800.02023284747
4463.14107040284,4371.89554483252
3473.33725560623,5743.41598311253
2346.03886553102,2892.9631068762
3752.85277065281,4703.39503386567
4271.52479312057,4531.08109584564
3569.83962456327,4864.79719210945
4387.46175719876,5424.93071016828
4212.4425177454,2630.8550103966
3112.42299073534,4255.73128715159
4019.21958756144,5065.6407511225
3994.20482063705,5976.19864501497
4090.55488643877,6210.45918602293
4504.85816432824,5292.39941710583
4102.55531704611,2668.07980393521
1873.79349387234,2784.86904167851
3869.37916039142,2234.8514898118
4288.63634466272,3324.03189922797
2533.20810154107,2273.04250760109
8443.53472932367,507.393806064815
4061.13021294573,4263.06275150969
3456.13819761809,2428.76127983119
3055.66501979934,6914.94533856739
8434.79484448379,1094.01106569397
3546.75707662826,5903.11318898049
4270.44903155797,3571.19290826206
3027.09670287847,3927.35754414077
4492.41947333843,3704.40668970114
7848.19864554354,817.524622082713
3500.50488870732,4086.37268448735
4919.25578515365,7909.38756591834
5226.77996977415,6352.25439194484
4173.75512927663,3593.58478527319
3597.30946128005,6279.05518784759
3853.30152294119,5138.27163776115
3913.0787347318,4278.5210709548
3142.50587461387,4133.77052967709
3429.38620766228,970.97033590602
1086.52061167593,2247.18406323457
4227.80342465745,6116.51639468661
3268.03075904285,4442.7648164916
3430.44236761627,6235.12433286849
4031.80353773551,4356.55097345019
4441.80873885105,6620.38648434355
2817.5489216239,2542.70893028146
8438.72436552307,4879.63010863693
3908.11904349061,5963.6389983219
4747.43048819411,6508.03046106158
3993.82786220326,4821.49131719271
4516.9177490339,5117.92595731414
3717.08645991416,5505.80262281195
3728.65461337818,5126.1094750049
3450.51254984335,2011.50272858009
8017.53026389252,1764.28463408699
4141.27499788163,6236.09055711916
4083.17624299538,378.897239245643
7431.9514925784,2554.92775564147
3086.16127172887,697.950618220874
3918.98666034004,5951.53392102467
3071.01324007955,1235.63575523553
3960.28072357311,4083.1336132575
3118.67863963289,3372.45241984453
4238.93279086137,4019.82287922682
4194.29720707412,3873.36738557331
3693.89365068842,5453.68782728683
4069.48276787355,1502.06300097224
4206.94485003398,5673.3425250376
1780.62128422156,672.092173854354
3742.76524178895,5213.17579423421
3877.29016969482,5533.82058895011
4291.64399347943,5554.73458685572
4442.80148188828,6671.36464495146
4410.53264251202,4244.36493797949
3425.3459175102,3927.07338541146
4719.8909097899,4952.14767006806
4213.7599861274,3556.98497179694
3838.7356917909,4543.18659599812
3425.84625200707,2853.23775880525
3482.91916024193,3835.40386390955
4181.64984078431,4645.42665308798
4633.70747521518,5256.31125848442
3523.2984968031,5359.4608772212
3191.8770208743,4481.86497307256
4780.71912645738,5942.09959749868
3710.53840441665,3437.01332542756
2961.39811174434,2918.70780317995
3804.45848408331,4808.7041743741
4865.25130825205,8044.19212881521
3936.18180513336,4706.35036922147
8425.33588592194,1739.73334101802
4318.08112837672,4683.44726021074
4136.36959521139,4882.35837072244
3623.65235634021,3899.79414739843
4432.82574261325,5769.16067941628
3752.88489826677,4975.56243393363
8597.85235742223,8561.64517487491
3965.21769813861,3494.07235598596
4503.24840543174,6906.25016602179
4380.04532041239,63.9357116153772
4597.760969069,5437.66119038313
4768.84668320044,3578.52437262017
8755.1295078876,8430.25051672967
3933.80210555938,3742.31354876113
3867.37716003672,1202.16189920923
4609.61804947975,4705.27039690802
3906.64143349622,1990.30457194518
3745.66732683368,2590.50447083565
9159.13699660707,1839.4162866856
4099.43508488754,705.11146048482
3896.64010273281,4894.17928929037
4481.78102824511,4883.77916436895
4771.08930679711,6501.38106222485
3720.65364221478,6470.69191946019
4728.66407755231,3248.21839253561
4128.83027834958,3588.46992814575
4192.64482805923,5009.54773338715
4316.10684034644,5171.57487169329
4173.62210648198,2692.63120271799
2455.77838156748,4093.98830757475
4730.94514591781,6627.83169676443
4159.00495881131,5570.36331696735
2414.4813795622,2206.20833218364
5147.8344878655,7152.27454013867
4648.77110322637,4841.38242824388
4472.89665871824,4623.77392705724
3905.36937541325,2689.3917086329
3633.75748434526,468.066259072123
3910.67007695361,5722.04741581109
3781.93973411286,4390.76376902925
4143.40853290957,3864.3880542984
4451.19160935098,3752.37285234949
3569.64941216645,6053.37649417771
3590.40131148021,2609.315821001
3791.80800285369,4948.16944785783
4258.90045459343,6324.1226777439
3664.67640823955,5688.2325270241
4394.59417557804,4854.90829918762
4596.57176474451,6203.63937651968
4544.67606515848,2248.37736075554
4349.66338203784,3155.69618341817
3498.21533018193,5514.89570214962
3958.40824343462,4726.52563900194
2827.00403231297,902.772240873439
3803.37821990672,6361.29080867876
3977.34661820831,3086.47520153115
4394.6058609695,4873.03779525922
3926.40214214129,4356.89179478325
2951.81043348235,1029.33651776197
2052.56177730236,1294.96805562835
4636.80440387254,6333.95448520672
3790.21891411262,5208.85675069092
4429.43405382133,4784.8348411127
3919.41894057751,6865.67255319055
3767.2469316662,5930.50617505629
3322.72282433233,5316.55290909653
4404.7013704061,6166.41458298106
3542.80886849747,1955.86449166821
3684.33955266571,4486.46817534516
4745.60742365242,2842.49638969551
5769.47425593686,6518.65765925329
4069.44418276567,5222.78052842674
3652.87048404883,393.048328107831
3864.10194652407,3994.81691104821
5297.88172964155,4788.3584939271
2420.57161662634,1473.3629693127
4166.69529693156,5434.08087496497
3831.37154403091,3977.36948049799
4897.80774894943,5726.36645935438
4591.44911592118,4149.34259718497
4032.05363231182,4202.70735283481
3563.92091025582,3325.50935547824
7411.34126014733,1777.92425309351
3961.47302584471,4572.6253557828
2933.88335652858,2111.18556853386
7765.42940222514,4229.64576951478
4998.96475288146,6436.70662000667
1169.91423253053,2813.34178864014
4985.77632065154,6871.75321171342
4264.93342494525,4290.79655891856
3921.72998255602,6677.16156760028
4087.70441779524,5602.81407471159
4080.14147741639,5923.68636555303
3812.7153749642,4888.78027343362
3977.03389911932,5037.39528885879
3402.44821182324,2508.60988276517
3930.58825562698,1443.29891232421
4234.12292666033,5358.60840103329
3112.19023835752,1214.15333415751
5131.53716752256,7255.53832979347
3673.21794219429,6166.073761648
4407.0512401591,6849.4184201613
3230.89655087404,7383.12559925026
3767.23147613603,1134.92992271352
4114.09133238296,5188.96563963975
3699.0057967908,5278.19148064071
3511.67164455302,2830.84588179411
3011.3805025181,1922.16313951636
4001.26610933549,4634.9698655628
4584.74231554031,2810.61394940988
4186.84225290023,5248.58188733425
2705.26232696521,1506.38215022935
4030.46865273593,5297.1163674412
3723.53110667924,1939.26953730589
3462.61696703369,3105.51383639441
3290.29868721072,824.287610411492
1938.28343637114,872.026276934299
4717.01753398725,5906.23893500281
3623.60786667433,5601.16620779479
4632.09040423004,6705.52035507151
4028.19568736224,4770.62690464758
3406.53994965288,1483.8199682655
4213.68892709654,1782.86869955442
7818.7917820608,745.518821220243
4044.78252082469,2756.39629471688
4274.042747207,4223.16678134458
2626.35056694828,3972.93668889192
4841.86529640323,5976.14198241121
4213.55956650088,4331.60166787534
4275.70578864406,7160.11765935162
4053.51946999899,5447.43633524218
3970.63187374868,5506.37094027055
4203.99221945862,2355.84623446324
3515.41997114446,313.256572776784
3009.79473927058,5636.57230089482
3912.58953135371,6545.42566526673
2260.37423895632,115.709434737123
4385.27270561239,5524.61376154966
4373.29947373953,5904.07941323117
4083.13446935735,7003.71661017252
4501.17808910755,6090.60128771632
4143.36623173424,3496.40249985177
4177.92776628534,3394.3895160322
4038.66507425632,5189.53395709835
4264.09821162222,3794.31459622347
4081.74999636273,5234.82852026496
3844.36649304936,4865.59300569359
4050.81622016676,5428.90893237851
4159.56735241313,5870.26452444418
3371.38658608069,4077.67751194175
3378.7011877078,5634.63985239346
4201.32065967734,4310.57392190696
4099.16455068198,6166.073761648
4298.37232467696,4891.56477526763
7385.87012223579,1695.2340628665
3880.9341705754,4835.01718813645
4551.4472220822,4910.77424365268
5416.37220069271,6411.07524891044
4014.031878853,4463.73547700096
4351.95097154207,6609.247631297
3430.77283097214,6334.57988812433
4283.34612097858,5309.61935153051
4535.69653674448,5774.38928460649
5065.32133717848,5424.93071016828
4720.20782188449,7327.37382570323
3468.15992590634,2132.32706256501
4134.36673303017,4865.70633090111
3526.69758554883,6310.08515194531
3864.74950158618,5418.2817341868
3633.31055759611,3115.62980258652
4208.65971229702,4852.6350293532
3831.16952738167,2240.02322097063
4178.93911180525,1676.70687143046
4270.76065906724,6845.042291159
3920.30704563942,5270.63252015706
3591.10336149681,5229.77074859652
4378.37370655525,1141.86337456573
9164.48533551822,1827.70890475281
4226.28058732404,3519.07832416457
3299.51069682907,4257.77748371572
4063.59787147263,5449.08420215898
7467.24885494767,30.1776572170948
3972.00169712409,5550.69970204173
4511.40522105434,5794.7349650535
4235.23610513235,545.755234520642
3435.58207747447,390.43407836963
8813.74302858151,7293.55893691624
4957.81500283866,4318.98535857851
3746.19701588341,3046.69297942881
4589.64174471979,5647.88198746316
3477.13031677004,1576.34207166913
3813.57767585999,5119.68757229372
4300.38161153329,3983.45056187611
4782.40339706828,4220.38227951057
3728.07642793813,4551.37011368888
4085.15851412607,5348.03744259009
3682.43784027575,5692.43782250462
3679.99453815147,4801.25938480848
4413.72308052695,5387.99007535896
4149.55983785934,5638.6180746037
3726.98573337203,1629.47975404868
2953.52063110543,959.092543306704
4255.22350770594,4384.91018377667
4269.8444901022,5564.50973171477
4182.47878287841,4871.21909482063
3988.89002241346,3269.98486662912
3298.1800349481,5031.59836620997
4215.1843766188,5545.24360072597
4228.61435836211,5031.20045941789
4600.32425366886,6359.58585630295
5240.33916910896,6946.25988424967
2052.78461079014,2397.16299827486
3918.13856743743,5424.76029950175
4645.09363712766,5934.99562926612
4660.62049714792,5019.94785830857
3708.68612743818,4918.38944388483
4354.88887606859,6731.83379168912
3997.83304746226,6190.05684297217
3845.26390761186,5930.39242699352
4169.9279876093,5885.26785163819
3585.08846395011,5881.97169494934
2149.70776849011,8379.78358812137
3831.1116472916,6292.4106481248
4142.84373728696,5629.18417393295
4690.8799495423,5338.94436325241
1237.71557267142,4897.47544597923
4365.79218405887,4476.18179848651
4082.86656649568,4136.04379951151
4477.56101383003,6041.44182754701
3813.54464296073,5659.13458857248
3942.8119289697,5000.85256084155
4367.86714589142,4769.60401779314
4256.36044525898,5438.74116269657
1753.44279455689,1507.51878514656
3792.12363447158,3582.16177349734
3666.85071188182,5725.74147929202
3708.96795930573,3110.85597821977
2451.30525219001,401.686758764315
3595.31616877977,4575.35319501305
3168.77172140132,2664.15845575637
253.09597499742,5954.43217092145
3979.27108896617,5252.95801633655
4481.99678548532,3819.83179640168
3932.05914105538,6068.26607330895
4833.36992815418,5035.63325102396
5032.63789194404,6522.92004019282
3620.21199612535,6471.37398498157
4495.73683383376,6036.44029562708
3594.00507038004,6160.33350160294
4281.47791801778,3993.28236933893
3761.90947064954,5036.99738206671
3474.53715357233,5253.29883766961
7697.85104155152,1299.96927040684
7836.49489766604,3369.55395852012
4217.56725782866,4692.25618081912
4017.63334182345,5678.68445543534
4274.78945655089,4696.57522436241
4338.66309208776,5385.43264679524
3965.99869397011,3568.63547969834
4109.26198571961,4868.43459298662
4559.95057612338,6802.02099782681
8430.85621508653,395.548935497074
3945.72115198343,4666.73855778566
3245.81216775661,6265.41556884107
2744.51578453434,3513.7930563706
4007.31116283703,4713.45433745403
4080.69570365268,5042.28264986069
5174.35953692122,6898.12331093479
3824.16650386955,6182.72537861407
3273.58505094976,1309.6875412345
3704.41253061738,5893.90636158004
4267.5488513745,6078.43912496008
1542.00500396853,3697.87103892718
4286.73931372416,5657.94086819626
8517.54948618858,7055.26308823903
3206.47572737997,4231.69154322366
2738.2388321938,5722.89989199899
3627.11746098016,2999.69304103114
3600.18809560693,1566.51015849251
4106.10133194675,2823.0600594678
3455.83692718698,4506.98468931394
4521.89829927167,4806.99922199829
8609.786693472,1292.69478579393
4656.13442846355,5910.04674654652
3645.26556488652,5862.93306008607
4275.91803832638,6077.70039683495
8906.13751006053,3418.59988205429
3490.16406590249,5530.41068419848
2261.99299891587,1334.75027773069
4183.3034365349,6183.06619994713
3437.97258520324,2022.69866708566
3316.25137053516,4880.53967028385
3785.82822959176,1181.87288136599
4796.85475349477,785.016884593279
3976.96566883892,4858.77319619034
4383.36285571172,5123.94995323325
3520.21309823799,1036.66787640626
3059.66243234517,4559.61071683865
3963.46014674854,1780.36793359446
4173.96306337968,5667.03394753394
2267.83300189737,4540.3450087051
3388.78495182509,1988.59961956937
4370.17887006772,4208.78843421293
3939.1447111124,5152.30916355974
3963.32964470784,5000.85256084155
3844.99654494889,4781.99325381967
7779.26546800266,2302.14023462508
4545.40615594737,5798.03112174235
3854.14288600369,6682.50349799801
4249.60364539585,4900.71494006432
3993.12249418323,5409.69988684872
4593.75930173102,4461.63304068833
3942.73208820459,5306.77776423748
4446.07458001319,5134.74798494675
3870.03366258144,6036.09947429402
4301.60450400404,4395.42405676086
4572.12052563983,5641.45966189672
3860.84926876645,5087.12306648671
4212.04742719232,4937.54182681087
3787.70467135667,2368.00818579186
4014.18876737939,3102.67224910138
4626.46883517015,4149.2288491222
8209.79793970441,7529.46734484101
3797.1562306375,3158.36736004466
4582.20883504502,7347.94657942052
3041.24063154564,1571.4544992396
2199.86198308112,1959.38793305498
3989.68337029409,6338.04645547972
3669.11806967295,6049.90950396707
4664.70641195444,440.218677172033
4301.24466442043,5173.16607600633
3147.05671762011,3124.26831252837
4140.01484479434,4775.51468850473
3921.78336327342,6059.11633136752
8215.0199340611,2734.28878786268
3552.05076932995,6916.76403900598
4061.3442151729,5219.3135382161
4198.28573886482,4656.50884353077
4169.02010257763,4326.65764426968
3979.37761380068,5006.87655676066
3906.43762438296,4801.71395420431
3784.52418800705,6147.88760297264
4108.19348305541,4715.38636310013
3093.62488393514,3724.97986627368
4762.44219356105,6256.77705889923
3162.25534810297,4846.09937857925
3696.7347748378,1338.67173162335
4549.58061285857,5697.04144763247
3913.36594588688,4520.05599086185
4038.1083305676,5020.4024277044
4231.42566047424,4931.57449349552
3794.43446017211,3882.85837170306
4261.8212169424,5409.01782132734
3732.7174685187,5875.94769903023
4007.78416375132,4395.36697130185
3728.2624529183,4924.07261847088
4718.93666448393,5459.59807514317
3637.77851589292,5410.55236303662
4113.47350821079,5452.03953751478
3891.40702313631,3138.87394435794
4013.31002602662,1244.61519222425
4389.94421050213,5478.35255127713
4357.4780748111,4547.16481820835
3630.1835180734,6052.18277380149
3795.80973647832,5637.36811447897
2158.47466157684,4525.00043732277
3456.09774738297,3521.46534206177
4147.09606051629,4591.03858772845
3735.36851985892,4365.47364212134
3393.44986387275,6215.97194994245
3959.61333095185,830.198122552364
4006.71530930531,5638.902233333
4241.91152963188,5809.56830443623
3537.6585237074,5900.83991914607
3996.82642976688,3569.31754521972
4294.36820340907,5044.49925709135
4200.77359164907,3398.02670548174
3493.31114907619,3251.74183392238
4506.45491061667,6166.18750971077
1297.19994921166,764.784793638328
3774.04515006133,3406.6083413922
4271.33646266573,3084.65650109256
3593.11920544982,5073.14220329188
3733.39503669712,4465.78167356509
3821.75707330103,3915.93453236491
3793.01872080808,3977.53989116452
4025.659161577,6086.45223198431
2788.80146285195,1073.38112080385
4397.03007274297,6408.74531647226
4010.94961368144,2658.64569183685
4209.32088769709,7480.30788467169
5066.72675446002,4149.62675591427
4555.06244895915,5689.3120764823
4172.871828285,4392.29831073854
3173.36707939598,115.368441619115
4293.35049309961,5562.12271381758
3357.75533468277,3449.34589885034
4198.47167566511,4548.52852639585
3695.82730759431,4671.62591878756
3693.71487592818,4242.20541620785
4905.84225105623,5866.11589156741
4287.63526608525,5099.22814378394
4040.21125866204,5615.77205105198
2772.41137456571,3129.1558849579
4217.51251098335,6123.10870806432
2813.05450139993,894.588511755055
4126.9098970151,3692.0174536746
3886.66135873012,5207.54928225193
3934.20883122939,3513.224738912
3436.88241575987,1429.54565096874
4131.45144757037,5626.91090409854
4614.60747660401,4652.30354805025
4435.38433925228,5118.77843350205
3790.90604364574,5732.33379266973
4538.62926514579,6315.82541199037
4337.17291660497,5413.67810905895
4329.63504093452,5944.6570260624
4993.64471445017,7724.79771707929
3640.87616587214,4831.26646205176
3644.61489752314,3249.75272281727
2608.76047315723,544.277619699651
3263.37664213911,2527.4781069619
4515.41165445851,7248.26352803913
3947.95988209671,7233.54393671916
3946.16641871566,4033.2350021078
4173.96106599587,2368.46296661532
4515.69749715001,1872.15120315914
3819.74711623079,4420.94125693907
2851.41222366432,362.245542994211
3940.07136952048,3862.34228058952
3854.68412190899,4132.00891469752
3630.20481615305,3084.99753385325
3834.62793744803,6383.68226283464
2470.83523646654,634.526400411955
4274.83361673218,2441.09385325397
3425.19560915656,6152.20664651594
3990.65033314918,5728.24182239673
4152.8179681459,4419.69087395909
3707.80030044743,6561.45187931518
3865.58609395326,5505.0068092278
3764.64200900677,4005.44453209517
4214.48200663665,5718.92166978876
3138.63900147176,415.496867722722
4009.03553342042,4791.42757734566
3994.3782699304,3843.47405639279
4376.74618473271,5211.13002052534
3689.29162665244,1565.88507271633
4273.77775159307,4701.06510142749
3130.67081283504,5328.60090093476
3976.25463559282,5396.11735330121
4210.2663329064,5942.55458974976
5753.75089936038,6858.73899562453
4818.71666519088,5182.7141475951
4514.1054180902,4641.27802021121
3311.95956483106,882.710613441926
3888.54888434838,9315.29078758869
3557.81432064646,1588.67453937809
3942.32592323014,5554.22293200088
3298.13961439662,2756.39629471688
4646.46075660119,7194.84168693028
3957.4656554348,5717.38712807948
3859.4357639722,4474.19268738139
3290.98448512856,2173.41633025109
4806.45297580194,5655.95175709114
2775.99566417021,2078.90522145615
3201.51149544108,4601.15497677581
4533.11969999449,3920.53773463751
3598.89177338515,2324.81605893789
3369.14074204687,3757.88519341375
4469.18342266686,3808.8066914179
3572.96860046217,3790.56344728353
4466.55859754354,2295.26355109044
3920.56257073357,6433.12588173326
2173.64081066346,4913.38833482016
4818.83152192069,6228.07702723968
4042.20017085713,2538.10572800886
3217.73704610718,5832.01684405112
2826.38002754132,1903.63615950795
4531.1881404999,6010.5251886568
3994.666712396,4771.93395023132
4014.68058072067,5070.58477472816
4685.30583657245,5357.92633551192
5026.54793239423,4203.21900768965
3588.38478765905,6511.26953229143
4480.13874316307,3365.06429288266
3568.08535215734,5784.95982019444
3950.84800668377,3892.51976849934
4235.22928658331,5552.68881314685
4769.56175734034,5457.60896403805
4235.33426792562,5175.9510006956
3012.49144864414,3655.87220959418
2490.79972278772,1223.07589711484
4312.886030828,5199.820333957
4389.80992904307,7383.75057931262
7733.6358941799,2923.02705815087
4921.49119538155,6781.39073579525
4148.57165272975,6129.24687490145
4001.88737342286,4802.16852360014
3680.55762485786,1995.58983973916
4517.53417444326,5747.67836405206
3863.35710670554,4819.95677548343
4295.88025553569,7261.56232571258
2189.63145129246,1007.45629560569
3565.08980909333,1393.62800872768
4435.07352391613,3141.82927971373
3909.46247042573,5699.71220140371
3756.30913929691,5896.46379014376
4007.32193054196,348.890082716998
2257.44190206237,1982.23437946194
9097.74835859471,1841.40539779072
3992.26578596603,6531.21772880161
8212.87012719754,2630.00253420869
4277.26101886763,4940.72423543695
4632.92537821449,4841.15535497359
2289.79173419285,2989.86123356832
4729.87640225257,5923.97052428234
3791.92118526033,6055.13810915728
3903.31677936367,4817.17227364941
4667.66011746323,5062.6854157667
4833.06509402909,6277.57773159732
4582.44530264071,5005.11494178108
4040.62228394466,5541.94744403711
4592.2799435931,5151.22919124629
4389.82740325766,5113.20858412352
4590.92451349195,3729.35599527599
3149.44580957727,1849.70266354425
4206.24531924297,3259.30037155078
3125.39700258421,5009.03607853231
4214.5275297885,4689.6987522554
3772.50559057104,6125.89363275358
4480.59775141089,5095.07951090718
8865.1191282064,6521.10133975424
4350.48688256303,4993.12318969137
4757.47992298287,5799.79315957718
3851.98480711455,4736.81201586059
2247.81845161524,3463.15592852338
3651.59306408915,3292.83110160846
4344.67443231114,125.086672804103
3313.41109406503,2809.42044046129
4174.58847152565,4233.2827475367
5147.45462767048,7314.30252415532
4545.32333240951,6651.98518875513
4499.89945646595,4129.1673274045
4214.09314952279,5930.90408184836
4858.44876024712,5357.18760738678
3653.59168460341,5966.36683755216
3868.11939767497,3911.10383396677
3338.17356389545,4410.59779462141
4565.38042156546,6724.61607539378
4220.44874262154,6507.80296493604
4885.79569726431,6641.81213710401
2640.644781551,3961.22951838676
4590.77071103471,6560.94064731559
4371.52259959164,5405.38084330542
4347.43074166235,4718.11462518564
4431.70479975412,6454.66528255648
3552.12448981467,5115.65268747972
4133.62729394804,6292.35398552104
3870.64576756973,2378.35164810952
1883.17400865654,4796.7695077434
3562.75947637034,5332.86328187429
4262.26707416455,5408.33617866122
4133.12135319831,6157.15109297685
7299.42648651302,2711.32880482057
4282.38959886655,4091.60128967756
4257.7500168302,6187.84023574151
4520.84104929977,5435.21750988217
4184.43307618221,5799.62274891065
3932.97975473671,2701.8946927222
8249.9579375987,5181.23626848957
4253.78690948547,1494.73164232795
3966.42346333156,6950.01061033436
3604.31535352394,1490.5261354198
4418.66271856695,2650.74612144777
4086.45656629654,1674.49047562742
3394.6901329428,3564.88475361365
4343.09947227844,2963.83216710765
7833.52554564401,508.132639903764
3750.8545179076,2714.7387095722
5095.71618771667,5560.81566823384
4514.61807593951,6680.68522041468
4235.42872019016,5483.35408319705
4076.10434383991,5331.49957368679
4244.14323596398,4895.65674554064
4602.12315782488,4980.44979493553
4561.87576276397,5228.80452434585
4356.04330960877,6475.29512173279
2735.08869674918,5031.71211427274
2987.42089029621,2871.19642135506
3481.23128239387,2194.50095025085
3689.69397876655,4114.33398802176
3779.19386020194,2709.96488520544
3684.2825533919,4637.81145285583
2719.11674300916,3144.95502573606
2694.53479066108,2014.23056781035
4225.44197624839,1392.09357273221
3170.42226432475,6148.91048982708
3889.25399088599,6837.99540838545
4980.87660654696,6702.28128384166
3475.07873844942,3172.68883314493
4456.64011431253,1893.57685591959
5006.59971729465,7262.07398056743
4350.38848465124,4680.54858745871
3703.48369236258,1941.883839901
4976.34986517377,6598.73375831281
3672.73473150693,5103.20636599418
4200.38817784973,7564.93052340005
4216.67021688021,4961.92281492711
4342.58522270289,2781.85704371895
8516.10320029281,444.822064443804
8182.46548124121,5973.47080578472
4870.70354828395,7694.33607044017
4399.34350167569,6210.34543796016
3561.67754418399,4534.88890738934
3895.56397729068,5054.10356842862
4383.06921978898,3677.58202108394
4317.4966180214,5336.9552521473
4100.24836447004,6993.77105464693
3787.88238705009,1282.63558791939
6886.12766614436,465.906631586662
4154.00365860133,5587.46950332926
2949.2300612837,2626.36534475914
3986.7372443831,4152.46834320729
1308.68005375927,367.985538754739
4240.56447414794,4994.43023527511
3800.41895007711,6104.80922418145
4765.49776059526,6893.46302320318
4302.16000482285,5533.42268215804
4190.61511449352,1906.6481574675
4465.02914305061,5064.39036814252
4310.10243439134,6109.29867839127
4856.17130018553,6936.14391805755
4262.84843647719,5173.45023473563
4288.87341893011,5710.28315984692
4649.35053824369,4895.82715620717
3556.95623060987,2272.87188550693
3870.17000980096,5901.12407787537
5120.21393403958,6347.1395348174
4597.18205141584,6295.99096354296
3932.05167647951,6081.96277777448
2812.43677174596,1645.39264288962
4840.29713208157,3047.14754882464
3448.23478159272,7711.89724905316
4465.98429623368,4819.5592915466
4590.20819816359,6534.22972676116
4003.39520211207,5080.92823704582
4329.54630273815,5637.5385251455
2914.12705600898,3501.06278758338
3877.72838558334,2621.93255315308
4337.76248655406,6294.17226310438
4334.02272951131,6347.93534840155
4399.99046064896,5055.41103686761
4146.99156889101,6490.92385184442
4181.05386158117,5853.95372881117
1280.32027890112,1138.11254276723
3849.45458597401,4553.70046898231
3392.18914136331,5406.85829955569
4518.78229792791,4493.91338776603
3613.57665428652,7362.95032946979
4659.30611032889,7556.85990806156
4237.85385813597,4915.77535271735
3228.37444092503,4122.17668437945
3513.33142806737,2695.5296640424
4288.0601500455,3092.55607148164
4136.38441527882,7163.58422670701
4607.31778271888,4730.33345054564
4357.14220554343,3306.52759464637
8832.32440313714,3783.23240578068
4253.0635749075,5163.78883793935
2141.01559559123,2224.84906025483
4026.23944892622,4803.19141045458
3762.47104007261,4375.93042964651
3819.00855794005,2774.69620145501
4040.14024458904,5960.96782169541
6555.9955267624,387.819828631429
2494.90752956109,1170.10873111563
4484.95434978196,4847.23601349646
4269.43804420079,3629.9571026239
4154.09555708022,5923.45886942749
3594.21121507013,203.400813314159
3235.92435495043,1455.17681063734
4294.3105768949,6521.95381594215
3322.23163340662,1237.56799230926
3354.97464333242,3936.28021281191
3864.84876292811,2063.39002797967
3763.79619293641,3486.79797708687
3477.80363201329,5097.69360207466
3526.98930158234,7242.46702824556
4339.46450647784,4759.54471420478
4080.07239586214,2899.44188361877
4220.90460224154,6343.615882003
3616.44874297355,5350.99277794589
2692.18578875492,4714.76138303777
4373.2505189237,7232.06648046889
3957.41945657348,5525.46623773757
4323.89492176632,4739.53985509084
2708.45629158553,3044.53324622953
4634.3306978897,4878.0959897829
3390.85584072092,517.112024035577
5109.88570542811,2234.05588765527
3846.60045621835,4810.46621220893
4230.8393166618,4915.66160465458
8887.65488979701,1750.19033997083
4019.08276698685,3538.96943521574
4172.44935258207,4577.68312745123
4081.23547919182,3604.83738638252
4179.75230272335,4220.60935278086
4295.77967988141,7895.52045078628
5620.86250110068,8384.16013997892
3446.49138100608,5861.62601450233
4114.58900461545,5499.32363464175
3262.54521306008,2357.66493490183
4870.11052355215,5161.11808416811
3649.60141237448,4299.71922758971
4904.53314914498,5760.18134814137
4698.73682899008,4291.76278316924
3870.54987775241,67.9707682143166
4956.81206186931,2914.44542224041
4534.59905026007,5271.82624053328
3679.1410748251,5235.51058578633
4679.82170309202,4436.5699870507
4863.21500428372,4203.67357708549
4222.39610693251,6527.01201046583
4096.72633520205,5797.17864555445
8367.77159627911,2942.57713644135
3734.83012998544,3098.63715285977
4400.7157483457,6541.56076826401
8027.95935053641,4943.11125333414
3754.18750949113,3534.76392830759
4453.16327379119,5076.38169737698
4193.65110913571,4839.67747586806
5123.56835940758,5305.12947446543
4459.54499216562,4063.41291287286
4790.55313312905,6131.17890054756
4432.79025477524,4894.6338586862
3266.83249970277,4302.6745629455
4041.63251886468,4587.45827231029
3986.01549659803,6035.58781943918
3880.4328913959,6837.59750159337
1065.22028129884,3046.92026412673
3532.95433697992,6012.91220655399
3895.86889433184,1471.26021585862
3895.05612215637,4860.76230729545
3522.04345159361,2400.74331369302
4455.13349871065,5854.408298207
4537.75250071326,6301.95829685831
8733.95334224715,3905.64773265101
4639.98261366092,6756.66892634594
1015.54452919579,660.725824682257
4610.62282942668,6353.16395359176
4437.39772640055,4395.36697130185
3575.42688782459,2452.11916966538
4603.01207228849,6745.35966263286
4330.51345253469,5343.83214710957
3394.00837127211,4755.90773618286
7768.75129568607,1457.50684878933
3786.51309141928,4373.99840400041
4122.4090783141,4630.70748462327
4123.48943866893,6061.90125605678
4451.48017485409,3842.39408407934
8068.60557098353,8564.5434247717
4167.88148246382,8140.01028319388
2923.36099309967,1507.4051427976
2493.96046031795,365.030282684303
4225.62922465336,5219.3135382161
4091.40181024945,4610.87303617586
3509.80898359303,5182.65706213608
4447.69526353688,5573.94363238552
3468.20995949155,5547.51687056039
4952.34944559082,537.17365146709
4402.33290764737,6381.18191972993
4258.0431278523,4985.33715593743
3688.57227150276,6506.15467516398
4445.9512634758,6575.375657051
8761.24655855169,667.375170662078
3391.27992782194,4760.90884524753
3667.8936475175,7394.49194842236
3510.1539667016,1849.70266354425
7824.73083346288,2511.79250281888
4404.96040036176,7143.80728657386
3030.74709675572,4706.06621049217
3992.7497001611,5747.67836405206
3961.5819081444,5287.73912937422
8493.59325189281,2855.79518736897
3984.79523747235,4025.6764644794
3903.47029320147,4468.11160600327
4036.78010917713,3384.15980177731
3920.75581812571,5010.45687217882
3423.54039209992,4690.267069714
4764.11288348358,5066.09532051833
4494.62787448069,4474.36309804792
4782.81249984152,5661.00995161483
4538.40079938784,3300.73088342517
3666.9262357027,2922.06083390019
3997.77589117844,5137.81706836531
4277.45136945548,5019.54995151649
4075.99196121965,5305.47071865374
3884.26562536792,5672.83087018276
3812.00479864031,5292.17192098029
3590.29609122069,4358.48342195155
7702.86013169691,3061.52610738392
4346.35329664845,4294.5477078585
4176.86722891511,5118.43718931374
2896.22958561121,3014.46929495486
3363.84227945486,5820.08217742042
4341.89913752306,6195.05795203684
3481.61899796333,4334.55700323113
4134.47128155329,8503.67679409722
2785.30680578061,1821.40053867678
2222.3895455338,3378.24934249335
3132.94558534263,2895.46366140854
3668.77394149036,1343.04775491185
4225.50767923601,2719.00109051173
4366.92343665191,5117.07348112624
4002.27070393202,6143.62522203311
3937.43667695583,2312.14266418205
4397.10980091827,4821.66172785924
3585.56300306633,5721.0241061014
4380.45321488148,6717.9100139533
4280.6428609538,8760.89710671967
3797.32058634966,3371.59994365662
4331.00236287155,5884.58620897207
3751.98340458161,4847.463509622
4780.36618137603,5817.41100079393
4448.93626466054,4679.29820447873
4306.17038875413,4913.21792415363
7311.77026983181,551.211071551867
4332.7332105099,5484.71779138456
3179.82995098577,5008.52484653271
4199.32795497739,5294.04728402263
4285.32073840155,3081.92866186231
4277.74120841036,4885.19995801546
4108.02318760159,3841.59869335045
4522.26255530304,6445.51554061505
4511.92953711237,6842.54194805429
3444.22772574502,6599.58623450072
3978.48576493885,3124.21143849698
4678.70907448989,5726.82102875022
3441.13738102341,6603.90527804401
4779.86443198536,6750.9857517599
3965.90674225889,5225.11046086492
4134.40850502296,5317.51871049196
4118.85326674125,2659.27088332684
4412.86360859082,6390.38874713038
3474.19284777129,1580.37716791075
4071.33069769091,1920.96984199539
3727.15704317198,5028.5292827914
3828.95960604392,3710.43068562025
3798.22821243357,3885.07497893372
3813.15669851824,4299.71922758971
3773.55513882322,6609.70220069283
7885.14342194651,2240.70507506438
4223.34542667988,6146.23931320059
4792.85913540669,6507.51880620673
3944.91107316215,4245.72906902225
4438.87883261632,5740.51773321574
2974.36528335047,5126.3936337342
7734.68895320933,321.383507149142
4210.57140512403,4048.80706961567
3239.34491852749,5311.15389323979
3779.24534513262,5800.02023284747
3990.13083399078,6259.73239425502
4151.94468296828,6509.11001051978
3427.92521045872,3053.85382169275
4586.93523433643,4312.10846361624
8498.0716098926,2204.10547301575
3100.11283293592,518.873797585871
7736.91658796167,180.838604921856
2831.99315629801,405.153484690424
7317.97507471972,1168.80157981808
4415.64827619064,4618.77281799256
3951.777681763,4577.56980224371
4147.2348031569,2143.23863091365
2452.0941420522,642.198686103121
1835.51747680854,2597.32428033891
7929.89303130686,678.343665899007
4290.53253838691,6287.01163226806
3611.48412930784,4332.79538825156
4241.69349807236,4102.11516266175
3918.42979228568,7362.89366686603
3659.15338713554,7389.43375389867
4342.19442382103,6492.97004840855
3185.78553476494,340.478963186884
4325.77186540302,5607.13354111014
4289.04176477029,6315.59791586483
4089.16148762464,5478.97795419475
4100.19486335593,6660.33911711242
4108.95815093659,3639.22059262811
4022.16525115314,4882.9833507848
3914.31626256789,5188.39732218114
5203.55779832933,7014.23048315671
2972.82873500929,4779.54957331872
3890.40090681786,6134.47505723642
4024.80213790991,502.619928841153
5003.954451488,7208.08382199997
4452.80870313175,5209.53839335704
4332.56819225821,3800.9639950602
2615.86301929632,3097.72780264047
2926.32614331475,2520.48788679211
3940.12482725751,6363.56407851318
3036.12730477697,1038.60011348
3799.71503401606,2290.83075948437
4285.36719013609,3468.27078565083
4409.63914516916,5726.02563802132
3196.75900986164,971.368136984281
9091.15641912666,1363.62082577058
4243.02883128603,1868.51401370959
2753.59684030787,1916.42330232656
3949.56812851554,4092.73792459477
3543.42866276871,2326.17997855302
4092.64908217289,5490.51471403338
3398.65790738758,4911.00131692297
3552.59986597038,2045.60177609638
4722.57161464029,5106.16170134997
3483.82961284296,4349.8449120097
4451.74454154386,6191.3068030969
3507.95225483225,543.538785860702
3794.28941146437,5103.20636599418
7761.77743276096,6722.45655362213
3263.86224568311,6969.95880684454
3718.1931953911,1615.10130120322
1773.2148299464,1354.07307132325
4274.89582894209,6387.14925304528
3241.32806171133,4271.473765326
4259.65193469987,1866.35449193794
4046.59507531884,6056.04724794895
3680.03980269036,4186.05573586874
5092.33965034923,5606.9060449846
3502.56896870954,6141.29486673967
4352.44987213153,5586.50370193383
4655.01422482412,4319.72408670365
4521.70816319753,1055.93379596744
4809.25005619067,2936.49626649085
4249.86354892985,5604.00779508781
4667.40245360908,5936.41642291263
3600.59152754316,4127.34862696591
4361.37332426466,2789.41558134735
4459.5783127785,3568.01049963598
3977.22926680421,3918.66237159516
8690.19760566962,4576.66024059679
3851.19367197259,6987.06499320645
4243.69588002514,4405.59668555674
3812.02304267406,4882.1308745969
3846.66423837365,4418.04300704228
3680.38150278055,4192.59138664269
3667.24282541064,5817.06975660562
4237.61430529155,5009.14982659508
4128.75963329781,5483.18324967527
3891.01430006415,3930.76744889239
4426.00471949271,7364.3711231163
4473.27980429836,5295.69557379469
3362.58999304281,4747.21214078201
3999.11102658442,5259.32325644398
4303.46381157808,4913.50208288293
2923.15137510987,6413.86017359971
3651.63846033157,944.145773002634
4112.88251898572,4071.65351602264
4010.08072912021,4075.74548629564
4340.00349416689,7437.74073788008
9033.47013790835,5058.47969743093
4223.87021273033,5079.05287400347
4077.23966765371,4254.82214835992
4265.18002822635,3359.94943575522
4580.29120637667,6699.7805178817
4366.01719430112,4320.06490803671
7415.99714007257,7163.81172283255
1831.48540607643,4633.20782772798
3445.36689655854,3800.9639950602
3194.61795233098,6521.84049073463
3712.02174608322,4276.64570791245
7696.14856612323,2049.3527136087
4239.43656373316,5118.55093737651
4450.84798187252,4152.12709901898
2445.38610463894,2401.993696673
3836.80615234805,3097.95508733839
3857.25901626557,100.080698018377
4241.11157621342,6662.49906173932
3943.31892966283,1946.20309487192
7664.0999337445,4283.80633874877
4085.42135434446,5736.99408040134
3861.41265084416,5598.04046177246
4659.74008618954,3288.00040321032
4397.0106332172,2826.64037488596
6144.26305197113,2032.75775924639
3006.99719155311,3242.93291331401
4123.17844758883,3415.98557945918
8618.85817387418,2225.64466241135
3976.12512120436,5587.29909266273
3527.30113846698,5890.89436362048
4549.69239259926,6232.45315624199
3370.25105616778,2450.07318452887
4521.84466962119,1991.38433283101
4184.76284416047,4002.94376613521
3736.89077359559,4800.74772995363
3038.30529553687,3207.24266148467
4094.20448058284,6577.64892688542
2589.97957405938,407.369933350364
4036.25851851231,3483.72910509593
4029.23358361623,6866.92251331528
3461.27233724202,3044.70386832369
2277.91520318189,544.050282144827
4580.56272648816,7136.07749256843
4412.77288307334,5563.31601133855
3933.17076885273,4782.73198194481
4247.93258780588,1472.79465185409
9240.92667553676,975.857908335547
3735.60668714851,4264.02897576037
4836.04939717862,6954.44340194043
3800.21241216044,5407.54036507707
4308.28341041014,5523.59087469523
3234.7436949438,6106.85499789032
3911.35733469581,4480.95583428089
3933.9251283242,6579.75178605331
3498.04095427786,4414.29185810234
2263.21889270265,1745.30287325511
4126.31904767849,5168.84703246304
3724.92584425136,2137.61233035898
3698.15924254723,4028.40430370966
8380.81657990495,960.45646292183
3757.44649801495,6174.25727933876
3288.85876504361,5597.92671370969
4339.40295403364,7146.70553647065
3388.64272251603,1912.27445802216
4379.85839177493,7300.83289296008
4279.55063847011,4731.01509321177
3959.00261688335,1843.56491956236
4901.08121661564,7867.90039144019
4742.658013691,5281.77179605887
3122.62254179755,2862.84228157014
4136.81886206409,4472.60148306835
3718.6691493369,848.952598686323
4057.62387514301,3539.82191140365
4187.57005484687,4478.73922705023
2064.3928669659,3990.66827817145
4018.49222954424,4988.80414614807
4782.79560056064,5019.94785830857
3751.53178003151,5510.40582508454
4792.21151739591,5297.17303004496
3910.46980688842,5815.02398289674
4169.66490354827,4469.8736438381
8444.33958943183,1047.29539173941
4714.1793788688,5837.41585990787
8493.25298797492,1597.4266916689
2795.21419084056,3054.87670854719
3883.77256264619,4137.8624999501
4097.08530614053,5139.46493528212
4227.80583407686,4581.15011766187
4369.75382810566,6202.90064839454
3792.45092859637,5520.06722188083
4523.67640221391,5599.68832868926
3944.91821242045,3429.79560913223
4053.939004566,5606.9060449846
2053.44816061037,251.082632234033
4278.64203625766,1748.14446054814
3577.64695318399,4228.79329332687
3460.11075166831,5070.30061599886
2041.57136210206,1411.13220759547
3813.01591281625,4617.57909761634
4156.11225309197,3618.19284665973
1828.2654327696,1695.85925435649
5094.19892400911,6006.31947032103
4236.91506299336,2299.07136263414
3791.03943826659,5368.38312303709
3701.42535950452,612.816694636013
4017.17799376956,5771.14979052139
2072.73514321316,2348.0602007093
4218.75034439444,5346.04833148498
3406.32234617352,5790.7000802395
4806.50701667119,3155.86680551232
3664.86023024955,3465.65648305572
4161.37386030541,3045.44259644883
4035.97065158737,6844.98562855524
4719.55401283195,3896.27049458403
3515.87223406653,3128.47381943652
4020.82341176036,2683.08334255686
4179.94959518872,6012.68471042845
4178.59328212379,4958.79706890479
2181.71391280405,4670.26221060006
4413.53296909219,1370.72479400314
2831.84502258014,1931.76787370889
4405.9764071248,3920.08316524167
4162.05684104297,8221.05302935933
3917.17840538112,5138.61245909421
8790.55564035039,1272.34910534693
3657.73612389169,4644.11960750424
8151.63108784341,2460.41664684653
4782.35834866965,5053.30817769972
3772.32305187322,6451.1987152011
3923.40177157473,2475.53393353094
3966.94608260578,1780.99312508445
7498.52395689219,248.070554989118
4322.70228053868,5637.48143968649
2665.56179256848,6148.05801363917
4376.05650315496,5387.3650952966
4169.80013651891,4299.83297565248
4496.90972166903,6844.47397370039
2773.86506305931,2600.50690039262
3484.75260655007,2930.2447744462
4008.4314072254,4788.13099780155
8041.88545958787,3873.48113363608
3932.04004277829,6277.236487409
3952.23844217351,4034.71288121332
6673.26885107945,3090.22613904346
2849.77311408184,3487.76398990992
3735.89653597955,4955.04591996485
3621.33701503466,3754.98694351697
3774.55380643821,4466.86122302329
4913.28384968393,5190.72725461932
4153.32308511175,6782.41404550495
2774.76347645768,3762.03424914577
4988.79825491469,6209.03839237642
3986.1179287009,6209.7204578978
8498.23496037049,7744.97298685976
4618.13121127939,4726.41189093917
2919.08388402818,2551.00640746262
3782.33612413804,5536.09385878453
4323.58288182257,4206.51516437851
3090.07108554326,1541.16326326702
4482.26306178248,4075.63173823287
4181.5292442406,6032.46207341685
3901.20392589097,4456.74525683117
4548.31638258098,5578.03560265852
4237.36380054526,5612.93046375896
3968.40977045434,4599.22252827446
3766.42855976275,1077.13205831617
3911.5971264879,2853.06713671109
3050.93575603264,2252.63974169508
3610.06660524041,2670.01204100895
3906.73327352275,3101.4218661214
3969.64756220054,1133.05445395736
4585.57785237452,4590.07278633302
3728.63717885086,4926.17547763877
7502.22007173484,861.569225124588
4945.57554123327,5840.08661367911
7844.54697369665,1503.6543109991
4122.6780383476,6210.0046166271
4479.35995837685,6652.72391688027
2919.54158325392,1675.51346819568
3444.73462886362,4916.51408084249
8888.16541281061,5257.73205213093
3842.90646321016,3714.7501520188
8657.73603926272,2123.40439389386
4862.88468888574,6985.58753695617
4197.2778834525,4673.27420855962
3321.69414661221,3677.86617981324
4500.19904323855,7102.09261597017
3720.52641696998,3701.96300920019
4074.58808242007,6292.58105879133
8829.43597666784,3235.26062762284
4129.54419965966,6052.8081767191
4787.90670173593,5372.81633749841
4233.25983067266,5954.03426412938
4269.74550500213,5108.71912991369
4223.79762791871,5071.15309218676
4059.19754748954,4578.99059589022
3972.26384753466,5275.12239722214
3814.67721706002,5573.43240038592
3071.32223430365,5437.14953552828
3961.98905867245,6493.87918720022
4406.22372377135,5269.7233813654
3975.6506947142,6650.28023637932
4367.83152885477,1706.6004120386
3134.66875413709,2332.60209269183
3413.64415897056,4439.58198501026
4619.95754837708,6477.0000741086
4256.27610083076,6053.3194087187
1648.78030367951,6727.23016656126
3310.56261586296,2730.70847244452
3816.11779331796,6286.89788420528
3343.96613644492,2866.25218632177
4553.80322967322,3917.18491534489
3758.82101938901,3907.58018115237
4292.82969100973,5981.71140893449
3678.92849305369,103.66109932901
3628.32789677687,3199.34309109559
3943.48712637823,5361.27915480453
4211.5299372991,5525.69373386312
4175.05938552569,3194.05761187399
3944.06029538396,3789.42681236632
4467.0471429228,5666.74978880463
3961.16999112615,5232.44192522302
4684.96474622854,2662.33975531778
4705.89379327078,5634.46944172693
4135.00919859095,5227.66788942864
4263.37214922387,4314.77964024273
7462.02388120889,3539.1400573099
8253.77302640119,189.761194307643
1538.78731798519,522.511039892323
2391.55922163356,1704.61130093348
4180.34681674821,6118.9034125838
4347.41411462187,4107.91208531057
4467.31763695959,5571.89785867664
4623.57548486226,4717.94379166386
3401.79605013603,4980.33604687276
5773.2756989439,3740.38110025977
3465.87362396252,5113.72023897837
4267.94143377208,5269.15506390679
4861.27779499968,5530.63775746878
4186.49856000863,2322.03134567625
4021.67594649049,6293.43353497924
4809.99682970468,4271.36001726322
4360.37030256012,4992.61195769178
4957.28517158981,5272.05331380357
3711.91732555624,5658.85042984318
3589.18800161832,3095.79556556674
4179.77970686003,5309.27810734219
3301.9348985867,1748.71277800674
3624.88179464942,4114.10691475147
4857.10062528362,5680.50315587392
4575.09509642968,4444.18561013811
3633.71975450947,5543.87989253847
4154.36395121065,4743.29100403078
7670.33108507327,1376.06704154231
4377.80711754348,5631.79826510044
4478.56780772444,5713.69306459854
3504.67939471803,2301.34463246856
4341.75508169042,4248.68440437804
4380.40853053202,3566.02138853086
3906.33757048776,5762.00004857996
4094.64066978323,5863.10347075261
1652.5199035459,579.285964578327
4943.90747028058,6535.13886555283
3995.19150249549,4585.86706799724
3606.4197933508,3230.65721392262
4024.06143283461,5032.45084239788
4202.26744362864,6496.32286770117
3960.17070609315,3925.48218109842
2616.3374704464,6332.98868381129
4036.01397359537,5709.26027299248
4170.13317337179,5613.44169575855
3270.4279858452,3325.62310354101
3857.77179633918,4959.59245963368
4914.46127981437,4405.48293749397
3643.88035052978,6040.70267656662
4497.45191145558,2649.55261249917
1981.88974286556,1011.66190822765
4389.16963925703,2907.22791737271
3332.21374947553,1168.06285169294
4231.04589277157,4914.86579107043
3584.45599838372,6174.14395413124
4195.8853668258,4508.57589362698
4493.07476072248,4795.06455536758
3041.58787488955,1283.20390537799
3763.74267961824,7034.63324906272
4007.10961594285,5753.53194930464
4355.38237518232,1353.61850192742
3455.98903859216,4659.40709342756
3366.9515416897,4929.41497172387
3681.32766714148,4950.89728708808
4184.38759087167,4261.13030300834
3845.46846358463,3950.65855994356
4407.53248873146,7023.72146928646
4283.91833301728,4689.30084546332
3897.28964130351,4721.80868866657
4522.65874816619,6061.27585313916
2872.61545872076,3189.28378750724
4166.34309896186,2481.38751878352
3413.18938239996,1647.89319742196
4470.03464575295,3072.38080170117
3652.34299244539,4713.5680855168
4611.96053553283,2637.73169393124
4042.52854601747,3745.09805059514
4659.02167635048,5247.61566308357
3700.13712144757,6685.97048820865
4316.64376469539,6440.68484221691
4126.99678728764,2353.40255396229
4178.65131866437,5777.85585196188
4326.07194281149,6265.52931690384
4115.01253781439,3666.55691610016
4010.11825334907,2369.20169474045
4746.74646694073,5373.10049622772
3954.43042842488,5392.19579369474
4224.12160799669,3780.61789175795
4924.95628688677,6534.11597869839
3872.00601497465,6253.76506093967
4218.80685472267,5273.8153516384
3897.61355473997,5634.75360045623
8674.91798333253,986.428549637309
4184.42935984239,4797.62198393131
2911.81447817287,5413.56436099618
4214.09756621444,3010.77523147393
3071.0325355356,506.88230978069
4320.23891632738,5480.51249590403
3163.92721684627,946.930486264273
7111.79721544094,1515.81626232772
3565.8297728507,1168.29013639086
4150.09854515219,4084.55440690402
6891.40525775326,1195.45573205493
3923.69574453469,5500.23277343342
3951.34262674879,5360.93833347147
3977.04193262244,4656.45218092701
3617.41987128251,6220.57515221505
4411.67727091787,4419.80462202186
4570.08846436727,6159.36770020751
4642.22898901329,5233.46481207746
4903.49090735948,4397.69732659528
4848.10101733958,4567.79465738466
4002.36129218283,5111.56071720672
4075.88997348481,5985.80337920749
8184.59450979706,4376.72624323066
4212.82608950457,840.029982872084
3566.76290887949,6283.31756878713
4618.10552851778,5397.93563088455
3878.58480010699,6450.23249095042
3828.08927127222,5631.51410637114
3109.31440912605,6680.11690295607
3797.95991737514,4754.14569834803
4368.68463046284,4867.29795806941
4300.0078194536,4133.60011901056
3434.82020818691,368.667524990755
4035.34978646974,5027.39264787419
4186.59046462313,3906.15938750586
3829.38564864841,1960.92247476426
4803.46664855628,6048.77286904986
3777.44136154479,4069.55065685475
3304.73021402917,6832.42598186217
3225.48705326056,4542.67494114327
4831.23014068422,6773.88928362587
3613.39227663347,3815.00109800354
4169.05789771671,6219.15435856854
3503.56633693932,2866.99091444691
4234.02487924692,4919.52607880204
3319.58181062446,4528.35325661538
3641.77068023927,2958.26274058437
3783.82132206976,4642.47131773218
3533.86331529385,6783.32318429661
3730.84766772924,5269.55297069886
4757.52375467665,3813.75113787881
4430.52109034803,5922.26557190652
4211.11743619509,2216.55158307367
3137.86594054386,4237.77262460178
4743.78216394598,4670.83052805867
3444.42257293754,3999.24970265428
4242.13224133972,6653.69014113095
4524.32493509462,4527.61452849025
4417.52993327925,3332.72707177357
3561.77370879595,3078.06397628722
4494.46416805764,6328.27131062067
4823.22487809585,6552.98420289512
3478.64414399746,1759.96537911607
4063.99394351973,6420.8503937695
4179.0574987458,6098.50064667778
3723.98546042167,1833.44895337025
8388.99051784573,2964.96880202486
4401.0021778928,4914.52496973737
3835.51407385667,5153.61620914348
3668.66984849152,4549.0401812507
4420.71890235192,2128.97403184476
4213.61237564306,5894.87258583072
3894.34072275019,5278.36189130724
4175.936506927,5847.58848870374
3583.56309147156,140.147085457131
3422.62209112641,4377.80621554411
4438.59158112291,3731.74259031793
4208.61202475339,4856.49992635592
3112.51943334282,6930.51740607527
4143.3022991048,6235.35140613878
4160.63638672494,5833.26680417585
4643.11874835513,5772.62766962692
3678.84076829276,6847.08848772313
8373.93766503384,1823.44652381328
4216.70581812083,6886.52946563715
4032.15749326937,3757.31687595515
4706.39649695101,5332.18163920817
3336.13642255408,4956.35296554859
3670.57109760328,4594.90348473116
3146.51787541795,5588.66322370548
4340.35116256523,5464.03128960449
7104.86774068872,3555.62126360944
3353.51245858569,5554.05252133435
3327.09461457,1961.6612028894
3601.75025840299,1822.7644582919
4644.65948337974,716.193650927614
3947.74686592346,4495.05002268324
8736.11569908777,160.5496795782
3194.51301026339,3809.77291566858
7855.0870035109,2162.95933129828
3925.30678080773,5115.02728456211
9212.74407815266,2131.13355361641
4640.11520884592,3791.75716765975
7498.06504215264,1406.41515154628
4342.10003144389,5085.53186217367
4178.6768119619,3052.48969065
4351.35128996189,4544.09573478979
4239.66715818586,5261.31236754909
4474.34372064948,5936.75766710094
4408.03446134043,5398.04937894732
3629.85265142913,2279.23712561436
3708.13043600979,5720.39912603903
3876.22626771198,6157.946906561
4483.82231247912,6593.67556378913
4715.33580058594,6955.58003685764
4307.34794855457,5735.06163189999
5031.21769182506,8492.87876238373
4315.49655755856,6709.38525207422
3994.9562911858,4375.87376704276
3835.15322595358,5648.33655685899
4319.7396764691,4978.63109449695
4085.17605371597,6560.03108566867
5514.92338024804,5021.53906262161
4014.33472399808,4039.9981490073
3947.15996520823,5023.69858439326
3758.14624686192,4635.70859368794
3686.10161406977,2460.35977281515
4133.39636242084,6056.67265086657
4204.45086673423,1594.1871975838
3792.63591952944,6172.83648569224
4265.28444860037,3695.42735842623
3937.37739436121,4587.68576843583
2678.02098542058,5709.88525305484
3865.83290775938,955.853049221606
2996.00982269849,6160.84515645778
4531.39940516155,6646.07451804354
4009.83107368349,1464.26988997502
2336.118297225,4431.90969931909
4324.53513403388,6256.3224895034
2188.62151804007,5709.6577569293
4258.88845974577,5560.13360271247
4670.35448081122,5989.15662135536
3890.66735013487,5204.48062168861
8039.02194113262,3215.71054933236
4306.59806951131,4014.53761143285
3433.51523701699,6717.85292849428
3932.82221979045,4030.56424833656
4201.88283727728,5297.79843296258
3532.42681849974,6413.63267747416
3490.59827876983,6425.2265227718
8368.21306238437,5447.60674590871
4121.95250698143,5889.81439130703
4521.97099316137,5197.31956799704
2830.76154878244,4386.33097742318
4609.81180326859,4963.68442990669
3912.8021352023,4413.55312997721
3088.62231451829,966.139637507879
4322.24127236695,5865.37674058703
3562.39142476903,4801.03188868293
3930.71597177907,5794.96246117904
4826.2234549426,6194.20547584894
4579.05472651041,4696.40481369588
4262.54315185146,5354.40268269752
4824.37240094151,5275.80446274352
3474.03022600347,3079.08707456928
3132.05194076296,2195.52383710529
3786.420954596,3584.60545399829
4421.80877122281,6849.98673761991
5110.30398232495,5838.89331615814
4212.53189670098,5913.2291551726
4668.61417461249,6986.78083447714
3595.3019444695,894.758922421586
3373.50154023983,2399.89083750512
4363.9029581517,3826.93576463424
8179.09970012795,4351.43611632275
4196.18220184923,4528.12618334509
4289.40496943898,5863.95594694051
4110.1380775083,5096.67071522022
3987.06068275538,7504.68887278794
3218.51371846904,4852.52170414568
3673.02696651377,5419.6454423743
4028.39078274555,6721.71740264175
3792.27259592156,5187.94232993006
2861.63843899565,4877.30017619875
3695.0165993478,3862.51269125605
4622.69937851435,5765.58036399812
3424.32925641428,2818.9680891948
3435.08939187989,5223.17801236356
3031.34857592044,1023.76698552488
4117.21459754136,4940.66757283319
4097.57382026166,3846.65646501888
4612.32595694921,6200.39988243458
3973.02179811061,5514.44070989854
3576.78351931852,5688.28918962786
4847.37022734194,8468.72527039302
4381.45774212606,3765.84163783422
1164.59120719856,2990.14539229763
2394.22444411063,3149.89947219697
5504.96824439747,3553.29090831601
4042.5730884503,5283.70382170497
4176.77884170978,4849.73677945642
3398.30804647144,1373.4527389472
4425.5003631002,2385.79664910277
4112.09527064039,4431.17097119395
3403.17388267255,2510.42858320376
8232.4177048325,517.3393615904
4153.6763556006,5498.92572784968
4107.3969735595,746.37129740815
4215.90885592664,4920.94687244856
3758.70287216725,5437.71785298688
4099.09040840977,7023.89187995299
3946.01136584573,4869.74163857036
3449.34046914997,5623.10309255483
3944.62581527992,2502.35839072052
4739.91055252085,6587.594482411
3857.41007297334,2928.53982207039
3340.13325373342,6446.14052067741
4466.82688775344,6015.4125496587
4264.9893361214,6186.1352833657
3472.36451002309,3746.23468551235
3516.95975971334,5078.3708084821
4087.19569081038,1542.47030885076
3516.91501766727,1193.86442202808
4151.67338135704,4809.10208116617
3381.40947277647,3430.42080062222
4612.8621558636,5350.65195661283
4312.26205991339,5483.01283900874
4109.6378922847,3064.4243572807
3710.7396743071,4987.09919377226
4404.94807149295,6600.94994268822
7932.79194607702,2662.90807277638
3307.77216488833,4448.67506434793
3696.06186366763,4672.36506976795
4598.14904257789,5298.82131981701
4050.27602696517,5057.91137997232
4409.63264644973,4612.4642404889
4127.57650885308,6143.96604336617
3313.1044624672,618.840849125843
3909.46252323705,5712.78350295163
4880.43124500776,5838.89331615814
4409.81664251537,8081.41692235382
3744.07843346449,5026.65391974906
5114.19611261494,1722.05862576989
2817.03854686903,271.59890834674
4046.37846975256,4161.04976769013
4939.26592375448,4950.89728708808
3986.35405408508,2113.28842770175
4836.7273944147,7071.1193144762
3622.95153500235,3877.51601845007
4449.85357985127,5174.13230025701
2152.93703893181,1767.35350607793
4021.14877174052,5960.91115909165
3864.5550962422,4444.01519947158
4291.0129826156,7767.36486387089
3502.3621683874,3962.93447076258
1823.94701182659,2639.20936160914
4498.82403122717,6975.81239209712
4236.39082325792,5352.35690898864
3974.59962866953,3769.53570131515
4310.59280255983,3406.0400239336
3261.73540383321,109.401108303764
3730.83571563637,4868.20709686108
3714.2288258959,1356.85789029871
2169.74150187096,67.4592785373041
2790.0215926425,6422.55534614531
3614.33091820709,6462.39423085141
4475.97966337405,5874.35649471718
4048.64856086758,3102.72912313277
3329.82976739073,6513.71363564763
4441.36566449854,4676.22954391541
5056.77793208845,7143.86394917762
1447.5195223548,5003.69414813457
3924.37957856724,7203.82144106043
4513.11175050439,6175.0530929229
4490.78015679578,1832.19857039027
3604.72913402285,5143.44315749235
3981.38014761156,6967.68553701012
4289.49278452312,5701.13299505023
4268.45892476901,3801.47522705979
2741.03079329659,1601.40491387913
4105.27863012825,4168.38123204823
4170.19781500249,3874.90192728259
4691.3584456296,4833.53973188618
4350.7559528094,3075.96132854696
4230.72980824868,5302.62913136072
4057.70607318879,4935.15480891368
3668.50471302203,4118.0851369617
4601.0506922162,4939.53093791598
8911.3540062001,414.871729089638
5100.01245874932,5384.18268667051
4792.57271919566,5570.02249563429
4588.93608375923,4732.60672038006
2300.24534273314,51.2622309670663
4240.60446875644,7500.59647965968
4681.48338032877,5745.57550488418
4523.46187894449,3523.34070510411
2368.43827970298,6709.49857728174
3377.97315581443,3876.55021705464
4339.44022986354,4369.16770560227
4516.51697589193,5645.83579089903
4138.82113869306,7402.10757150976
4088.20478960928,6939.15591601711
2900.53015315454,5196.52417726814
3951.8980777699,6312.1880111132
3677.10326187299,2035.20165117497
4438.27688143012,4422.30538798182
8387.03846656003,8054.25185525882
3716.82976875933,5584.05959857763
3593.7708096355,3932.07449447614
5016.64193897905,6604.87150229469
3960.20478736146,6062.52623611915
4063.21438301656,5874.69731605025
3714.77611962102,5330.98791883195
4349.10886018416,5183.05496892816
3947.26714454678,4554.78001844051
1369.96808498059,3273.45164541214
4127.54872406257,2797.65618449712
4337.88191701786,6195.1146146406
8728.70446344919,1370.61115165418
3472.51321224807,4452.99453074648
4048.70994030569,5922.9476374279
3938.01269702983,3850.23678043704
4370.99293519869,4777.04880735876
3626.08172416547,3452.18748614336
3894.171753219,5682.94683637487
4400.99579025742,6907.55721160553
3783.17818095417,6006.54696644657
4275.09657050736,6425.51068150111
4334.22012494882,3849.4980523119
3738.38475660956,5194.98963555886
4737.74571588501,6585.32121257659
4437.87154015666,3213.60769016447
3632.85640633735,5528.3078250306
4173.44588139175,4984.31426908299
4267.53300415053,6054.74020236521
3898.91365382385,5617.19284469849
7982.32364143581,82.6901877493368
4547.11832325516,961.536223807654
4658.68134880642,5623.33058868038
3598.3929967053,4462.59884208375
2518.48419742616,222.723606906724
3873.840095453,5247.61566308357
3788.04377500323,3905.53440744349
3399.77868960758,4709.07820845172
8706.17548561924,1587.36738808054
3841.4066135101,2078.84834742477
4319.34643606396,5117.30055439653
2946.75513467796,1773.37771342467
3707.37180615919,2091.63549024338
3589.53098902187,3663.60158074436
4621.43475739559,4380.76112804466
7073.90278467374,1807.64717160749
3833.17124029035,2796.00810615269
4067.00017543315,5114.62937777003
4263.16060739349,4103.7063669748
4182.12758323245,5782.45947708973
4519.9330089666,7113.28813162048
4065.93205341596,6338.21686614625
4299.42431057422,6476.26134598347
4019.31596553876,4029.54093862687
4338.00072534063,6424.99902664626
4191.25770083176,5667.09103299295
3466.39509968788,3651.89398738395
3918.06557360743,6872.77652142311
4084.24852281401,4753.00906343083
4197.07611882862,3519.76038968595
4092.4322101504,4928.33499941042
3550.45034985464,1547.35788128028
3043.96251574555,2324.19107887553
4156.40562423967,4376.21458837582
4059.63157366063,3108.98061517742
1997.6783024626,3338.41024635962
4412.13751106931,5165.66462383695
4164.61768706571,5832.30100278043
3034.36905234384,4721.92201387409
4352.41903345131,3779.70875296628
4210.79996710718,5413.28020226688
3949.74112764319,4576.71732605581
4950.38393494177,6215.80153927592
4584.55220695467,4376.72624323066
3742.23627590852,1836.23366663189
4182.2186699059,5880.15299451075
4387.25182037332,6173.29147794333
4140.84806624351,5463.34922408311
4043.0333492562,5224.94005019838
4717.95680226739,5208.45884389884
4206.03924811483,5592.5843604567
3875.53077325037,5968.64010738658
3569.42543503584,5545.64150751804
4313.01478665473,4956.35296554859
4881.71613821386,3504.47269233501
3605.46124657348,8269.07585461144
3745.31086070622,5117.47096506306
4234.40948520181,4666.62480972289
3530.39687123717,5666.0110606795
4001.01509547869,5830.65271300837
2966.75093094815,934.370733857393
4144.99966270926,3896.15716937651
4496.70070574498,3778.06046319422
2221.23757624225,2751.11102692291
3362.8654039534,4226.12211670038
4164.37914362895,6443.63975471745
3247.00515800373,3583.58256714385
4422.2373769282,3993.1119586724
3101.33244602601,7335.50025793497
3826.39076853358,6816.569755625
4015.62621172783,4902.87446183597
3521.65837402322,4964.30940996905
4004.76934314554,4282.3288824985
2908.9915507505,7269.06377788197
2429.61571720639,1539.74246962051
3838.01278058632,1158.06042213597
4027.23513890798,1452.05106461502
4116.14036757313,6536.44591113657
3486.46151940407,401.459447637945
2917.40808665702,1818.50207735237
7293.54238896777,2962.07055212807
2390.00337742244,6166.073761648
4999.57435629624,6837.99540838545
4177.9844807416,1453.2444678498
4038.09345881485,4483.96783224045
3432.16411545712,2580.72953740423
4525.13375062068,4135.47548205291
4178.42657124538,4947.25988621091
3918.98307034659,4441.28693738607
3987.88949637269,4204.58271587716
2061.86159416952,2060.32115598872
3987.45615359694,1081.05340649501
1963.22222848989,5129.23522102723
4480.96947688955,4529.83113572091
3088.6586501833,4882.18753720065
3829.9765456782,4129.28065261201
4976.64077783404,1092.4766296985
4211.51684671737,5136.62334798909
3689.89760365158,4069.09608745891
4575.54340101962,5671.80798332832
4724.0613614145,4564.72557396609
3852.46215446397,4387.58093754791
3960.2994002659,5476.76134696409
4003.28378169726,6575.54649057278
3560.53516450365,4912.47919602849
8718.22406140682,2932.17701151993
4390.72172634052,5561.09982696315
2645.74974072649,1036.26996961419
3291.49255142713,1823.9579672405
3951.86183419309,4825.46953940294
3479.6132662189,4712.37436514058
3238.05750391871,4912.36544796572
3865.36927918234,5516.3731583999
3652.89829194914,5544.90277939291
4340.28021176807,5568.65836459154
4766.21408466114,5583.0937971822
4433.85036673004,5147.59179036912
4662.36369926216,5136.16877859326
4181.34211101863,5940.22423445633
3970.38384398045,4410.99570141348
4682.19801361173,2976.61930992626
7892.9451212556,1109.46927942526
3522.37041649049,9553.8707949952
4207.78536227487,5123.77954256672
3175.33434311893,1799.1792837598
4211.25543442116,5432.14842646361
3791.05259370659,6423.12366360392
8970.04100614589,470.850972333762
4642.53790871694,5084.79271119328
4283.69591043366,5904.30648650146
4041.55096811362,4258.7437079664
6484.54957107214,1778.37882248934
7879.1946785165,1076.96154193582
3737.26020971343,5252.84426827378
3842.02629178667,7991.67942649802
4218.75824881749,4451.80081037026
4689.06105758271,4592.9710362298
4402.95424831376,6865.16089833571
4149.8090622948,6014.10550407496
3762.30549927974,4880.99423967969
3403.61088938839,2001.8982058152
2487.87551153115,1499.27818199679
3842.10252388302,3320.6786570801
4376.37179929755,5563.77100358964
4698.71938060317,6194.43254911923
4172.14207621076,5899.13496677025
3604.06647218533,4257.09541819434
5108.3847939084,8437.80863150282
3009.63090531431,4256.18627940268
4308.73994368619,6033.03039087545
3500.37330735245,6517.57810979509
4597.64290792414,4194.92131908087
3554.21339620342,5513.24741237757
2137.49849252565,511.76982935331
4164.20805568138,6049.45493457123
3000.82839184169,43.8741073087601
3317.11545811652,4324.27062637249
4377.81606707031,5793.14376074045
3564.99042075161,541.492853581106
3723.78650057317,5113.49274285282
4013.97267243487,3983.67805800166
3757.71093651338,3565.05516428018
4313.58766296079,7078.84826277113
3654.02606112894,4056.93392470267
4119.24868654606,6308.6643582988
4493.85376089332,5219.19979015332
4004.17419472626,5751.08826880369
3909.32054183674,5216.3582028603
3958.03912100732,5878.67553826048
4016.24277881926,4617.86325634564
3367.4021982424,2171.65450384389
3481.82248960627,4302.21999354967
4235.97125048207,6234.38560474335
5133.63687703226,2788.16540979499
3742.79244592406,3687.52757660952
3851.28877863056,6205.85598375034
4610.99604087837,3457.0181845415
3953.15964653265,2492.81074198701
8162.96141172034,1647.38175399474
3563.81634892347,7488.32099169591
3571.93051593787,6504.05223885135
3817.67713377614,2745.54160039963
2032.96024722086,2415.06499822092
3823.63796523686,3700.94012234575
4317.72073607768,5534.10474767942
2172.4150954724,2065.54976117894
3098.86693299244,265.915733760691
4443.97162797967,2289.40996583786
4513.76987379818,5918.45776036282
5046.07249061819,526.375619753598
3169.51291568896,5762.39795537203
3640.14571464855,5678.40029670603
4011.41610686312,6544.62985168258
4373.61933603511,6637.20893483141
3959.05352562259,5862.8193120233
4342.01485569521,4833.93763867826
3729.97184542828,7134.60003631816
3575.24600974374,6322.81563216016
3852.90893351563,4977.3240489132
4346.11468134022,5797.46280428375
3413.43502318285,3326.98702315614
3409.9190886439,2393.18477606463
3945.58605064147,5981.54099826796
3372.35663296977,1496.43659470377
4820.92877758542,6394.25322127784
3981.20264999665,1821.17325397886
5023.95209859047,5852.41918710189
3799.47888683416,5506.37094027055
4556.80219834153,5723.1840507283
3147.70848824606,1757.57846693269
4370.84031981375,4327.79427918689
3779.11957478446,5393.90074607055
4388.05473357361,4971.47046366063
4639.58514228879,6410.45026884808
4367.59915691674,5949.99937931539
3972.76723558413,5704.54289980186
7677.89137043686,6673.01293472351
3912.31758525177,5915.84366919534
4264.91994176913,5877.1409965512
3977.65804131324,6385.10305648115
3687.48063698664,5131.11058406957
4924.59582687554,4862.86474360809
8668.3363473549,4506.24596118881
4160.01648223057,5597.58589237663
7570.59182776577,3347.67373636383
4048.87489736196,4746.13259132381
4098.98054602062,3757.88519341375
4444.54532209767,4225.89462057484
3880.06401744202,6193.23925159826
4051.72582551321,5947.21445462612
3947.27137505657,3458.43897818801
3796.72619320041,6877.83429309155
3922.88441258565,2733.66359637269
4687.82657601779,4806.65840066522
3907.9144799203,4156.90113481336
4362.4606765767,6565.25969085888
3769.76642195761,4221.51891442778
4309.79238467646,5681.41271752084
3841.23640058815,5059.04801488953
4189.80851306169,4960.5020212806
4036.36265477209,4482.6607866567
4435.28972382825,4808.07919431173
5211.2406114026,6645.16537925188
4439.79193682148,3663.31742201506
4270.23436912465,2818.39977173619
4776.98390954183,6873.57191215201
3631.95767009074,4173.21193044637
2816.3028878401,3280.72602431123
3476.89979372974,4996.93100123507
3610.55709233791,4752.66824209776
4248.80341462102,7317.99658763625
4278.81094467883,4616.10164136607
5098.21247493057,7090.8966774646
6675.88314937638,4517.95313169396
3791.02734429669,1954.04579122962
3708.3864219138,4682.87894275214
1373.7079860676,2999.80678909391
9078.91147207249,4990.05452912806
3165.45521435323,2928.36919997623
3889.82395447086,5186.63528434632
3892.51405929434,3771.86605660858
4614.02790278155,5700.67842565439
4457.7713615202,6310.65346940392
3512.68982762769,7075.38169541574
4986.99518980814,5655.66759836184
4074.45343459853,2546.34633115863
4419.06180453632,6576.79645069751
4465.85884850874,6380.84067554161
4004.37587280141,5731.3109058153
3395.06824199775,5381.05694064818
4448.16579287993,6837.25668026031
3571.77551323917,5784.39150273584
3979.00346176577,2671.77386741615
2908.36208159669,1424.54443619025
4298.30500931209,1360.0404046386
3222.99229178008,688.971234089061
4849.86853380133,6842.76902132458
2908.7183902812,7302.99283758698
4171.3188733195,8050.33029565234
4014.28370662634,4451.40332643344
2118.01795836329,2094.36332947363
3994.0149605051,6877.09556496641
4785.44812326319,4972.4366879113
3793.05291034609,3600.74541610951
3467.59746565632,6683.5268077077
3992.59250140938,4243.17164045852
3543.2262513191,2229.73663268435
2885.67901424566,1026.60857281791
4483.37841195366,5532.34270984459
4118.58226680439,1295.65012114973
3401.78688473059,7785.94850648307
4348.61884197749,6327.76007862107
3160.54574440785,4185.08951161806
3208.8616259157,6252.40092989692
4670.96379468472,5439.87779761378
4225.5928592533,4461.51929262555
3202.43049236866,6882.15375949009
3020.18041961392,3223.61011972144
2849.51500578051,2771.17254864061
4147.96826557814,7020.53906066037
4801.16468732285,5946.93029589682
3234.73366739855,6594.81219870634
4353.29468449931,3959.92204994777
4154.27324011334,6052.69442865633
3637.46190437193,3979.35859160311
4382.0375035178,4305.6298983013
4140.78452555065,6043.88550804796
3878.30068518288,4369.6222749981
4578.87394725887,5363.7799207645
7602.67057042908,1074.80191445036
3928.75153371688,4383.09148333809
4123.31980812084,2253.09452251854
3976.61390613087,6795.54200965662
4407.33031715781,4668.55725822425
3952.69853552548,5795.13287184557
4713.41647061735,5922.03807578098
4121.3006196004,5359.06297042913
3040.94881194087,2439.95721833676
3935.47330756654,6120.43795429308
4173.49773510482,5264.38102811241
4049.5548165714,5555.87122177293
2736.51562143525,1438.52508795746
3971.72737479425,4321.20154295392
3162.68301446785,5389.35420640171
3931.49397868741,5589.85652122645
4276.11631081996,6551.2221650603
3805.45628187534,5729.94677477254
3248.93014077831,2150.62675787551
2986.76404124137,2253.26493318507
8257.81166725264,3268.39345088845
3491.64318922974,1160.22004962143
3542.87761709303,2052.98990305825
9079.88884365058,4858.14779327272
4481.61260740158,5846.33810572376
2244.02136003649,2173.58695234524
2989.97049772118,4791.37049188665
8992.82183416233,1937.50771089869
4358.57506181189,6624.7059507421
4600.74685988623,4976.86947951737
3945.41505135096,6219.04103336102
4954.41995422613,7088.68007023394
3401.78514948693,8215.31234645902
4284.49779274073,5610.60010846553
4454.18118848075,1972.62985669705
3618.21048388539,1003.53494742684
4420.93009641956,4270.73503720086
4409.06662408263,5806.04465162183
4904.28430605883,6709.83982147006
3797.54357383895,6096.85277976098
4557.77676272736,5359.80169855426
3690.14158603745,5671.23966586971
3926.39365037108,6009.9568711982
3292.07992325936,1888.12096603146
4021.59380671828,4711.9764583485
4679.06149073593,5638.73182266647
3671.64618097299,5542.51576149572
4019.54936535683,4074.04053391983
4222.30135921856,3534.70705427621
4384.33276317666,6063.77661909913
4547.41633028677,5215.16490533933
4804.95153289163,7177.73550056837
3972.14541145411,5218.2339887579
3856.63843615901,1695.85925435649
3136.09463136111,5748.1329334479
3944.06394727329,4754.31610901457
4275.95121349577,2845.792757812
3941.95513305537,4250.73017808692
3189.14912200062,4649.34821269445
3973.81960805459,1980.58630111752
4982.8196303145,4242.48957493715
3868.97534972794,5701.75839796784
3690.49768338822,6147.43303357681
3791.91181538017,1024.39217701487
4558.13648233348,4662.41951424237
4203.7102520502,5141.39738378347
2668.81052468022,9624.85381471705
3679.45011984831,3223.09867629422
3916.99775107812,3079.54164396512
4376.88626704049,5651.97353488091
4240.16295235502,5385.09182546218
4203.22380167511,4964.30940996905
3932.63348982115,5256.19751042165
4152.6724924069,714.034023442154
3487.35394921174,5297.57093683703
3826.05765045841,5004.60328692624
3868.23273886243,5809.28414570693
4418.06460156793,5723.07030266552
4665.79173095423,5394.58281159193
4337.06298092114,5877.53890334327
4278.68933889702,5771.4339492507
4391.56751390227,6709.32816661521
8207.18284172738,2137.49879372384
4198.75644460213,4656.96341292661
4224.35729201705,5466.8157914385
4553.03114196282,6677.50238893334
3837.67167101945,4234.70354118321
3892.84120932564,2907.79623483131
4471.21946085947,5719.20582851806
4913.62745480068,4173.95065857151
3759.60166914078,2767.02391576384
4421.00457151767,5633.73071360179
4114.84583676966,6013.13927982428
4300.02252404873,5056.71808245135
4736.57876416958,4920.15148171966
3610.52099570991,6381.52274106299
4286.35708364611,5504.66598789474
3012.10621354026,5915.9003317991
7596.51411830799,762.568344978388
4128.75045143073,6618.39737323844
4390.05357756602,2201.49117042064
3778.55967419703,6266.89302509134
4085.4946047712,5279.04395682862
3867.76562612792,3941.67922866866
7940.14912601162,1697.45045866954
3199.01524180406,4355.30059047021
8491.93454508233,3399.84540592033
3799.66550127488,2592.66420403493
4389.56195200048,4724.99109729266
3813.40706809759,3185.93075678699
2367.15380461001,2865.8542795297
2205.02355116557,2446.2655844128
4256.81945021326,313.427062728675
4063.58542705091,5101.72890974391
3839.13344484055,4176.16684294691
4480.02912187477,5630.88912630877
1839.93595305139,1741.43829339384
4150.03166369654,4760.11303166339
3633.25911930761,1816.45609221586
4023.94080364507,5867.70709588046
4329.10557446307,5944.60036345864
3738.50018271469,1574.75076164228
3454.29577902887,5567.29423354879
4557.35299524205,4722.60407939547
3860.01084191821,5108.09372699608
4088.08849859552,4848.48639647644
4188.63679652834,5327.74842474685
4232.77469723417,3026.06292882488
4355.89105085586,5013.75302886767
3667.82784182411,2761.68177393848
4622.55531590589,4638.32268485542
4512.48269594118,5054.61522328346
5050.54302698256,5973.98246063956
3966.0053734736,6490.92385184442
3170.31124597695,6016.83334330522
4062.79084053096,5355.36890694819
4638.26688757471,4149.05843845566
5021.74658279475,5510.97414254315
4261.4153953674,5289.50074435379
4144.37015448116,5315.18877805378
3128.38968226203,2120.61968063222
4349.08629395531,5684.4247154804
4692.97572500722,3871.09411573889
3774.88303389061,5780.07245919254
4046.92143462949,5079.56452885832
3595.97969974696,4898.83957702198
3527.75966980698,6650.39356158684
4130.71153241722,5110.48074489327
4216.60353772208,5523.13630529939
4431.45529073403,5576.72855707478
2832.13412941668,2130.67898422058
3974.97252133014,634.071778159215
2773.77638091213,600.427352895665
8153.51726728286,3534.42289554691
4244.14182619763,4197.08126370777
1431.07920274265,6689.94871041889
4406.14993930952,4077.45043867145
3939.88422604037,5435.33125794495
3618.83483033518,4895.37258681134
4388.05207389491,5464.82668033339
3931.7624706932,4740.22192061222
3923.46742700844,4639.97097462747
4211.92206103405,2302.59501544854
3866.91803259731,5889.01900057814
3428.01338477616,6128.11023998424
4856.23569863328,4159.79938471015
4305.44862461658,5157.19652456164
4871.04392046753,4635.2540242921
3480.464665356,6072.52845424849
2838.68482549248,1833.27833127609
3010.54302223078,4898.78249156297
4192.81737005295,5092.12417555138
4702.11652008105,3540.10607013295
7852.46587679451,999.897652263481
3299.52826635261,6186.30569403223
4039.18275001971,2646.65436260239
3567.1536828795,7074.52921922783
5044.36429735288,5599.91582481481
3875.18974256229,2089.58950510687
4736.31208468326,5300.01461733798
3817.21149880138,1597.4266916689
4068.93094545981,5874.35649471718
3699.42405637308,4419.69087395909
4238.07108834949,5491.53760088781
4156.65876636014,3480.26232631291
3652.43288980131,2935.64379030295
4629.19609118793,4265.90433880272
4238.04605524426,5630.775378246
2325.25699412741,1498.93725494992
8788.8195592035,3324.99791205102
3779.12894441488,2303.39061760506
4429.50604764907,4552.39300054332
3332.65144613765,2551.00640746262
3346.0764501308,6428.92058625274
4750.08930001416,6863.22844983435
3289.17551637991,5943.97538339628
4103.28026034104,3588.41326554199
3402.6667826056,5207.60636771094
3883.18937568291,5314.56379799142
3714.49983405857,6344.46835819091
5151.73733073847,4694.81360938284
4191.16865484165,4356.26681472089
4210.54933974077,3486.62735499271
3781.33026909902,4579.61557595259
4434.15565046082,6617.54489705053
3498.50681924919,4618.54532186702
4532.75616850982,3541.86789654015
3205.57880831902,3720.26291593831
3385.73740459168,4103.1951349752
4338.16487413459,6650.90521644169
3822.21479116429,6543.20905803607
1867.09442549306,2698.54166200196
3449.76273577821,837.643070688706
3968.25825681981,5452.60785497338
4180.92722462373,5960.00159744473
4143.19444471563,1920.40152453679
3871.69092876575,5886.34782395165
3389.94327848763,4653.78100430052
4592.04749473963,5975.40325428607
8255.73881575582,4508.57589362698
4384.67907987083,3848.30475479093
4378.84540529334,6027.91553374801
4021.95857259062,4151.33170829008
2943.31007571539,1851.86239674352
2768.65751028465,2117.60768267267
3395.29701897792,2050.03456770245
3380.53235149319,583.150491582697
2908.81792382036,1496.15243597446
3496.87035046931,4886.62075166197
4165.50105895843,6470.00985393882
4586.38112549519,6120.8354382299
4650.22216242664,7138.91907986146
4610.15652207682,4537.10551462
3216.25136792142,5430.10265275473
4556.48067908359,6107.87788474476
4079.89855071379,5489.20766844963
3581.15822234931,3605.57611450766
4214.27607711789,4796.93991840993
3992.78719615989,5640.83468183435
2763.1601526668,1797.98577481121
4033.55542663749,5297.57093683703
4338.26664291843,4519.60142146602
3848.35022887491,5075.47255858531
4550.91553815965,4754.88442647317
3868.78549186206,5250.57099843936
3625.6874166283,3265.49520099167
4215.96950497731,4366.55319157953
2488.78436258206,409.756871962195
4267.87326816824,5115.82309814625
4693.57849051182,5924.879663074
4293.42072206462,5302.96995269378
4049.78530153245,3727.70770550394
5176.80485633287,5137.53290963601
3290.69359142739,3374.95297437686
7948.04047324638,8442.92348863026
4068.58035180839,696.700340954706
3649.04197780649,1555.25745166937
3390.97235180614,5483.69490453012
4932.87527112736,5068.42525295651
3485.89325592499,6590.32274449651
9261.1504933934,6146.52347192989
4231.37016139034,7440.29816644381
4043.19455636149,3893.82681408308
7659.93578378999,852.817125690693
4097.89603609727,6042.01014500561
4496.67861197981,5432.88715458874
3279.76070543771,1958.25129813777
4807.52417705403,6680.57147235191
4829.44586572104,6161.58388458292
4158.34630007734,3933.04071872681
3473.13563395665,4853.65833906289
3820.73404703078,4597.91548269072
3664.89444831193,4183.27081117947
3344.23462994791,5690.50579685852
3539.67441303164,3085.79313600977
4867.21849790468,5969.03801417865
3235.09029490474,1685.28850734092
3547.31693785118,5084.50855246398
4615.55478835828,6064.28785109872
4079.09671570357,4638.26602225166
4350.47506245934,5227.89538555418
3854.48752446956,4401.90262207581
4111.89282073363,4648.72280977684
4320.6897428524,2317.31439534088
4142.57544565798,5977.50611345396
4407.03838153693,5600.88204906549
3346.06171564041,6860.95517999993
4504.44830841817,6427.15854841791
4367.50979795968,6571.28410963325
7482.92095300147,4171.62030327807
5138.7835903693,6754.5094045743
8648.46304370906,2947.35096080811
3923.95835260505,852.53296696139
3913.98904469512,2966.21918500484
4160.7233296809,6996.72639000273
4610.14419683628,5036.54281267088
3759.25734462274,3099.0917222556
3726.77625771659,4637.07230187544
4222.37826514791,4615.13541711539
3796.03244756481,1419.08865201594
4107.76600572384,4925.03884272156
3693.6562019435,5690.84661819158
2880.39495962347,3006.28556583648
4570.3166180553,6273.25826519877
4290.86981599043,7583.51416601223
4473.99985568122,3352.50443476197
4026.72114020506,3544.14116637457
4201.54586587549,4347.79871544557
3904.99536561828,6625.44467886724
3052.14137753817,857.193201836094
2685.3769109769,6985.13254470509
3445.28017875892,3515.15697598573
7521.29115197364,333.318173779844
4942.1258015814,5636.62896349858
3407.68410778693,3708.89656676622
4307.88230717475,5151.68376064212
3864.21795867729,1299.85562805788
4511.55818538456,4947.88528912853
3929.67823404949,5802.52099880743
4046.46800423616,6298.32131883639
4043.06555625727,5318.42827213888
4051.60012630839,3672.2400906862
4353.80171021579,5665.27233255436
4092.05735675126,4449.52754053584
4163.21777144636,5544.78903133014
3805.65997220453,6648.91610533657
4171.51045856259,6417.21299289233
4289.26884497446,6128.84896810938
4521.2640642083,4916.11617405041
3811.99443283844,5291.94442485474
4304.93388466548,5178.67883992585
3635.14448639653,3403.59634343265
2137.93831414032,1931.19955625028
3396.99452757694,6710.12398019936
3190.54629138273,2082.20137814501
3435.9292718387,5247.67274854258
4065.30231633297,5735.80036002512
4190.03401275724,4557.50785767076
4792.02348144583,5207.49261964817
3945.19968744448,5019.43620345372
4396.26558248071,4652.92852811261
3428.26239556628,4795.17830343035
4135.78825337564,3417.06534034501
3668.90798822306,5768.93360614599
4692.09745418961,6851.63502739196
8168.13336839394,293.933779184219
4103.18936284069,3300.56026133101
3922.07890075147,6286.78413614251
4220.31503201263,4311.42639809487
4194.75184196218,6310.65346940392
2027.86824703067,500.403480181213
3786.78095835341,4099.72814476456
3902.06344177927,5271.71249247051
4632.38477160023,6169.48366639963
3862.75230371634,2861.93293135085
3645.50162689886,6453.35823697274
3849.81797189525,4694.52945065354
7718.30501332522,5840.20036174188
3890.26315117444,5946.53281196
3597.66800359758,7134.88419504747
5231.73351083281,7610.56590789971
4514.6691020524,5949.88563125262
3523.38318235914,5145.602679264
4547.65606269513,5637.70893581203
4980.32715950457,3076.81380473486
3830.51694085378,7354.08474625765
3790.42245565906,3679.7986283146
3916.95801600633,1891.98565160655
3525.42878393006,5364.80280761893
4021.98039699263,5745.51884228042
3558.64865523708,3288.73934276308
4446.20438726362,7000.30670542089
3564.61762682305,4047.10211723986
5451.53593302689,3988.73582967009
4190.29432224555,6075.37004154151
4830.60161068187,6144.25020209547
4139.41639209254,6872.1511185055
7913.73358687002,2085.83856759456
4893.42305939094,4901.3970055857
3719.96244592455,2225.64466241135
3780.21891046535,5456.41566651708
4203.61026063384,6177.7242695494
3082.08078199103,2869.3779323441
3339.31344784966,4643.15338325356
2889.24885120787,5345.87792081844
4686.05468520741,5557.29201541944
4168.84421327525,2487.01381933819
4350.81155336911,5692.77906669294
4493.41104198269,6948.02149922924
3684.7885804984,4842.2919898908
4570.66388016425,6447.56131432392
4698.16924507585,6512.74741139695
3955.53627664907,4348.42411836319
2963.17558850775,4331.60166787534
3568.83927632569,7159.89016322608
3534.88659420423,1010.24111458114
7800.73349619605,1002.51195485859
4938.63516242449,6151.01334899497
2852.81906587293,734.209293222625
3976.88407857877,5756.94185405627
4453.97838598337,4643.26713131633
4328.95520690697,5919.59439528003
4786.54179442935,4695.32484138243
4156.01208291306,4448.33424301487
2122.47106734481,5257.84537733845
4950.74393717371,7274.97444859356
4305.78077562323,5694.14277488044
4154.50841591885,5227.44039330309
3389.47221536543,7109.0824132847
4853.6249038623,4851.66922795778
4735.19923939187,5156.91236583233
4193.74102263581,6500.47150057793
2017.99267219331,3106.25256451955
3843.01980986528,5137.81706836531
4363.74373968523,4873.66277532158
4472.05700816932,4916.62782890526
4456.46388504745,3682.98103694069
4302.63035877292,4805.80592447732
4683.31794363885,6174.08686867223
3986.53045373362,3586.93538643647
3926.74923288724,7089.87379061016
4784.66917596861,4506.92760385493
4078.80537772437,6713.93179174306
5002.99304161179,4649.00696850614
3899.23277298551,6010.63893671957
3961.45591279634,7133.63423492274
3719.67563761712,4636.049415021
4267.82221397178,4862.97849167086
2835.51317843067,1770.99080124129
1618.57552076417,1938.18977642007
3937.00151124812,4124.90494646496
4380.44369928869,4698.05268061269
4386.66493228508,5632.70782674736
4319.17927234874,5484.54738071802
4315.23458713204,5225.05379826116
2169.5461206237,274.213158084941
3786.03460711951,1227.05411932507
4038.81786330094,2491.78785513257
7964.93401905328,6443.75350278022
7910.87817843619,3950.77230800634
4820.3248135331,6527.80782404998
4748.44643443999,6455.85858007745
3599.15177247432,7253.89004002142
3563.64367730558,708.805523965752
4670.44799680084,7012.63927884366
4032.5909310002,5788.48347300884
4839.36468417823,6989.16785237433
4456.57816788017,4767.50115862525
4496.88006555144,4917.19614636386
4497.22774421629,5408.05201993191
3882.05997182685,5771.09312791763
4155.33735536411,5110.59449295604
2878.13899871496,1512.69051630539
4251.03368616971,7449.504570989
4272.58330681161,5963.24109152983
4128.58130737652,2245.19495212945
3439.90307122982,788.199451790085
1996.46703569347,441.753139595956
4192.64751420751,6388.45629862902
2877.67733403291,662.08979715429
4445.19714056036,4062.04878183011
4852.23728288438,2562.82753745817
4274.89641639918,4432.64885029948
4067.95194650254,6200.62737856012
3718.54157248826,4363.71160428651
3999.63391122731,6253.99255706522
4583.99976504925,4150.0813253101
4522.62660227638,2354.88001021256
4126.84488785946,4167.18751167201
4940.53114171315,7708.25984817599
4568.53599666002,6382.03439591784
4158.84032907701,4952.65890206765
2877.74756916121,4071.71017862639
2663.76949859864,4202.93484896035
4549.85931484034,3080.56474224718
3547.17063072275,1928.4715055924
4102.86062481669,8143.36352534175
5045.79843079999,4346.83291405015
3804.21674107043,4794.04166851314
3637.60887775321,6260.30071171363
3675.78819613011,6039.11147225358
4536.82453422789,4302.04916002789
4464.24613228312,4876.50436261461
3980.8689986703,3335.5686590666
3720.63204928656,3553.34799377502
3964.73808656971,4038.74776602731
3866.20475802457,3779.25418357045
4535.04995965226,1257.06130228217
4027.3942152885,5668.39807857669
4640.92721829788,6908.06886646037
4409.29623948613,5310.18766898911
4304.30973922383,6618.45445869745
2014.02575209227,684.59515794366
4476.7219494995,7195.75082572194
4500.21175699038,5915.10451821495
3616.01006199675,4658.38420657312
3654.17386473122,6174.200616735
7808.45409946512,36.0313250585906
8571.86099487308,2733.77734443546
2184.17891059982,1950.63588647799
3608.03108712023,5376.2829048538
4025.17951669121,5446.41344838774
3943.38911015242,5293.13814523096
3776.31233356854,6133.45217038198
4155.80757989942,3858.36405837929
3761.7396814576,5670.44385228557
3634.70555392187,4969.02678315968
4216.06678851511,5137.7599829063
7918.25465853219,4666.9660539112
4168.84057693675,6141.40861480245
3336.47220224035,3432.92135515456
4953.55272258745,6649.48442279517
3991.69257938211,4836.38131917921
4129.38637134065,2139.26040870341
4427.78756519954,6878.11845182085
3614.70271813829,4917.76446382247
3501.10613827653,1575.83062824191
2056.52867333168,4133.88427773986
3875.27993962069,4878.26640044943
4948.63546518018,4449.30046726555
3430.29173683612,5235.90849257841
3463.48832713613,2914.16126351111
3687.43843862543,5587.07201939244
4148.37250178045,4474.53350871445
2393.06158487245,3431.15974017498
4449.71862311112,348.435407607351
4115.02973080442,8746.68917025455
4262.36248159727,6359.98376309502
3850.87381763765,4405.31252682744
2996.42139288249,5661.1236996776
3728.43440019555,2662.56725144332
3702.82191687115,110.708233172864
4867.55256292095,6682.61724606078
3986.02781046842,5367.70148037097
3620.90134808608,5795.64452670041
4687.79412538854,4309.15312826045
3402.21654617823,467.270604058695
2996.31132924453,3063.96978788487
3969.27133014035,5844.57649074419
4486.91988283116,8428.2047430208
4513.18599451129,1713.19293684394
3250.36626790154,2893.2472656055
3570.2656574591,4353.93688228271
4384.11561375898,3251.57142325585
4379.68523132547,4102.11516266175
3391.59031966467,1400.39094419955
4997.74307825485,5607.58811050597
4504.99685599898,5224.94005019838
3679.28480719709,5051.77363599044
3445.4911621689,5586.38995387106
3787.88894430505,2164.3801249448
4384.51403411305,1790.82514397489
4311.04475931803,4774.20722006574
4556.02098606196,6857.77277137385
4816.88463178667,4396.21944748976
4480.77445719936,4406.27875107811
3622.70178479553,5917.71903223768
4850.90774491801,7051.51236215434
3932.69495373418,3116.65290086859
3217.39253948501,2383.92107463279
8232.85981761504,1819.07039481097
4390.2852701661,6593.33474245607
2788.26432746666,4513.74741335819
5220.54447742557,5375.94208352074
2809.28972838006,2977.30137544763
4097.98450728985,4762.78420828988
3597.95558368049,4780.2316388401
5941.7892407847,2232.00990251877
4625.4970532859,6837.25668026031
4176.09889878254,4650.88275440374
4431.38546719023,5277.6231631821
3230.53434527718,1517.46434067214
3029.6897754065,1014.95806491651
3370.65298463103,2316.23463445506
4628.28593004789,4741.87021038427
5010.16946268773,3574.94405720201
4447.57976323408,3292.09237348333
3994.34128443666,1101.22867627549
4780.07564031527,5606.50813819252
3723.67711358714,4555.29167329535
3302.70974462302,4753.86153961873
3022.38347342458,3488.33230736853
3408.32855880496,2290.60347478646
3866.52612743012,1919.88986968194
4833.61522453639,5623.10309255483
4410.99002540123,4569.21545103117
4403.73787585771,5574.11404305205
4653.64236323164,6211.42541027361
3426.41675905475,5449.88001574313
2782.47897079657,4085.12272436262
3823.02004544139,3393.82119857359
4874.52833603214,6549.46055008072
3426.25823621588,4167.64208106784
4172.56916492527,6695.972706338
4374.47540208649,5620.48900138735
3989.85101669202,5274.8949010966
4430.30492645052,5123.55204644118
4072.43232388894,7186.88524250981
3908.69150679028,5613.04378896648
3949.36677987781,4850.64591824809
3344.19850244709,6297.69591591878
4121.82796566327,3004.12604406483
3964.08848340249,4863.83096785877
3885.72510723088,7297.53715912647
3913.77008453623,4881.39214647176
4619.23237141502,6568.44252234022
3691.06994642204,3652.29189417602
4036.21791668475,5758.93096516139
3219.13394137011,3474.69268836201
3904.66222596065,3669.11434466388
4873.487668837,3792.89380257696
7078.8353627307,1779.62920546932
4191.39043134422,6776.33296412682
4614.50589554675,5750.06538194926
4350.28182476366,3218.66588468816
3832.51136134304,300.980899813847
1373.24511488237,1623.05774562369
4835.99448315625,5777.96960002465
4344.62088863216,4411.96192566416
3733.52994467809,5211.64125252493
3898.69817064067,6110.43531330848
3570.9810098829,1177.15593103062
8389.69393872993,3427.8633720585
3017.43587270528,1877.43668238074
4042.25402439471,5715.56842764089
3032.70662032774,932.722549799152
4225.56448035907,4153.49123006173
3528.28435892186,4859.45483885646
3844.43689745099,5157.76484202024
3818.72380637261,5394.52572613292
4208.00783069908,2056.74084057056
4470.19165438445,1863.79706337422
4535.65360806993,5807.69251853864
5383.18867096049,5743.92763796737
3807.49236776779,5393.27576600819
3572.41777575788,981.484208890209
3994.47476115364,5123.72245710771
2948.54557474885,6660.2257919049
3785.77396785019,3909.17138546541
3919.4108108684,5632.19617189251
3855.08441552628,4251.01433681622
3343.41548776142,4386.21722936041
4132.12901808183,4631.27580208187
3473.72327759217,5199.19535389464
4286.61430825315,4846.44062276756
4201.31573055679,6908.46677325245
1993.32777074825,3233.83983397633
4555.01949071761,3944.86163729474
4500.79005837599,5342.07010927474
4194.28865548165,4992.04364023317
3565.43259748767,3335.22762630591
3391.68969447458,4526.19373484374
3911.35540244362,4914.18414840431
3413.73931141508,3875.92481413703
4522.83003321946,5134.46382621744
4327.50472806611,4794.21207917968
2560.22691176584,1528.20560406806
4384.44633270808,6254.50378906481
3557.14070317451,4283.46551741571
4266.22084405794,5726.70728068744
3673.44009809691,6691.76741085747
4756.43705486728,2983.32558279437
4328.36727044069,5425.78318635618
3534.62401709246,5523.24963050691
3024.44116564806,39.1570710809172
4363.8285473582,5012.33223522116
4375.27794023203,6462.96254831001
4883.05667636979,5682.15144564598
4141.49425170301,4800.2931605578
4043.44211801055,3618.3065947225
4356.88995102101,5854.06747687394
4258.34612027559,4206.91307117059
4399.15419161576,6828.39067419293
2606.28854022303,2508.78050485933
3869.38062388635,4201.51405531384
3851.01622302956,6721.26283324591
7441.76477455743,3162.97077374488
4485.30079455947,6159.3106147485
4212.00581436504,3156.94656639815
3949.93711407718,4472.14691367252
4540.30396409169,4451.51665164096
4259.4744337234,5850.25966533024
4234.63750861479,4502.04024285303
4320.57787801265,5110.70824101881
4429.64299721009,4581.20678026563
3475.06478522179,2153.0137757727
3264.24835375662,1224.61043882412
8083.63461449471,1523.26126332096
3195.23796564217,1828.78866563864
3815.89093027874,155.036994944042
7673.04728407204,3271.68981900494
4053.11832439006,5389.18379573518
2008.34886389192,2756.68045344618
4875.6270204537,3726.62773319049
3720.74927697575,4379.51116791993
4135.25449833539,6629.70705980677
4781.69370808957,6525.19331002724
4071.58790119462,5285.40877408079
3669.87944018799,4573.07992517863
4607.22175285907,7261.05067085774
4348.07505957031,4315.85961255619
4041.4750085785,3667.97770974667
2667.74541105206,7347.2649367544
3694.61199799334,7344.02501981405
3875.27090624009,5249.6618596477
3284.88818875525,2106.24133350057
3188.70437010972,903.624717061346
4184.16142190661,3788.17685224159
4565.5444639366,5825.6516039437
3956.47581939608,6232.56690430476
4088.34325717582,5513.64531916964
5057.62327219926,5433.22839877706
3220.08459508939,5355.31182148918
3409.25209976177,4675.94538518611
4571.91654250844,7244.51280195444
3836.08214071461,2964.85526538971
3612.57319475484,4992.27071350346
3813.31418449609,5033.24665598202
8376.83330506079,4620.53443297214
4363.60373970548,4874.62899957226
8177.85991266627,1462.73545397955
3996.98246490193,4614.62376226055
4021.64953573675,1737.06227010534
4751.32013684283,5886.06366522234
3247.02593290647,2874.72007416946
3787.31541434603,4559.95196102696
4376.59976011907,4389.62713411204
1858.72444501727,4567.51049865536
3874.66987141754,6168.11953535687
4515.15557860541,5156.96902843609
3071.85222321405,800.929773434215
5042.62033849598,3553.80256317086
4213.84675706405,5360.2562679501
4316.3560308712,5605.31484067155
3823.07152145979,5827.41321892327
3462.24864853547,5235.16976445327
4031.47008418202,1867.26384215724
3956.89983015223,5247.21817914674
3995.45089627127,5740.97230261158
3724.68915973739,3545.90278135415
3050.85990560268,641.005230011432
3049.83338500461,2563.33898088539
3843.84219250464,1384.47805535861
4252.11739625791,5757.51017151488
3493.48737124061,4717.03465287219
2906.21944812822,2083.62217179152
4158.35540874597,4125.35951586079
4639.91354495165,5731.82213781489
4037.94349136818,7045.99959823482
4121.62659312278,6075.5408750633
4972.97132140775,5167.42623881652
3331.45602596079,4448.05008428557
1735.50132367433,7250.53679787355
4598.83756485547,2656.37242200243
3268.72353087797,3744.01850113695
4249.30320768086,6339.12642779317
3128.9830973026,2021.6755688036
4102.36806553332,4015.39008762076
4278.00016328326,5795.53077863764
4085.08541178938,4647.35910158934
4439.99972655938,5746.82588786416
3651.09312816633,4731.35633740008
4410.30916904322,6294.22934856339
4218.69643042456,6916.30946961014
1042.45639326647,682.378762140627
3995.59017569222,4888.38236664155
4460.4604636646,7286.05663903635
3822.71342764099,4346.20751113253
4047.98754635176,6591.91394880955
3997.79061658536,5630.32080885017
3407.35788181008,147.478378030288
4420.10463710767,4371.55472349946
4349.29622182442,5720.2287153725
5076.73115084434,8525.10286971292
4056.74227753842,4205.20811879477
4336.88758635987,6455.06318934856
3813.69600923072,1802.93022127212
3460.28343605552,1770.87715889233
4756.97770245645,4931.91531482858
3992.33249970852,5951.9884904205
3109.35576204274,4826.03785686155
4614.71407413371,5659.47540990554
3222.76742450194,1907.04606425958
4201.68668153662,4358.14217776323
4943.15751942061,2314.92737744369
4367.51670045829,5216.98360577792
4250.33158986692,5721.53576095624
3336.65102361715,4541.36789555953
3936.75169914128,5802.57766141119
8310.40384614421,1798.95199906188
5046.98121575108,5057.79763190955
3340.70388230175,3543.17494212389
3974.80010051246,5270.40544688677
3527.2918975887,4974.88036841225
4328.67358496675,5577.41062259616
3948.43616324429,4685.15221258656
4015.69383192615,5336.78484148077
3361.20247193909,435.444826376824
4078.61761116843,4998.18138421505
3890.14745234158,3461.67826084549
3960.11772340662,1358.33545226279
3780.03332512128,7452.57365440757
4056.08505724419,4798.13363878615
7668.28706777878,2153.24106047062
3458.95537870684,5349.4582362366
3756.02065565577,5128.43983029833
4525.62540837008,5451.69871618171
4407.06854642523,5305.8115399868
7411.93262057664,3996.9197702161
3478.84535609322,4348.87868775903
4281.18594798257,4870.19620796619
7405.49009682477,4332.45414406324
3622.05589709104,1699.95111891568
3410.2549385057,5186.63528434632
3915.70451243223,5209.14090942022
3854.36661946121,5628.95667780741
4465.05065090557,5292.17192098029
4040.29534615311,5389.58170252726
3436.75797700378,1947.05557105983
3175.82258516592,4373.20259041626
4166.11554052329,6546.05064532909
3896.89498347521,3675.42249931229
3456.32187616883,5683.28808056319
4428.22831454263,6513.20198079278
3961.84384851644,90.6466321698046
2248.61465724434,2137.72607842175
3775.80263995828,2093.68147537988
3077.38321837185,5138.27163776115
3671.65654280434,4679.18487927121
3978.14095849785,3939.23554816771
3209.87726046699,3447.98176780758
4536.01394200958,4877.58433492806
3255.83025751953,4507.95091356462
4014.02968443676,5801.66852261952
5116.45796266621,7203.19646099807
4431.38170544442,6279.62350530619
7723.74668839482,4059.37760520362
4593.09567125308,4943.62290818899
4196.53482649249,4416.11055854093
3924.03852679247,3757.26021335139
4769.90885361542,5104.91131836999
2836.23990451543,3643.71046969319
4209.7697984248,2786.57399405432
4420.24187877296,2768.44470941035
4519.54164762625,6350.3790289025
4351.74969767349,5145.37560599371
3863.88397419912,6477.68213962998
7352.5509271562,721.137991674714
3655.5968191927,5036.99738206671
4219.89502217499,5267.62052219751
2694.02438653929,846.736150026383
3925.00323430878,3693.55199538389
3594.46769400228,1812.5916180684
3353.92506974781,995.351112594642
4669.17737569703,2904.72715141274
4779.9632658065,4106.60503972683
3652.92430238129,5487.72978934411
3814.63407670282,6021.26655776653
4416.11586814088,5328.48757572724
3634.50299415265,1464.32665829259
3906.15957084111,5712.21518549302
3797.62157963133,5298.99173048354
4313.87014093414,5454.93821026681
4384.04447128345,3172.51842247839
4023.79197575547,5481.25122402917
4078.4065706257,5748.4170921772
4419.52476811363,5898.79414543719
3511.1549025491,6182.15706115546
4747.24562617712,3317.66665912054
3429.62022757834,2655.2926611166
3901.92968493135,5812.69405045856
4213.3989280399,5672.37630078692
4041.50360982547,5378.32867856268
7731.40311875353,1343.84335706837
4200.14711169813,5399.18601386453
3868.59238278599,5218.57481009096
3565.06208234649,4070.23272237612
3891.84123248542,2144.20485516432
4699.13694229513,6838.10915644822
3699.10099531658,5892.99722278837
4672.71639378731,5550.69970204173
4625.65194318266,2071.4602204629
7823.94889366086,1735.24356966676
4410.28397204642,5100.53518936768
3947.62831786854,5627.08131476507
4137.65114868988,5796.66741355485
4578.93256555963,5076.49544543975
4332.03381369985,4002.31878607284
2663.42752790358,514.043099187729
4608.22396007696,5668.85264797252
4315.31421671497,3711.62440599647
4748.90883708891,6283.31756878713
4219.36125258979,4832.5735076355
3316.34824805974,4784.72109304992
3973.86365430884,3094.31789788884
4038.09793322803,4436.22916571764
3389.93171988193,1081.50808160466
3744.81507043541,776.435301539727
3993.47951399392,370.088318637268
4170.15260783966,5691.30118758741
1563.14913373231,2666.03381879871
3763.6113838617,5956.87585142241
4630.77618742528,6857.5452752483
8129.67028048275,1555.59848443005
8505.19307058676,2573.05725171306
4863.33200849561,4069.66440491752
3123.71024844296,5301.83331777657
4680.48802428033,6175.90556911081
4408.40870018991,4903.78360062764
4556.27035534537,4748.06461696991
8001.49231221421,820.593546930561
4367.60798476167,4261.52820980041
4572.120060003,6399.76598519736
3816.2794033227,4896.45255912479
4248.55290803011,3059.76428097672
4054.5539643247,4235.84017610042
4376.22304726633,3118.98283330677
4791.64870676936,2417.50867872187
3541.64267445727,5301.60582165103
4694.47430433072,5668.96639603529
4478.17240135382,4863.14890233739
3757.65207347995,6187.27191828291
3570.99736909665,2795.61019936061
4179.36829520687,5441.98023392642
5232.84403693056,6390.95706458898
4508.872875535,3755.95316776765
3836.85532639286,4169.00621211059
3722.84704420621,4571.94329026142
3770.53804242906,6450.00499482487
3441.88645407656,2258.89123373973
4882.06361395353,5514.55445796131
3606.31484637652,1590.37949175391
2208.39409068619,1064.00388273687
3690.47368754076,5520.29471800637
3711.88400635342,5664.19236024091
4265.5100972173,4964.5369060946
3670.53875992291,3802.49811391423
4552.9778955647,3954.46637148727
4125.93585288749,4698.16642867546
3837.08760017292,5524.84125767521
3876.38360616041,2292.93361865226
4755.81964065523,6558.66737748117
4212.85257544872,7031.96207243623
8043.50993241822,2885.12019909088
2850.91385747882,1990.2476979138
4346.41156198624,3395.52615094941
4557.94112703892,4593.53935368841
3756.63706422916,5385.54639485801
3599.23510444954,2853.12401074248
7732.83149856027,2296.11602727835
1501.5718932406,3068.80048628301
4241.31867341703,3999.30678811329
4689.25411804731,5275.52030401422
2838.83647371199,5000.85256084155
3524.32097363701,4400.42516582553
4382.21012623924,90.7034599513969
4318.42284105679,2017.07215510337
7789.38881257957,1235.01056374554
4393.95852870833,3533.45688272385
4355.37453902266,6036.09947429402
4111.21095278269,3183.99851971326
2195.33720368227,237.158854498215
3829.79875834849,1641.86909578903
4016.0086244932,3388.13802398754
3866.95769505534,4398.54980278319
3976.52812779032,5246.82027235467
4556.45607334061,3534.47976957829
3272.69787512782,8504.98426253621
3739.07765559197,3818.35434015141
4177.52393840889,4755.22567066148
4347.31823068315,5523.87503342453
4121.73851006908,2249.4004590376
4441.41761898082,696.643519780227
7500.05800280374,540.810893773542
3706.01113868625,3093.35188506579
4295.08192349891,5218.06315523611
3671.56145248013,5760.80632820374
3633.86193660701,5049.84118748908
3717.5340354134,4477.48884407025
3508.39993468233,3721.39955085552
3208.47931217827,5541.49287464128
3889.01993935311,5135.99836792673
3033.91690199887,1980.13152029406
3983.98413325189,6200.62737856012
7806.2222774682,5445.95845613665
3034.02446020046,4752.83865276429
4233.11970917399,5202.83233191655
3993.45259232611,5545.35734878874
4580.8886831764,363.26850913401
3534.61138135388,3147.91036109186
3395.47018700907,1993.82801333196
3953.22870143526,5675.44538420549
4636.55470105654,4889.57566416252
3845.9924451338,4932.31322162065
3216.81675845475,331.442731452139
4985.01889777568,6172.32525369265
5031.58371331073,4607.17897269492
4966.83365620987,5985.51922047819
4066.05870270815,1798.49742966605
2104.94856441378,2289.58037650439
4186.66668661489,2818.62705643411
7735.13996700272,906.920979464017
7989.24005019373,1884.42690255053
3472.04312308157,5657.25922553014
2522.4779507565,401.11844130571
3236.96090397969,2298.73032987345
3847.18513056571,6165.96001358523
4650.10502620032,6437.44534813181
4031.16788866646,3474.23811896618
3970.78900131813,4546.0848458949
4155.7467300227,7141.70400455072
3953.87588819789,7110.61737784924
4469.89798349196,2228.99790455922
4032.84089823131,2100.67169554967
4021.70905393646,3896.72548683512
2381.41672605709,1114.5841365527
3723.52172625918,2801.52087007221
3304.10836530685,5091.10128869694
2877.57332639495,2867.78651660343
3313.68651465719,6335.65943758253
3932.79005471897,4464.64503864788
3151.58260532288,1854.93126873446
3613.74604345004,3510.49668825412
4442.04694803877,610.770762356417
8087.33374805779,507.848481174462
4212.539991529,4455.2678005809
4021.09071881164,92.465246715917
4672.14015156861,4745.67802192797
4258.3364624389,5549.61972972828
4020.81104340678,1222.45081133866
3437.99155058983,4674.12668474752
4105.4641258293,5756.08937786836
4473.56630887153,5703.97458234325
4460.5995618039,6133.50925584099
3778.20421969949,3330.22651724124
4002.18671089019,4379.11326112785
4183.90536637688,4630.19582976842
4096.29936506573,4168.55164271476
3759.11699832155,4507.49592131353
4274.90837315791,4945.8390925644
7855.90641296729,804.1691618055
4654.43544520992,5787.11976482134
4469.88364045742,6511.55369102073
4303.45804001702,6830.03896396498
4122.93267518326,1514.3954686812
3831.19303951269,6749.6220435724
3661.92118890864,6714.72718247196
3754.51488990484,5087.57763588254
2961.92187693518,1292.2402163981
4581.09890319503,6399.48182646806
4140.14376147187,4238.90925951899
2447.3696017564,2216.21076174061
4402.67064722872,2007.52450636986
4117.96930344761,5637.65227320827
3863.84858959808,5010.79811636713
3801.34722590645,5959.2628693196
4386.97619694537,3715.43221754017
4276.63814156808,4670.94427612144
4381.69209442746,5231.75985970164
7498.82402817365,2518.15774292631
4832.18260801737,2274.86099661205
4723.78939586759,7852.04416520301
4517.30135782205,4992.27071350346
3725.15940690808,5141.51113184624
4081.40316631618,6688.01626191753
3987.15432817112,5113.77690158213
3619.88359066504,798.14500731567
3550.56227821248,6121.46084114752
4124.40895097613,5056.49058632581
3889.95038184662,4071.31227183432
3877.49034509617,1052.92169229408
3860.16251663241,6240.29585259969
4260.82201297501,5939.94007572703
3900.10249345268,3047.09067479326
4132.17685176793,4309.09646565669
3241.01874009333,3300.38985066448
3344.76887743054,1864.64953956213
3767.50425841108,5974.94868489024
4659.14090080504,6267.85924934202
3952.21512231788,5121.62002079507
5751.7754742154,3705.94123141042
3511.88161122011,2760.7155496878
4283.34676583331,5117.01639566722
3658.28287981923,885.950001813211
2467.32338056075,1107.8779693984
4027.13816245993,5802.74849493297
4071.17667746038,5585.36706701662
2606.85536131005,2470.7032351328
4419.77935534739,6336.62566183321
3933.07050009692,1383.22777809244
3187.51495493459,2654.09915216801
5074.57543983722,2794.98521929825
4414.97892959764,3921.39021082542
2320.8387428133,1046.61343193185
3971.14098628627,6250.58265231359
4308.50567828428,6599.64289710448
4120.74551319305,2175.86022217966
3702.82509974087,4685.77719264892
3324.93053295258,3656.83843384486
4158.15911822556,4596.89259583628
4190.09924792797,3777.9471379867
4426.62926472669,7115.39141364362
4958.11253055775,4232.9985888074
3021.81436404829,6502.63144520483
3785.77097430151,3091.41943656443
3682.29591969382,4068.98233939614
3411.13957439588,5826.7311534019
4286.36166147982,5428.3406149199
4284.28971440641,4196.6833569157
3547.68025084642,3482.02415272011
4220.84394784494,4819.50220608759
4623.0086956274,4590.75442899914
4751.26227900577,3148.76283727976
3385.51944551932,2772.30918355782
2620.9735384599,1912.44508011632
3485.40138904437,2867.10466250968
4569.08422845806,5324.11144672493
3697.69065056852,6128.28065065078
4555.21960911472,7071.6305464758
3656.1757917975,6982.06388414177
3367.21632774754,5659.58915796831
4326.86671132065,6915.22949729669
4670.5902691959,3503.79062681363
3542.02991187946,1603.62130968216
3932.19294133941,2106.46861819849
3990.82210098891,5806.21506228836
3144.34330398163,3702.64507472156
4286.6650404613,6853.85121176737
4701.18294334323,6527.86448665374
2858.83645241808,1141.86337456573
4039.91492224056,2399.09523534859
3997.22855344521,5354.06186136445
4627.15474363541,4826.94741850847
3698.4342225542,3587.6741145616
4062.86469618727,3996.12395663195
4386.78923368672,4554.04129031537
4788.27615706031,5730.91299902322
4075.79562768969,4592.63021489674
7603.21757599844,431.523425341069
4121.53954020248,3985.89424237706
4367.72056621885,3654.90640819876
4015.22585048817,5782.62988775626
3672.25449835519,3733.05005875692
3084.72904957032,4044.48802607237
4394.58950924638,5894.07677224657
4223.81516035461,3853.81751871045
4228.26029161103,6807.76083501662
4687.36665038507,4052.04656370077
4117.86693205917,3070.16440589814
8664.22288541544,5056.60433438858
3627.89749148427,4819.50220608759
4504.63929496925,5609.63388421485
3963.06593272546,2819.13871128896
3461.14664187458,4172.92777171707
3726.84316886149,2265.02918914924
7372.29056339969,1663.74931794532
3938.84073290376,5161.17474677187
8346.56857091534,3211.16400966352
2238.08034167957,1912.38820608494
4247.88011450258,2297.99160174832
4135.41039262806,3540.56085095641
3784.01354800516,1051.95557375721
4248.53213747833,6841.29156507431
3732.35322645274,4437.47954869762
4183.73726268148,6709.89648407382
4823.25549825228,4791.99589480427
4015.11467802477,6302.92452110899
4710.85832220456,8204.17349341247
3680.70306288184,2771.05901200546
2872.51679622054,4769.49026973037
3880.10598847134,5864.75176052466
1924.34452054242,2419.04322043115
3339.20732281191,5804.05554051672
7776.85900197217,875.493002860407
4387.6941380196,1465.40652489223
4649.30800125876,6761.95461699517
1104.15697861141,176.007906523715
4033.46936195966,3838.98417932771
3041.17785210081,2189.21568245688
4214.8509736499,5123.94995323325
4232.11359352658,3426.49945244337
8189.1777315544,6388.74045735832
4317.17711728534,4361.09751311903
4508.86104964432,6587.594482411
4082.27918728688,6430.90969735785
2371.55846686121,4193.55761089337
3253.13973277226,3840.12081424492
3079.47174146295,2539.46964762399
8087.18659222132,2596.24451945309
4302.81956124049,4586.09456412279
3746.80781268497,5780.52702858837
4106.55907597058,5455.61985293294
4345.79811905306,4787.79017646849
3474.89674038071,2309.18732882626
8605.52274096727,858.55712145122
3875.30438753105,2211.66422207177
4085.17657530553,5608.72474542318
3781.25786241135,749.326527050133
8735.61706161222,1796.67872922747
7947.17574898928,1726.43464905838
4149.02558123426,6657.38420461188
5092.01212518015,8394.50317944133
3893.4174861326,5258.9253496519
3202.63190170656,942.270304246475
4052.14246639912,6051.44404567635
3691.9819327241,4365.8144634544
3469.38343901471,5536.26426945106
4601.86668594137,5129.51937975653
4303.56091720527,5012.38932068017
2891.91392835502,7153.63867118142
3959.85008000693,6366.00775901413
3305.09482990875,3661.83954290953
3265.44756033396,1094.29522442327
4051.15523393554,4477.83008825856
4446.36620594968,4038.12278596495
3972.60643303137,3097.38676987978
4336.90809243945,5435.78582734078
4681.7007899109,6590.60690322581
4389.85398094824,5310.30141705188
4579.58911062895,6445.91302455187
2986.53158569473,2488.03691762025
2570.42876847213,3285.4429746466
3952.58621077061,2008.37698255777
2729.36120719424,5290.46696860447
3795.10722123331,2572.94350365029
3522.3241357232,895.781914989837
4332.67359300781,2967.92413738065
3572.8713170539,5647.59782873385
3538.32337571415,4570.69290728144
3349.79037235909,5540.29915426506
3630.80044968362,4890.8260471425
8133.18822642438,5543.59573380917
4003.17077215139,6714.78426793097
3605.76564700374,6515.07734383513
4355.00773124266,5601.39328106508
3863.42797512618,3044.13555086509
4880.7858921028,6558.66737748117
7980.6482445632,1817.82022325862
4128.28926031449,5477.1025911524
4251.73180762433,2120.96071339291
3774.08385605368,6882.77873955246
5091.58358949323,7092.37455657012
3112.69354464338,1982.74582288916
4798.87821636836,4733.40211110896
4905.08947123884,5411.29109116176
4737.41692951587,4018.34542297655
4107.18915487297,3548.17605118857
4006.84542770069,4026.64268873008
4895.98360787216,5641.45966189672
7655.64268464384,3654.28100528114
3313.71920899075,261.937511550457
3176.77042657505,537.798790100174
3411.1290701597,7082.08775685623
3649.98393079254,4290.00116818966
7763.24281463861,1156.8101448698
4259.32671830034,2021.50515813706
3553.68318695396,1476.5454836526
3832.47201681745,3396.4355011687
3362.68515616364,6590.72022843333
4143.93805586101,2523.04531535583
4121.72125514535,5497.10702741109
4021.9526017786,4429.46601881814
2681.68440860072,3472.87419935105
4094.15257489585,5004.03496946763
4358.51174103766,5595.65344387527
4010.09593304666,1966.83293404823
5383.21412673371,4395.53738196838
4151.83111048379,4453.67659626786
5011.03480431058,6495.92496090909
4400.38414059132,6416.30385410066
3939.55491119423,1866.24074387517
7117.97177712404,2180.86133124434
4126.78626991228,3489.29853161921
4454.38516637487,3414.90581857336
4213.2514242202,7099.64851261396
4043.65432657297,1581.74108752588
4324.31191624527,4859.51192431547
3588.07040576706,2094.36332947363
2278.00307225706,1721.20614958198
3545.98226431469,5619.1248703446
8481.38206829553,4891.33770199734
3891.56898672633,6286.49997741321
3392.64251251861,5431.2959502757
4020.70984996376,4364.7349139962
4252.72539410279,5772.62766962692
4420.09405001245,2641.08472465148
3166.90762352257,4183.04373790918
4027.18241489039,3857.17033800307
3416.98436239711,4420.43002493948
3372.4153147895,3038.73653500834
2560.97845946581,5729.89011216878
3530.44682742496,2490.53747215259
3513.17062816777,4419.12255650048
7589.77402316792,1507.23462641726
4379.98563154708,4257.1520807981
4177.42703752895,5250.74140910589
3427.45617958855,5207.72011577371
4768.77428097878,3827.33367142631
4826.27251032346,6685.11801202075
3839.54201175515,4964.87772742766
4609.20478526565,6159.5947734778
4282.22039020102,5816.61518720978
4121.58013245505,6323.15645349322
2533.60160392769,4107.74167464404
4061.30888160712,5966.76474434423
4021.05567585283,5052.17154278251
3738.89284706,6222.28010459086
4601.11897225349,5530.24027353195
3973.34987244672,4346.88957665391
3961.05501468475,2902.62450367248
4170.19868570595,7277.9302068046
7328.15485386203,1847.8273005019
4919.77862130544,5077.74582841973
3904.47005231907,6287.92077105972
4090.88983620761,1834.86974701676
3764.09411015863,6325.42972332764
4044.61145828346,6865.84296385709
4794.94450239586,3240.94380220889
3750.65302393581,5401.34553563617
3744.20692177304,5934.48439726652
2698.57667599585,4843.9398568076
8827.96308569741,4087.90722619663
4040.17740500658,5970.00423842933
3701.58114186587,5233.12356788914
4997.79212459422,2146.59187306151
5605.26078209643,5921.81100251069
3714.19388438675,738.073873083901
5243.97011842304,5102.35388980627
4018.39482265457,9327.62378386672
4104.8746255072,4160.82227156458
4077.59456182402,5895.44090328932
3209.72720275463,4877.30017619875
3578.78144965246,3652.34897963503
3040.71288184123,2751.16790095429
4107.13270737466,4686.85716496237
2718.70357275768,6151.24042226526
2616.78842583804,1000.35232737313
4161.33553612728,5273.87201424216
3999.72840512062,1803.15750597003
3781.07150467116,5121.62002079507
3671.94337039196,6825.71949756643
4245.41910899046,4103.42220824549
4849.27264767688,6731.83379168912
4334.0852912095,6131.9176286727
4233.40416118253,3976.40325624731
3833.54606078626,2545.32323287657
2683.87586394433,444.19692581072
4375.44853961705,5160.20852252119
4193.67699686581,4697.42770055032
4236.44250745581,2693.25639420798
3793.11301627866,5012.21891001364
4715.69605550384,4038.12278596495
4011.92029579685,4339.84227102511
5179.79617429418,6317.98493376202
4783.36346314102,4206.23100564921
4149.58420621692,5202.94607997933
4159.55578536039,5019.0387195169
3877.62618624324,6821.79836081521
3463.78095294312,4973.40248930673
5069.33544008416,6452.73283405513
4407.61729885161,3996.46520082027
3717.93987164708,5078.25706041932
1177.15387153843,3781.41370534209
3719.13955163982,5652.03062033992
2927.97494583244,4296.87764029668
4359.24377700812,4832.68725569827
4717.11894661057,1667.27286504591
3268.37979574278,436.013143835429
4060.14323577145,5467.44119435612
3923.17363120341,5620.71607465764
5206.38487233962,6374.2483621639
4729.46846623597,4867.46836873594
3990.75127349779,4480.44417942605
4527.73690833744,5908.91011162931
4352.0144300897,5435.21750988217
4082.89893697252,7112.49231803633
4083.86552554797,6351.97023321554
4411.84499516343,2895.46366140854
3185.23059268747,955.682638555075
8583.36195686769,1091.39676309886
3934.7083068091,5351.16318861242
4316.17806260066,5272.67871672119
4219.52525017102,4647.13160546379
3609.27095204198,2240.70507506438
3889.61176749748,1215.74464418436
4404.15247988742,5778.19709615019
4602.31990113788,5236.87471682909
3685.91809356202,5364.00741689004
4807.37168434703,9239.93206171979
8377.8267006792,3804.60097308212
3656.71660833387,3751.06538391049
4248.5272682048,5711.24938409759
3402.28796445845,4778.18544227597
4417.43206751423,849.918717223189
4603.45633078917,2040.14588620825
3113.31512793678,3254.18572585096
2573.99836284115,2586.2989639275
3453.85599779241,5374.46420441522
2555.52961321815,6302.52661431692
3613.7733783864,5385.31932158772
4204.72856340761,5677.20699918506
3979.90424072023,5478.58004740267
4568.23656779182,5044.38550902858
3353.79599439595,534.559401728889
4219.58912794396,2808.45421621061
2813.88863938443,2680.18509266007
3710.11633775783,5145.94392345231
3851.26153960737,5406.9153850147
4790.3048629486,2187.62426671621
1865.41488771947,3050.33016887835
3359.1382365386,2742.18835825176
3872.12774296114,1110.8333047542
2258.8269506478,2030.65511150613
2384.6169500505,1921.65169608914
4135.84168015229,5000.73881277878
3936.03383380627,5721.19493962318
4591.68782190393,3568.52215449082
1498.75862150844,977.505986679976
2659.9966124634,4712.37436514058
3819.74988185389,3226.45170701447
4224.43804688772,4677.65033756192
3921.93441237337,6641.58464097846
3979.57069211102,4274.71325941109
2422.582887,5724.77525504134
3443.56492253294,3848.98682031231
4010.56388252281,5530.01277740641
4452.65226078435,5585.53747768315
3447.26183584103,5664.98817382506
3583.06999069535,4920.26480692718
2221.65748620113,2980.48399550134
8977.14286566449,1818.04750795653
4132.47811620451,8218.26810467007
4053.29492665959,5794.45080632419
4041.06907492005,7059.9800385744
3852.3842124747,5319.28074832679
8536.5780264637,4255.73128715159
4384.89368757459,6859.47772374966
3711.52601564521,5938.51928208052
3154.67416969997,4164.34592437898
2695.5489976191,2565.55537668843
4850.02842856022,4532.27481622186
5349.37212177173,3842.10992535004
4718.92829583528,6596.63089914492
4122.62171142567,2776.06012107013
3869.77762252044,3645.07417788069
4194.46410064359,6672.10337307659
3699.62846941682,5130.59935206998
2712.22806776646,891.235375320998
3860.65659437276,6415.22388178721
3882.12388114037,6570.14747471604
3201.47390007255,27.4497320943689
2615.84364125284,2766.22831360732
4001.58638423386,1614.36246736427
4415.52103251886,1339.52420781126
2134.04464321117,5900.44201235399
3970.4290021557,3024.017155116
4040.63522554281,5019.94785830857
4246.89445417426,5350.65195661283
4350.67011859079,6039.45271644189
5055.34669978675,6887.66610055436
3350.12928153038,2515.77072502912
4225.85106191409,5354.97100015612
3370.79972252439,4983.85969968716
4580.85186730424,5052.45570151182
3185.30696203003,2901.3741206925
8244.10833266579,3568.86297582388
4324.24074975569,6455.80191747369
7954.04949030656,3896.61173877234
4259.10880231202,4185.08951161806
9032.93942493989,7155.57111968278
4313.96004271762,4098.42109918082
4302.89009286059,3519.13519819596
3635.47741651565,6066.50445832938
4822.01956187831,5652.20103100645
3585.35340822363,6595.89217101979
8024.12163365682,4700.21262523959
3966.97830655253,6614.76039521652
3871.03148924552,3877.80017717937
3319.93768330017,4850.13468624849
4101.62235227303,4565.35097688371
5515.49537805245,6099.694367054
4231.77954705017,6047.12500213305
4422.99951270862,7764.80743530717
4908.05177560057,6784.8577260059
3926.17388197813,5500.1194482259
4015.15392125661,6374.41877283043
4809.69022375758,4690.43748038053
4030.18381158001,5983.58677197683
4540.62944368301,5797.91779653483
4306.76680161191,3883.48335176542
4151.34634438418,6430.96635996161
3897.19817939442,6455.63150680716
4308.75027276702,5507.90505912458
4661.34168884698,4541.02665137122
3413.62494907232,5837.70001863717
4043.48254159461,6147.60344424334
2993.20902070322,4421.33916373114
3275.38142486007,5155.43490958206
3495.11127082578,3900.76037164911
3311.86574875142,5158.73106627092
8171.26740215362,5857.53404422933
3935.7167408413,3090.62383440791
4037.13930918406,4267.89344990784
3393.93955929745,5288.4211948956
4204.86242116115,6147.88760297264
3637.92469801348,6824.12829325339
3189.63349185298,351.106504948485
3741.01942363388,4505.90471700049
3110.38212668988,1228.70230338331
3524.35750332965,5564.85055304784
4585.69523111687,6623.00099836629
5501.92276168393,6613.51001223654
3602.28735397212,6214.03950144109
4394.6993894519,6619.36359748912
4521.29746464933,5262.56275052907
2891.82683694407,3149.61531346767
3550.55118006513,5609.06556675624
3993.56873574074,4019.25456176822
4600.24850546826,6124.30242844054
3766.431591469,6200.68404116388
4205.77347185171,3183.31645419189
3777.44700900389,3995.21481784028
3707.54597438701,5002.33001709182
4433.29474574529,6954.15924321113
4396.77458761631,5047.34084438437
3748.03822839587,6705.46369246775
4784.44058767063,5280.97598247472
4234.10167703337,5253.07176439932
3504.55910088574,6363.90489984624
4178.13406309229,4276.07739045385
4413.57719034603,318.712409808009
3848.12518926129,5370.71347833053
4126.51321469876,5893.28138151767
4722.31685199368,6246.03611264475
4012.37927915658,7361.69952363455
4407.72732402154,3687.75507273507
4306.46352307811,5038.92983056807
4511.81654078349,2131.36083831433
4771.3775092162,6504.50680824718
4347.81422528389,6067.12943839174
3638.03319268887,4665.77233353498
3883.29484577156,3982.42767502168
3576.09753105707,5057.96846543133
3974.35680364538,6280.36223343133
3751.40244328623,3918.94653032446
2625.59276597137,3026.17667688765
4014.61789615339,5484.31988459248
3946.66740651087,4689.47125612985
3979.70065811988,5855.26077439491
2833.18949771392,1500.1306581847
2989.54026251816,4446.62929063906
3556.07871246435,4593.88017502147
4567.0703060036,4957.37627525828
3890.37732183952,5996.54474831722
4810.99473245198,7001.21626706781
5036.42790486039,5718.58042560045
2554.76949426852,7335.44359533121
4166.41916848231,3757.08980268486
4025.11363048966,5132.47471511233
3712.096592575,4874.79941023879
3485.09389885707,5319.96281384816
4733.28795077683,3310.33540619007
4269.00819770377,4995.33979692203
3126.82679617908,6600.15455195932
4793.69623664723,4193.61427349713
4379.00259226264,5853.0445900195
4224.61765458962,6184.94198584473
4343.0975543161,4907.25059083828
4097.64562132517,5026.65391974906
7151.24321957962,586.560396334326
4257.10202262983,5661.80576519897
4488.30943510402,2848.74788174017
4114.18763606938,5088.37344946669
3501.33722013534,2622.27337448614
4650.08619899077,5737.78947113024
4012.48887901069,1814.29657044422
4063.73831354075,6769.51315462356
3954.19487158417,4830.81189265593
4002.79081354009,5031.42795554344
4680.54950570063,4755.16858520247
4498.27963850304,6305.02738027688
3857.19841094687,6393.91197708953
2296.92572489106,5099.91020930532
3421.72167761344,4242.37582687438
3969.55547204498,6256.37915210716
3891.1808394453,6358.39213592672
3808.02985194431,225.110545518554
4254.19518210708,7074.47213376882
4539.99294396936,5429.47724983711
3994.79154490512,1336.56897816928
4849.85814002504,4751.98617657639
4015.11132919239,4118.0851369617
3634.79473332753,2775.0372342157
3351.61608981156,4634.23071458241
7867.59802222455,2550.38121597263
2989.6707272963,1446.19737364862
4477.85881939899,5629.24083653672
4572.74319537314,5708.23696328279
4181.92290656398,6419.48626272674
4455.78165848862,4733.85668050479
4389.61634324041,8161.37969620583
4237.86690231002,5151.34293930906
4656.62554871879,5083.37191754677
4261.88003477342,4403.38050118133
3854.90988440496,5261.65318888216
4161.85089676429,4049.48913513705
3366.12598096653,4862.69433294156
4666.27269504215,7375.68080968464
2938.40653642427,4372.74802102043
4322.48906478171,5456.24525585055
4460.60827346928,8253.33295358179
4576.92506561135,6468.87321902161
3823.28430550455,2144.37526583085
4657.30565213488,6450.17540549141
3801.61003582218,6219.66601342338
4201.85727450389,4930.60826924484
4885.88460940251,6351.51566381971
3348.33365745194,4042.83973630032
3686.53103482823,2640.34599652635
4418.60309692339,1079.9167715778
4150.45556759873,6775.4234024799
3919.64000420226,7529.75150357031
4411.47641629771,4964.13899930252
3393.3349559426,3224.91737673281
4441.49891425208,6347.48077900571
2483.69324179841,844.178721462662
4410.27134729984,3000.26135848974
7672.64501773358,3295.78643696426
3672.22867729542,6285.19293182947
3863.57047656573,1909.48974476053
3624.19813976295,6316.84829884481
4610.12227245088,7694.56356656571
4627.3933216923,6764.45496009988
3782.07210543144,4076.99544642037
9013.04334833849,1983.48476244193
4299.88610334376,6419.25918945645
3009.77941018145,3377.11270757614
4472.27625760294,6949.9539477306
4290.03737924323,5365.54153574407
4546.2519896739,4072.10808541847
3986.28687010203,4534.32058993073
3322.45793150526,4161.56142254497
3501.72658701345,6441.1960742165
4163.41118709635,5428.68185910822
7671.13766195339,206.753883677082
4365.85389144525,3418.94091481498
4261.31225596269,2175.46231538759
4010.60185049987,5461.9284304366
4069.38217682154,4228.90704138964
3769.37500018525,2770.26340984894
3750.69884522393,5435.72874188177
3748.74071132626,3541.46998974808
3360.66629309011,2498.20975784375
3683.14609795284,3892.74726462488
3500.07421827737,4121.04004946224
8269.58724922133,4500.05113174791
3963.42844766236,3053.9673583279
3847.17493780383,5045.35173327926
3988.83760445085,5848.78220907997
3367.1569043196,1188.52228020271
4381.77599617737,2941.49737555553
4773.50237239494,6377.99908824859
3993.77424304209,5283.24925230914
4232.60631760184,6860.38686254133
3724.24876767539,6145.50058507545
3262.35758720876,5018.81122339136
4545.85585987202,6058.54801390891
3927.53883354007,3583.12757489276
4475.51190789429,2775.94658443499
4019.48209422916,5825.31035975538
4802.73037785331,7601.5294911658
4396.88831917619,5176.86013948726
2437.07048934535,2260.65306014693
2779.36412634408,5046.77252692577
4263.42300142212,3132.56578970952
4445.46178996703,334.00016001586
4050.27415100072,5892.03099853769
4427.9753336241,4999.54509240255
2266.42192179154,3158.42423407604
3516.13244147887,1708.6463971751
2859.7811630141,6075.65420027082
4062.95078267665,4540.11751257955
3779.02987255883,355.766713394735
2249.05959423174,4025.33564314634
8663.23552790723,2606.70151840589
4448.35133300705,6441.1960742165
4131.13623220589,3342.16118387194
7608.65349773923,4406.61957241118
4498.4543537358,5292.96773456443
3616.96199842779,3382.56859746427
4332.45089002175,5324.33851999522
4590.5921075601,6076.62042452149
827.947424638816,5498.35741039107
4607.44389141328,3321.19031193494
3643.56831394122,4412.53024312277
4475.59798734776,6536.33258592905
3919.44175258913,5549.39223360274
3462.67909009989,4956.35296554859
4036.81353521842,3903.26113760907
7503.82816346935,816.956304624108
2101.57512473046,2070.66461830638
3578.73576749591,5720.11496730973
4860.48484913157,6174.93934486013
4254.32193555411,6457.05230045368
4556.86185309298,2241.72817334644
4965.87817365919,5140.60157019933
4217.92319271688,3889.67818120632
7983.95517643548,6726.77559716543
4234.49962979481,5295.69557379469
5022.90268554917,6164.25506120941
3342.9958741729,3183.88477165049
3663.50859896091,5426.52233733657
2533.15352850576,2317.31439534088
3525.60727628175,4480.33043136327
3977.73407390773,4115.12980160591
4236.6925318534,7193.70505201307
3264.22076168428,6135.38461888334
4122.36454493493,6046.10169242336
4323.60413178295,6117.25512281174
3448.2945191586,6968.36717967625
3754.72721714704,4953.96637050665
4397.68083650683,4366.32611830924
3619.5772009231,5234.4876989319
8810.19529487906,4738.40322017363
4186.25969834033,1625.61517418741
4279.86798356895,4124.67745033942
1978.11250745838,2661.77143785917
2590.17592348152,3688.43713825644
3774.8569380377,6958.53537221343
4044.16463100334,4617.92034180466
7608.74615446599,35.8039974144374
4027.40982086813,4889.51900155876
3320.5729205247,6484.0473797374
3766.1888262269,3590.40237664711
4072.81009186323,6486.83188157142
4217.9520129963,6358.61963205227
4707.09350061552,6424.9423640425
4372.82456510272,5612.13465017481
3688.63526224366,6753.48651771986
3610.54753897461,3648.0865986955
4076.99969747906,4996.19227310994
3944.44766304191,5241.81916329
2479.5852315837,3004.7510241272
3840.02627542801,5725.45732056272
4215.54333263053,4842.40531509832
3945.39534735348,5392.76411115334
4493.8754644448,5941.58836549909
5018.10870260867,3972.59586755886
4081.57560762822,6754.45274197054
4599.87929476293,6640.44800606126
2184.76282082012,4104.67259122548
3940.41558572404,2271.8489986525
3485.07513366606,3643.36922550488
8022.16498006749,987.394668174175
4471.91057989061,6507.80296493604
4202.24100295718,4071.93767475194
4611.59146789062,5801.66852261952
4430.59367348272,6393.79865188201
4224.3548953003,4532.78604822145
4090.81654495849,5380.09071639751
3625.06744924152,6382.9435347095
3837.60429058438,2459.79145535654
4374.56417260962,5136.45293732256
3874.22410555366,5889.01900057814
4324.12782205924,5784.10734400653
3393.52413850761,2091.57861621199
3971.72050065548,6632.94655389187
4638.85804521762,5877.02724848843
4107.02330229306,4762.27255343503
4324.38739224969,5024.49439797741
4073.72483165976,6123.73411098194
2471.46910768561,4307.39151328087
3216.54302875275,1350.20859717579
4164.65990863183,4581.15011766187
4668.53373609569,6180.62251944618
4944.52307036742,4242.48957493715
3899.17962956329,5667.71601305531
3585.90802542165,4394.45783251018
4353.43211686646,4958.73998344578
4078.25123202158,6248.93436254153
4214.35392356526,618.55669039654
4726.05218129131,4948.68067985742
4064.26314259024,5814.5694135009
4260.88070384166,1158.34458086527
3841.94715730633,5455.33569420363
4764.99449566864,6211.48207287737
4271.5090274692,6439.88902863276
4441.78804173255,3307.15278613636
7939.38621964113,2582.71864850934
4517.8442705147,4973.97080676534
3705.71967060184,3732.08383450624
3990.14344497741,3880.24428053558
3595.7476688685,4975.22118974532
3500.37759723133,2104.9340764892
3693.44375463484,5154.63909599792
7915.62160543496,2221.21187080528
3275.46903930418,5626.39924924369
4512.26108758002,4289.94408273065
4729.66780496572,6256.890806962
2840.34848653827,5342.52467867057
4118.84319089343,4499.19865556001
7984.42417250376,1063.0377642
4154.22238636288,5108.43497118439
4350.71176357709,2222.91682318109
3754.1415938751,3972.59586755886
9205.75970687817,3808.8066914179
3936.03800210943,4774.20722006574
3718.34395928612,3308.97148657494
3944.48480218661,5241.08001230961
3104.76804831814,4017.03795453756
4472.42354124056,4359.90421559806
1718.85559008334,1730.92442040965
3050.74036786647,1583.73019863099
7433.79226970076,2881.3125989748
3603.99830144782,3811.59119325191
4389.88869046007,6902.10153314502
4150.74720522473,5517.79395204641
4460.1800059484,4445.83347705491
2730.76526813848,1847.77042647052
3034.1327871016,5411.91649407938
3966.4379974517,5248.24106600118
3119.7196970019,5783.93693334
3428.00120792085,4583.9917049549
4600.02670875887,6162.49344622984
3855.21215052142,5723.29737593582
3962.18928187643,7048.15912000647
4000.77122308489,5860.26188345958
4123.46330123879,6849.53216822408
4448.12722132493,5596.56258266694
4389.7644117488,5218.12024069513
4118.70101252005,6140.27197988524
3971.37076252847,4214.75576752828
4288.20350344039,1600.32504727949
4064.49883735068,6436.5928719439
3535.61974136179,4939.13303112391
4266.62365455127,4781.65243248661
3567.62742841967,2045.88593482569
3781.39835244675,6389.59293354623
4505.71526183016,3234.40815143494
4129.51627749464,3971.57255784917
4115.32462325474,5423.68075004355
3787.99726602021,4950.10147350393
4349.68140142267,4740.96064873735
4490.1728800724,5184.3620145119
4118.52745579886,3923.77722872261
3903.73493778697,6190.28391624246
4946.64449257956,4380.24989604506
4139.24105298426,5728.81013985533
3589.45893348877,6120.32420623031
4035.43396237045,4257.83414631948
3610.62197833687,1994.62361548848
4275.18118306841,6586.11702616073
4640.36269079801,3593.35728914765
3838.11097414237,5730.17427089809
4314.71568746159,6703.92915075846
3608.9499221465,2523.3861366889
4328.27153690666,5412.71188480827
3928.674026332,5872.31029815305
4558.69399028459,3075.90445451557
4471.11449644461,3792.60964384766
3226.46342722054,6614.4191510282
8908.6841435256,2515.08887093537
2671.8783737676,2039.97547554172
3411.50320042328,6262.80147767359
3729.89370901793,4604.73529219397
3615.89498080384,5927.72125036703
3750.80906877906,6047.86373025819
4243.7328379457,5151.51334997559
4411.44710747463,4723.6269662499
4397.99265412782,6513.03157012625
4148.25969283767,1669.54613488033
3992.79630870928,5793.14376074045
3201.40697940902,4634.00364131212
3012.18075234191,5104.34300091139
9558.23314237167,1326.22551585162
4263.25448655966,4254.42424156785
4269.72404971946,5982.73429578893
4249.8708160345,3318.00769188123
3928.25529230949,2264.23358699272
4533.60484839318,7086.06597906646
3715.289306262,3959.69497667748
4258.32307140422,776.605765063165
9145.64788241885,2139.77206355826
4744.65835188101,6042.57846246422
7629.80300638645,4605.53068292287
3595.34905123841,3604.72363831975
4919.56753163885,4441.62818157439
3903.92137763629,6749.84911684269
4135.11148888331,2323.56588738554
3834.06425296066,5736.14160421344
3807.91281282636,2059.12764704013
3841.43765708443,6689.55080362681
5002.96974232533,7599.19955872762
3896.08595336566,5374.97585927006
8549.35041827318,2038.38405980105
3725.78204824381,5808.03376272695
4649.25431344809,7329.36293680834
4177.97445791135,5065.01534820488
4500.37893115266,3628.42256091462
3971.647401816,5429.6480833589
4491.67030008188,6299.23045762806
4045.52289561736,5723.86569339442
4378.02830121119,4596.89259583628
4358.7991787566,5487.78687480312
3919.55477953782,5731.08340968975
3938.46843820674,6457.05230045368
3684.08839527132,2680.69653608729
3796.58971248674,4655.77011540564
4053.24761456184,5894.07677224657
4058.26186590094,6422.95325293738
4694.77318923505,5941.47461743631
4312.21426268629,4359.96087820182
7883.9517850274,2848.69121913641
2867.60931395094,872.253614489122
4405.21333845114,6044.9083949024
3970.40337032458,2270.71236373529
4248.8949799272,5175.72350457005
4055.45111105639,6341.91092962718
4572.96645366745,6355.60763409271
3536.36959675844,4796.82659320241
4022.13698645006,6320.76985845129
4500.96186064314,4327.28262433204
4238.18787149978,4983.68928902063
4065.3164701234,6094.57950992656
4386.61771174744,3730.71970346349
1621.12682072078,1659.08903021371
8548.03577281618,2137.78295245314
1812.58407773556,1131.06534285224
3858.63148547226,3129.55358032234
3482.7955788685,2064.35625223034
3359.08801468447,508.757778536848
9427.69689683345,2940.1334559404
2854.28810382391,3061.46923335253
4616.8429988823,5719.60331245488
8359.34912077182,2273.55395102831
3901.41104554419,6759.34010297244
3688.66311973186,5390.49084131892
4321.24097841532,7229.62322282319
3615.52751889988,5905.50020687768
4184.30566076262,4237.65887653901
4002.25752959075,4793.245854929
4009.95633158344,4607.63354209076
3802.6607731061,3739.6990347384
3242.1342306248,4868.77541431968
4459.60546402336,4469.75989577533
4069.44660579482,4850.58925564433
2919.75529180392,3461.50785017895
2398.5734035394,4478.05716152885
3972.22135376452,562.634241898443
4227.93525946372,5523.87503342453
4179.61655147829,5352.64106771794
3955.33669691603,5451.86912684825
3638.62361335945,3575.7394479309
3327.5316306676,4858.37528939826
4377.55792871438,6043.20344252658
4336.56681158566,4243.79662052089
1812.11243121879,4818.990974088
3613.89215041105,4216.40405730034
3378.75178682548,2630.8550103966
4380.36466866786,2309.86939434763
3652.39139984847,1086.67981276349
2940.29905179251,1957.39882194986
3620.51335667761,3855.29497496072
1644.2509700895,1270.70092128869
3938.6982041907,4824.4466525485
3911.37730278349,3849.04348291607
4055.78148898136,3867.05923092489
4564.70198459524,7129.76933792002
4196.26153540027,5884.52912351306
2876.82175896982,3809.43167148026
4408.26053285205,4698.56433546753
4011.6940372383,4487.88896899167
4921.4424805291,5677.88906470644
3904.04897651005,6180.16795005035
3889.92556998692,5477.04550569339
4333.14757812626,5522.39715431901
4199.52245743581,3150.52445225934
3527.44901198993,5901.35157400091
3636.33817891589,5544.61862066361
3257.31127725397,4027.94973431382
4297.5501827403,5942.21334556145
3731.90401218526,3855.91995502309
3696.70536320268,4742.09728365456
4584.08952479314,6894.88381684969
2563.04101685916,1216.42660399192
4159.27547484421,2826.64037488596
3376.96245839865,5147.93303455743
3400.8511003085,6177.38302536108
4453.45870790539,3815.91065965046
4238.79927472179,3394.44639006358
4106.61540424991,3880.47135380587
3722.23698419768,2043.55579095988
4373.6071642294,1966.09420592309
4363.47826047459,6519.90804223327
3989.78897303958,2342.14974142534
4505.61156502665,3852.79420900076
4134.57928203265,4355.30059047021
4231.67268441617,3745.04138799138
3882.58369751086,3913.26335573842
3149.58677821819,1251.37812769612
4674.05826337482,6321.73565984671
1536.26721332861,1732.74301513442
3876.99173489851,5382.02274204361
3565.02751543757,706.418558925467
3926.18165294906,6637.03810130963
3139.4032557617,203.628137654755
2797.1724437021,1021.15278864359
4976.15367108351,5838.21125063676
3167.27975914339,2901.71515345319
3645.07615934063,6409.65445526393
3880.81586225795,2996.9083277695
4045.54063327609,3535.3322457662
8703.72432443468,224.655870408908
4084.23568289371,6477.79588769275
4498.7726165465,4509.37170721113
4474.45831747548,4771.87728762756
4420.68428135147,5546.60773176872
4814.83696489099,3548.46020991787
8294.22085220973,4603.7690679433
4359.40476481732,3111.3105476156
4374.01562923775,2425.91969253817
3336.0373983323,4011.01395861845
4173.9859567395,6175.62141038151
4776.47023285201,6989.67908437393
4593.88358865119,3625.29681489229
4031.82848275756,4631.90078214423
4224.80736944233,5277.22525639003
4223.9659054626,5830.02773294601
3998.23605635082,5933.34776234932
4023.99730377423,6363.39366784665
3996.06897979645,2844.94028162409
4907.41799472695,4155.76449989615
4307.77465022528,5931.3586512442
3748.29596180787,4801.99811293361
4383.18402242894,5631.74160249668
3948.38203044492,6274.28115205321
1243.20224006673,1700.29204596256
4136.24909678242,5478.23922606961
3471.95035895451,4366.66693964231
4422.041174769,6506.21176062299
4707.96105797987,4954.13678117318
3646.35376219776,4556.14414948326
4406.55908350025,7124.4844929813
4559.78034896163,5739.09693956923
4047.22892582292,3781.47036794585
8494.76265958576,2083.67904582291
1779.8800852359,1274.67914349892
4215.46879727125,8114.0951762236
4042.62990027352,5859.18233400138
4169.95884595334,3486.57069238895
3904.0179700397,5113.72023897837
3862.31075678018,5384.92141479565
5227.50382053272,5418.73630358263
2795.9833416383,976.53986814311
2110.69316517235,1494.10655655177
4261.03362771943,5488.12769613618
2728.39257338343,1030.64366905953
3593.42422007903,6174.71227158984
3781.62039046491,5464.31544833379
4105.72209673727,3548.46020991787
4576.18745596568,6431.81883614952
4117.19150512754,2115.7321082027
4880.70603763612,5281.60138539234
3615.67911512168,5683.57223929249
8266.45304754385,561.156627077452
4731.058331648,4674.58125414336
4123.91958651967,5056.83183051412
4237.4673862892,6134.81630142473
4408.945914329,1817.99063392515
2391.17311759283,916.923303307174
3577.1672558303,5503.64267818505
4653.73399448744,5965.68477203078
4306.75417114262,4662.41951424237
4275.47682966117,6851.91918612127
3465.47627032989,6605.15566102399
3612.55102062479,3856.5453579407
2318.05613783359,2984.57575434672
3504.31711092112,2659.7256641503
3773.76370999961,5137.70332030254
4365.2736333079,5984.09842683168
4354.91358351569,6318.9511580127
4164.17594245194,5013.12804880531
4746.48245284271,5133.72509809231
4360.0934971948,3475.0337211227
6719.19764433193,1098.44396301385
4384.09715745057,5750.17913001203
2693.10310283565,1123.0521301142
4027.89217153492,5892.54265339254
4333.68188813307,1752.5772521542
4264.21874512981,5413.22353966312
3900.20451589069,5723.92277885343
4231.01709340327,5661.4078584069
3882.82930701212,4477.03427467442
3503.60942299048,4491.35595920231
4649.26172258433,2900.46477047321
6149.31199393091,462.042051725387
3822.14076231157,5812.01198493718
4364.34306428559,5526.88703138408
4092.35308273279,7048.6136894023
4036.5905129939,4874.79941023879
3877.52450571699,6565.48718698443
2706.1393821064,3351.42467387615
3759.0737173067,5577.80810653298
4098.85965901043,2089.24847234619
3879.69928213557,5807.86335206042
7999.48796600162,5447.89090463801
4367.56913241843,4309.55103505252
5101.07434151733,6555.08706206301
2992.58563703004,5197.26290539328
8293.82802097354,393.673493169368
7849.61597952031,5258.12953606776
3983.04323090111,3504.58622897015
7931.53440094299,405.664980974549
4697.90183284014,5594.11890216599
4216.73523231201,5114.97062195835
4139.18208495145,3480.94418040667
4482.04665744542,4542.95909987258
3722.94962850713,5118.49427477275
4239.19884791339,2231.10055229948
3685.18967797899,3856.94326473278
4519.64786749853,2709.16928304892
4327.85979121402,3217.52924977095
4535.24970818342,4502.21065351956
1056.1711474155,1752.5772521542
2000.16174980398,2115.90273029685
4181.20653867511,3971.91380203749
3632.753224924,5887.20030013955
4503.60648943544,5076.04087604392
4340.78734639844,646.120087138875
4314.09498159824,4966.92392399179
4063.35846152162,5028.01805079181
4324.68200374072,6422.49868354155
4775.28219024433,7146.36471513758
4002.01239656565,4513.06577069206
4742.27073770834,5416.34928568544
5068.28108274422,6381.0115090634
2570.62587035481,1881.35803055959
1666.66208541638,1250.8666842689
3629.68616748944,1476.77287406433
2226.56647320032,4746.53049811588
8562.30847490931,2814.81945631803
4493.62298283318,6596.11924429008
4008.72468398095,4919.18525746898
3663.9332029006,1658.97538786475
4441.88427562541,8507.03003624509
3291.51327259207,5605.25817806779
3385.17021448751,187.374255695812
4555.92965389424,6804.18051959846
3407.73544408637,6287.01163226806
4484.72231107794,4093.59040078268
5252.05268773863,4031.70088325377
4491.71430056774,6293.71769370854
3831.24429795478,965.741836429618
4245.90204932634,6791.56378744638
3801.7342835824,2865.62699483178
4046.39975929326,6477.17048477514
4690.03117671163,6720.97867451661
3149.85011993446,4920.26480692718
8085.34474998859,5845.03106014002
5051.43827826342,5223.23509782257
3760.66448170546,4867.01379934011
4529.20309552233,2997.53351925949
3622.34496151199,4504.76808208328
3517.81034800568,4867.46836873594
4195.59666791581,6271.09874342712
3378.44367247718,4068.58443260407
4584.64479503845,6899.259945852
3563.36025767057,5197.77456024812
4194.59426464063,6719.15997407802
3665.81477207136,3428.03399415265
4239.98022828411,6043.20344252658
3617.11180150591,817.467800908234
3860.19462246646,6591.11813522541
8595.55257522731,1742.91585535792
4521.87216961556,4663.38531563779
4352.58910033891,4390.02504090412
4225.0408919451,2728.03729581802
5251.30631710771,6138.56702750942
4586.55221005532,2871.48058008436
299.468154743179,2225.70153644273
3603.30819177919,5210.44795500396
3585.1319015475,4334.95491002321
3654.72142373051,1030.81418543987
3495.72077170314,5883.79039538792
8041.05907103166,7693.1427729192
3670.38394585186,6228.418271428
3773.76399303676,5437.09287292452
6880.03175042897,3191.95496413373
3650.86918815712,5673.85375703719
3921.1572099828,5084.56563792299
3666.09182207562,5026.25601295698
4058.04935854242,4730.04929181634
4497.18814377435,6785.36895800549
4782.97686938917,3975.38036939287
4518.34552017508,5351.27693667519
3836.08630661136,5608.15642796458
3918.76879290422,2649.83677122847
3946.88308474926,4101.54684520315
3872.8259310026,4450.89167157859
3873.8591631093,5364.3482382231
3754.04180502267,3677.41161041741
3763.29190327445,4484.30865357351
2132.40217503738,4744.82554574007
4514.11279988562,3798.69072522578
3929.42854803383,4563.75934971541
4250.30459969073,4994.60106879689
4111.53324462699,3841.20078655837
4954.25847233495,4993.63484454621
3135.00080219096,3419.85005360664
4243.29984193264,5864.4109391916
4374.61706982416,5062.79916382947
4430.85566493666,3259.30037155078
4232.48951450138,2787.02877487778
4792.33663235186,6133.16801165268
3498.02596906055,6413.23477068209
4213.92067396594,6205.85598375034
3797.63374682664,3863.53557811049
4421.82798643133,4594.39182987632
3615.26696260295,4754.42985707734
4469.64727084612,5320.9857007026
4822.27580200646,5471.53274177387
4220.36628399224,4995.90811438063
3988.3850523266,7414.15556334798
3467.20739913554,4450.15294345346
4001.52533730965,4490.38973495163
4096.22026428397,2626.30847072776
4654.48272706285,3347.5033256973
2517.39516263714,1884.99522000913
4621.96774351151,2090.15782256548
2683.27504050987,3458.04107139594
3833.2417289893,3129.66732838511
3819.61364658332,4273.00830703528
3520.04432139401,6083.72439275405
3597.83513458503,2839.76855046526
3874.01628817898,6103.10427180563
4037.51040528308,5617.87448736462
4196.28186225401,4290.7398963148
3576.90930935389,5981.93890506003
4169.21197904686,6884.99534678312
3879.71286731195,163.504922434409
3280.89424822683,4113.93608122968
3995.3157096612,4533.52519920184
3960.50261739331,5836.22213953165
3682.35158168995,5483.97906325942
4200.03787324943,607.588142302705
4201.36877264426,3188.60172198586
7468.43318754235,1499.8464994554
3504.27408288291,5431.2959502757
4369.77492860545,5027.50639593696
4079.4272198596,4523.97712761308
4792.22273784471,4142.69319834824
3114.25283751794,3993.05529606864
4479.38114357434,5383.0460517533
2047.92361252817,3420.70252979455
3944.73173421624,3029.13201224344
4750.44632563001,6399.76598519736
3580.04365778084,303.424686028611
4070.5318895295,5516.48690646267
3770.46142326375,3858.47738358681
3472.94438164031,4440.88945344925
4225.14972351716,4846.44062276756
4349.85228006176,5429.07976590029
3331.24455102859,3930.88119695517
4298.99589167043,4815.06941448152
2965.33998817197,2045.94280885707
3995.14174009599,6606.29229594121
3493.56329377589,6550.19927820586
4277.28075086331,4297.04805096321
4127.10150387347,5390.77500004823
3910.65857660126,5913.00208190231
7870.19250379921,4378.48785821024
6122.59450236685,3207.64035684912
4531.56009376474,5528.53532115614
4580.87728718261,6606.06479981566
4138.14933068607,5123.49538383742
4217.74406106042,3793.80294136863
4702.98099372657,5481.59204536223
2066.65392845624,1486.71842958991
8753.1467400414,5751.88408238784
8747.67422945186,2464.11071032746
3404.10870763817,1404.53968279013
3203.53465376762,5371.05429966359
3786.16718909809,5328.37382766446
4103.25906482499,5005.00119371831
4274.93988473936,4649.68903402752
4090.51434581564,4012.20725613942
1656.51031041037,1736.891753725
3827.55834030831,3195.59215358328
4160.96183460501,4573.36408390794
4026.17247881464,5597.75630304316
3967.58977864486,4989.59953687697
4074.56337768523,3641.66427312906
3863.70804661095,5964.71897063535
2520.58887953744,1255.41322393774
2612.00509162772,1401.58445314814
4674.60621726322,3041.52124826998
4132.42621127735,3271.29191221286
4072.06573312559,4148.20596226776
4786.62614643342,6823.21915446172
3838.17005574347,6794.68953346871
5835.48043777291,6174.99643031914
3837.7830951368,4517.83938363119
2920.91294252124,6034.56493258474
4163.48553290829,4198.44497189527
4231.98736474174,3649.84821367507
3865.89833420101,2944.73686964063
4695.75587491575,5377.41953977101
4006.77240731752,6623.17140903282
3900.18137998367,4418.72507256366
2649.53287195169,869.184689641274
3628.92378289425,4923.04973161644
8519.96216953771,900.896772117281
4319.07529774242,5591.95938039434
3720.63216462303,5231.36195290957
3675.18722525437,5113.43608024906
4131.44977082124,3370.52018277079
3792.05839503338,5854.35163560324
4619.13578168511,5797.63363780553
3992.60979031024,6603.45070864818
3866.16191476335,3456.67715178081
3994.53095572466,5069.39147720719
8917.8484984822,5980.40436335075
3058.13810862443,477.954940566322
3703.41273188123,4574.2732226996
4103.40995147876,4607.34938336146
3007.46553150123,1165.73270782714
4516.17866574519,2856.93182228618
2488.96238163106,7460.13261489121
3464.90429222284,5289.7849030831
3959.0027487808,5207.26512352262
4804.23151916066,3873.65154430261
4865.76524001816,7110.21904820191
3830.3933431982,6534.62763355323
3846.1079072024,4608.37227021589
3856.72191434577,4198.72913062458
3507.38240186121,3784.36904069789
3835.21071623824,4952.03392200529
3320.63831547694,3970.94757778681
3944.37848527566,6306.67524719368
5061.39241500861,5790.4159215102
4629.25118204299,6566.73756996441
4037.58059835102,4398.37896926141
3972.13218855479,4581.83218318325
4095.60401322206,7202.68480614322
3747.64345641333,4285.56795372834
4009.40740205032,5125.20033621323
2638.95386120214,1584.2985160896
1870.59507938369,5524.50001348689
8428.76430513215,2822.15070924851
3980.53333697309,5319.39449638956
3784.45525710021,5064.61744141281
4303.34936761061,4039.71399027799
4548.53294404697,4929.8695411197
4020.58002946515,3373.93008752242
8921.05297953322,2117.94850400573
1308.85408054425,158.674224036268
4817.51126170894,6424.99902664626
4473.44009875926,4897.30503531269
4983.4095044191,6856.9769577897
2483.73271331462,2974.51666218599
4675.53700743834,6287.06829487182
3974.52076618592,3225.82651552448
3564.25503598317,6573.55737946767
2510.15273501096,988.645051154156
8353.83095125507,2827.43597704249
7966.12257076462,1333.95467557417
1484.18079969637,4204.01439841855
4442.00776932409,4955.78464808998
4167.09287006669,4183.55496990878
2083.94237884693,648.791158051555
7267.56701800275,3731.79967577694
4450.28092711635,5485.00195011386
3962.23631162796,5051.09157046906
3898.16155570341,3966.11687938867
4799.00919435952,6560.65648858629
4197.49974688677,2993.55529704926
4821.54440503882,5398.10646440633
4141.51311971036,4574.95528822098
1616.32196756113,1010.18424054975
4464.25014416423,5046.03379880063
7306.45671875088,671.751193950572
4034.79640076953,5646.5178564204
4777.65271897505,6507.97337560257
4895.17192586456,2067.82303101336
4114.21242178278,4682.36728789729
3753.49323964419,4274.25869001526
4131.52203532274,1364.24601726057
4014.79440894249,3685.65221356718
4167.05898809774,4094.10205563753
4429.17002118622,6393.68490381924
4076.33530408462,1491.83328671735
3320.94338796416,5590.08401735199
4480.17093343161,4247.03611460599
4057.18465077476,7498.89152728386
3683.19546848286,6119.52839264616
4783.27750447174,6447.50465172016
4268.5243050704,5268.24592511512
3421.41382307436,7974.97156978344
3582.002835163,6052.97858738563
5186.91581515281,5880.55090130283
3837.45255174677,5172.88191727703
4636.13469642442,3803.69183429045
4162.16459560212,7163.92504804007
4160.61351980609,4863.83096785877
4602.67856253642,6355.38013796717
2816.22202406119,1741.77922044071
3628.20784021719,572.40933390059
3760.4127779921,6713.36347428446
5078.34376221103,6677.90029572541
4481.13465253898,4973.2320786402
4309.84663221873,6795.42826159384
4670.75062587717,6942.6224833725
3323.97369875403,1768.20598226584
3566.11054559167,6573.78445273796
3758.08846530449,2310.09667904555
8355.20236995634,3494.01548195458
2111.42189038784,933.347741289142
4554.66472894992,5364.23449016033
4028.25465914857,5232.78274655608
7530.47947875617,536.946313912267
3840.7578376723,3549.08561283549
3410.99405066327,2935.41629417741
3646.17848403858,6552.87045483235
4630.07749757613,5481.87620409153
4521.76735231015,6840.49575149016
4071.70539945527,2419.89569661906
3841.80134058069,3485.54759410689
5036.11324524506,7569.36289215086
4449.01865029484,4682.42395050105
3323.57452008903,1651.24633385601
4070.83953232723,4731.12884127454
8552.55048907878,2306.45948959601
4798.83355189966,5559.73569592039
4595.95892629568,6120.94918629267
3907.16053120228,1270.18947786147
5104.04750888223,6322.98604282669
3591.43136907182,788.654126899731
4112.07340084151,6199.49074364291
4268.17683457886,3655.70179892765
4417.83929049263,5299.33255181661
4073.26198375409,6244.44448547645
4524.68747571644,4507.325510647
3519.1840203088,6096.22737684336
4327.27252977401,4807.45379139412
3688.68472355499,4039.88440094452
3890.99901353329,5037.50903692156
4297.45239687889,5953.46594667078
3722.41035855133,4037.49738304733
3901.93356014551,6314.06337415555
4366.92656613402,5814.68316156368
4428.89863266713,3984.64385939708
5156.01768731252,5096.04573515786
4276.9974311779,4479.47795517537
3791.64774441693,6236.88594784806
4508.13945705385,5495.28874982776
4448.89156018848,5923.40220682373
4388.44359563847,3820.28678865277
4096.67168412448,4323.92938218417
3996.72073061238,4497.77786191349
5180.27777694987,4504.93849274981
4261.35559910646,4306.82319582227
3743.89054754092,2675.63855299123
3929.26463698712,6258.53909673405
4643.43869389268,3697.41646953135
3967.49637859245,2932.85886561368
4271.98818623223,5281.99886932916
2249.12100440413,4766.59201983358
3503.87786413368,4824.38998994474
4178.1765873102,5812.06864754094
3772.06942539136,4793.98500590939
4524.6780424422,110.139915714259
2554.77075558815,24.3808171571914
4118.26998196761,6281.84011253685
3885.87589118383,6347.76493773501
4606.70485686508,5019.8341102458
3874.41856783929,1738.82399079873
3715.08753833429,4782.10700188244
4349.5390124283,6549.68804620626
4518.78179921853,5360.14251988732
3359.77470539366,3530.55842139944
4465.45938303196,7578.17181275924
4500.40497919357,3032.76920169299
1793.37919433251,2756.79420150895
4446.10901460031,4822.91211083922
3817.07535170909,5170.55198483885
3951.09064925901,6166.24417231453
3893.52028217968,5706.75950703252
3687.15780439687,5572.35242807247
3581.59199064824,1327.93046822743
4110.20487852865,6315.82541199037
5128.73856400557,4294.5477078585
4381.73908162377,4634.23071458241
3705.87023812419,6353.27727879928
4537.40363171401,3463.44008725269
4271.04378686741,1753.4866023735
4310.33281503026,6567.87420488162
3906.32852023825,2573.90972790097
3411.91688192189,5813.43277858369
4785.27666936518,5466.47497010544
7607.13145632829,2605.96279028076
3959.52212889428,6438.63864565278
4173.41054321091,5118.03928252166
3144.93258916525,2329.24906197158
4141.2070094602,4327.68053112412
4498.31198620655,4770.62690464758
4663.10489080508,6579.86553411608
4466.59624051022,5046.9429375923
3114.87389051212,6507.8596275398
4659.9446915928,4751.64535524332
4917.67340101907,3067.77759942857
3672.3510874225,4555.34833589911
3413.95943451541,5939.03093693536
3805.14764434696,5241.59166716446
4425.28718202708,5540.29915426506
7909.74421266159,1935.40506315843
1986.99118186916,654.076531559343
4640.85061665222,6142.14734292758
2956.67629576026,4822.79836277645
4157.34870506461,5804.68052057908
4396.02617336838,1047.18174939045
4428.88224504989,6565.54384958819
4150.69057986274,3724.46821141884
3984.01616086523,2921.03794704575
4200.28245438936,6635.27648633005
4031.17647389727,4128.93983127895
4138.54828302631,297.570995062218
8734.39833584706,3484.80886598175
3936.37297018012,4162.18640260734
3535.00581606521,1068.15262132745
4878.41041904588,5650.38233056787
2316.82895224107,2861.93293135085
3954.73678420368,2953.94348561345
4637.05630916319,3673.3196401444
4153.29356651128,4249.93478735802
4277.72261889088,3109.15102584395
3828.52537805107,3408.02913503871
1511.59587499271,1199.09292150448
4055.66102274682,5153.90036787278
4580.77160279306,250.684831155772
3996.37295020391,5844.06483588934
4669.41080793274,5204.82144302167
6107.95177825769,3146.5462300491
8791.18674236231,3341.99056177778
3986.3952197469,5670.89884453665
4077.19990629597,2700.24661437777
3610.08113320249,1527.63728660946
3774.13407403543,1882.7788242061
4548.47822025165,4162.07265454456
4051.16075070786,663.112789722541
4766.44608092491,5946.19156777169
3811.28204610065,3393.87807260498
4236.13056401965,5426.97690673241
3734.75148444326,4600.64332192097
7160.03326544617,658.793587608526
3408.76948669152,3529.25116438808
3458.42323114627,5196.35376660161
856.425593558481,184.646337180199
4052.82667670516,3777.60589379839
3843.21095632454,2124.25687008177
3627.05348452212,895.781914989837
4034.48991563568,3220.02980430328
3976.87663999686,5542.91366828779
4833.48855632724,5190.72725461932
4373.56159803764,4725.44566668849
3668.65344346426,7638.58429689313
4258.24396630471,4819.21804735829
3894.64601112736,1130.09922431537
3877.61763133798,3274.19037353727
8010.288402621,1465.7474519391
9321.54421757105,2331.80649053531
4466.74173945141,5848.78220907997
4834.26659801306,3596.08555123316
4324.84469415141,4040.16855967383
4450.71146065526,6398.91350900945
3894.48069627273,379.920205385441
3669.2649114614,6579.24055405371
4282.4329122689,5079.28037012901
4457.81505689236,6464.89499681137
3644.08639328526,6319.57613807506
3200.94769279101,967.787715852308
4863.59157177966,7351.24315896463
4360.97541249258,5031.4846181472
4429.39191906889,4798.64487078574
1038.52605275322,5256.93623854679
3905.68476169218,5542.85658282878
2975.75709041812,2533.95688370447
2574.3249749733,2630.68459973007
4441.43322178451,6218.4156304434
3956.17327231346,3357.16472249358
4325.6925600761,4998.18138421505
4246.78130314353,5245.91071070775
3688.54386337345,5708.23696328279
3454.76853596823,1264.79046200472
4214.61307642905,5706.30493763668
9329.44960984509,2371.3612165121
4199.39058760979,6400.33430265596
4488.96495292177,4838.48417834709
4365.27617006332,6699.32594848587
5049.65832432962,5849.86175853816
3740.46517710142,6122.08582120988
4510.03635047442,5650.89398542271
3314.06047948115,2582.37761574865
4213.63069633367,6573.32988334212
3334.99293626592,4285.34088045805
4705.97368878295,6002.85290296564
3724.85346557947,3429.28416570501
4634.58851966352,6595.77842295702
3930.45339845419,3181.61150181607
4579.26538193787,7729.45842766615
8148.11951569609,4172.47277946598
3888.71976674902,486.820735206083
4438.92544351807,4892.75849564386
3572.84182827449,6817.99054927151
3579.28109577174,6980.30184630695
3945.66238423077,3321.47447066425
3540.89918916271,2430.1820734777
4418.75424482692,4595.98303418936
3569.02627210161,2243.66041042017
3930.26112124727,5484.54738071802
4382.90305513677,6161.81138070846
4458.75967483509,2516.16863182119
3257.64175212967,4016.01506768312
3745.32661492585,5782.06157029766
3434.54362566925,3203.15069121167
4511.0536031949,4886.73407686949
2158.59266120659,4619.45446065869
4856.29680640065,6809.63619805897
4657.00684534671,6258.76617000435
3714.46170170885,5401.40262109519
3849.50671321329,1524.68205696748
6570.94354331399,1707.96433165372
2935.93309967662,3853.59002258491
4683.15541840082,2014.45806393589
4881.0986200982,5834.63093521861
4137.95371689647,5176.68972882073
4085.26317196125,4356.38056278366
4311.61003020013,5014.37843178529
4980.08678240794,5504.66598789474
4558.710064019,1043.88548698778
4641.67081328062,5429.3639246296
8010.71453106884,7336.40939672664
3695.61861672185,5556.4962018353
1844.42467610547,3740.94941771838
8360.81995637391,2821.86655051921
2851.22179991015,2337.37591705858
4429.75726773093,3581.59345603873
3623.43148974734,3295.61602629773
2319.15126801088,4844.84941845452
4509.07351531539,5865.54757410881
3825.26973025821,1436.6496192013
3725.02598637409,4528.6945008037
3830.0104428001,2084.36111134428
3954.85789988017,5207.83344098123
4015.36407484128,5009.26357465785
4429.55498520138,6375.72581841417
4758.60176510116,4994.48732073412
2711.03757554613,423.907960824383
4372.21303476531,4323.02024339251
3379.32776329048,7774.24133597791
3868.83547723342,5159.64020506259
2621.49242189579,7322.25896857578
3732.99513107879,2229.73663268435
3732.90914690278,4858.8298587941
4349.37123396092,5322.0652501608
4144.96117875263,7040.43017171154
3635.84248793844,5110.70824101881
4127.04652983061,5028.75677891694
4263.28986386513,5244.37659185372
3878.01250060764,7004.62617181944
4335.23453016189,3462.07616763756
3656.96559593995,5374.29379374869
3384.90847972247,4305.80030896783
2471.07884441454,1183.23690669493
3792.85220028628,6376.00997714347
3839.5106315352,5560.47442404553
4349.84422823668,6643.23293075052
3236.26664540476,1021.89162248254
3091.87355126463,3488.4460554313
4285.22197977495,3437.01332542756
3706.43368547533,6656.4179803612
4204.69655047959,4129.39440067479
4754.10920307785,2795.72394742339
4472.50622779873,6728.42388693749
4124.41839245544,5097.75068753367
3405.5915306198,1372.6002627593
2439.91330971379,4103.59304176728
3949.45591293944,6755.53229142873
4218.01288682081,5232.61233588955
4563.5269508572,5200.1044926863
4832.80846750502,4063.8674822687
8068.06323322393,1056.84314618674
3489.58073941028,1704.44078455314
3289.8394276263,4736.35744646475
4157.02501351024,5841.3940821181
3199.72874429727,3180.07696010679
4343.06805978436,6278.03230099315
3695.19072012568,6152.20664651594
3401.70248745431,1157.83313743805
3507.51485300695,6517.86226852439
4553.98937939538,6234.10144601405
3773.37646465861,3534.76392830759
3140.18265022604,4570.86331794797
3307.75091379395,3154.16185313651
4940.6214300099,7280.03264311724
4312.21859295459,4810.23871608338
4513.46806547537,5436.80871419522
4048.47183958465,5233.18065334815
4142.79761457279,5311.60846263562
4364.24546930477,5651.29189221478
3825.75427396668,5986.76960345817
3998.11258036993,6496.2091196384
3890.81176556058,6061.16210507639
4273.63362087063,6560.42899246074
4213.06956669649,5509.6100115004
4139.63896225602,3490.2078818385
4024.64460036488,4579.78598661912
3134.69275255167,3556.92830919318
4541.10967222533,4818.7068153587
4337.97204461102,5328.08966893516
3999.21415167866,5546.20982497665
4190.00402895092,5858.27277235447
3312.86186432197,3875.18608601189
4821.59717844113,6582.36630007604
4515.84868114905,6709.32816661521
3638.61399682871,1293.71777836218
4766.69420780227,4593.76684981395
3923.93862137942,3187.29467640212
4144.12798568485,2098.05739295456
4734.49303265881,3627.91132891503
1238.32158722327,3284.07905503147
4952.1429808203,6652.66683142126
4412.60638105933,4580.52471474426
3994.90200838944,5306.26610938264
4377.23723719065,4214.35786073621
3167.66094724129,3212.1302339142
4233.13826385635,4641.33468281497
4046.69792373691,4151.10421216454
4443.54166174206,5051.31906659461
3743.05232249546,4094.89744636642
3652.83703376932,4813.36446210571
3630.98526656427,3024.3013138453
4262.72065140931,5590.14067995575
4172.93487905177,5749.32665382412
4345.00919862473,6294.62725535546
3770.97023231698,5749.72413776094
4645.04853058567,5225.11046086492
3799.65293619327,1839.7004454149
3420.60035359025,6883.11956088552
4677.11044320211,4539.09462572512
3983.11763329409,4947.31697166992
3494.70271845804,6178.40633507077
3535.31501586091,1181.98662942876
4005.41191618159,5384.06893860774
3687.64504837099,6003.93287527909
3537.87567321783,4477.60259213302
4654.10107491707,7336.52356764466
4512.94810860174,3806.02176672863
4637.99087420424,4604.0532266726
4488.65594162258,5544.61862066361
4068.06006792393,4261.13030300834
3854.85051718708,4374.96462825109
4005.30921001052,5905.55686948144
4279.45418496878,4389.28588992373
3963.67849578096,4471.35110008837
4800.61274407513,6416.5313502262
3928.42027863428,6115.89141462424
2879.90454347252,957.78539200915
4498.64325917865,5608.21309056834
4568.75578396562,6755.70312495052
3244.10916964459,3755.78275710112
3752.44462933961,2118.0622520685
8740.52347185126,5575.02360469897
4759.5180111488,3029.07513821206
5067.40056835849,5059.04801488953
3893.879124989,5038.70233444253
3510.2695024479,4244.81993023058
3939.40036153984,4680.60567291772
3481.99893737739,819.911534266091
4341.37699207905,6477.79588769275
3953.85341729856,6199.32033297638
3683.40886119599,5004.1487175304
4518.82443517874,6374.36211022667
8608.95801104911,699.314590692907
3226.75845870373,2914.95686566763
3854.76211762085,6017.51540882659
5003.38030233215,6589.35652024583
4027.74980995476,5835.48341140651
3459.9460452416,796.155896210553
3778.9168756774,2018.09525338544
4184.70889960645,4248.40024564874
3424.52562272775,7065.49280249391
3975.09831849683,6018.87953986934
3923.072157119,2234.73774174902
568.695576907374,3290.55783177404
2191.905124047,4224.8717337204
4938.44804748841,6496.4932783677
4439.08637533989,5625.66052111856
1912.62457951258,1539.79923793808
4309.78602172695,4662.8740836382
3846.28738861466,5783.59611200694
3726.59524978441,6555.42788339607
3703.23903160435,4140.07868432551
4466.84135740742,8441.04854844317
4766.4905032836,7528.78485646438
3365.89875994401,685.561329337432
4158.93617322452,5822.58252052513
4399.05172776921,5327.63509953933
3930.40924858837,4779.37916265219
4133.07606296085,5286.43208379048
2811.18060089575,2329.24906197158
4273.02219408502,1051.27361394965
3733.06436878731,2487.69588485956
3918.08989452024,5755.23690168046
8461.53584529483,5827.41321892327
3692.80847630518,6082.36068456655
4258.78512803465,5054.84271940901
4163.62946981494,7352.7206152149
3369.72538868173,303.993003487216
4209.35323180401,6041.44182754701
3552.50315544866,6868.9116244204
4902.5997013665,7054.06979071806
2689.47535999542,1632.94642711789
3888.11415120611,3490.60557720295
3860.11099298497,6084.34979567167
4704.86858006234,4798.64487078574
3591.88567082144,3387.85386525824
2850.12105199476,1306.78907991009
4349.07158905832,8861.60346781075
3442.77472216551,923.345311732172
4808.74832134646,6090.82836098662
4039.58433984403,1694.60887137651
3103.35827934895,5686.12966785621
4174.83123495051,5243.63744087333
3843.05725340792,1946.94182299706
3971.13984608977,1335.77327029894
3503.07937812352,52.6261935284291
3960.12849747457,6163.51633308428
3968.48810370078,5053.42192576249
3491.46595651919,5494.20877751431
3164.6480643408,4487.71855832514
4318.90561502336,4335.29573135627
4144.14981708909,4563.30478031958
2551.50042847793,3260.38034386423
3335.06680089523,2470.87364579934
3687.55137868445,2449.50486707027
4605.31714482604,3398.70877100312
5115.70094273815,5178.16760792626
8204.50442014834,3322.09945072661
4849.08641816208,3014.01472555903
4642.39550065617,4843.48528741177
4603.91717612789,5380.99985518917
9013.41307347239,1279.1120408188
4120.73519932806,5704.20207846879
4833.08822163622,4951.06769775461
2188.85308295753,4883.60833084717
3729.55304180619,4970.22008068064
3649.68286382205,4719.08042658107
4492.22607030153,3431.9553423315
4238.73716489276,4943.90706691829
3906.00968697724,3911.95631015468
4324.428144397,3946.96449646263
4004.48717839094,6385.33055260669
3622.92540686678,3977.48322856076
3841.33151730206,4371.38388997768
3589.25072822039,5924.53884174094
4476.53948022782,6657.66836334118
3808.69020903334,4654.7472285512
2476.54138213722,238.977475651441
4086.03940676498,6023.59649020471
5035.41014324933,3957.08046265475
3937.32712953322,5673.39918764136
4661.18469228271,5704.54289980186
1358.48154882486,6017.62915688936
4830.43236915408,4475.27265969484
7930.24876981828,3318.74642000637
4384.41211061492,5595.76719193804
3485.38780623172,6627.77461130542
3519.30915622256,2326.52101131371
4143.48168741017,4543.64116539395
4462.66969078687,5139.57868334489
4230.09765989346,5212.039159317
3509.50630906989,5151.96791937142
3724.39025692449,1238.87514360682
4819.67083842983,6977.858165806
3585.06448886989,4769.09236293829
4034.68884153612,1757.80585734442
3528.3557820728,5753.92985609672
4209.07556780974,5129.17855842347
4237.79658899471,6677.95695832917
3479.83993985724,5021.14115582954
4597.74219089292,5359.63128788773
3930.08605709625,5698.68931454928
4169.02961468531,2570.10191635727
3775.81299859449,4300.28754504831
3578.14733535676,40.2368749129778
4079.66312494688,6317.30286824064
4150.99646409069,5764.84163587298
4188.69370453055,1201.02526429202
3699.1440827431,5605.31484067155
2655.68729955005,3479.1256913957
3413.8896038353,3824.09417734122
4232.18038342042,5519.49890442222
3896.45455519471,4788.69931526016
3644.94479821133,2928.7671067683
4062.81502639585,5000.28424338294
4442.17932513796,5014.03718759698
3347.69413294584,3075.73404384904
4125.37821996775,6335.94359631183
8932.29447316262,3634.33323162621
2397.15859673797,5742.16560013255
3875.31818704119,2831.81210604479
2319.49523613588,1731.54950618583
3330.5091490523,4170.88157515294
3169.37737394599,2199.50205931552
8478.36209975164,2161.424789589
4521.30768089452,5002.67083842488
3964.33258304828,521.033425071332
7518.06242790977,3680.19653510667
2072.09196442788,2100.16025212245
3390.61691975301,4012.88932166079
3469.39863522469,4491.35595920231
4328.79645697995,5089.33925086212
3894.51575382421,4776.93548215124
3969.45679277432,5815.87645908465
4321.00882642791,6467.22492924955
3920.94214959727,3212.52792927865
3888.26215839187,6021.20947230752
4282.96261767594,6235.52223966056
4282.41770294942,4144.51189878683
4020.75325583505,4740.96064873735
3419.46676693413,479.091575483532
4528.72311904961,6067.86858937213
3992.6789285892,6182.8957892806
3597.54597494921,6807.07876949524
3737.31325975352,4626.21760755819
8868.70871767308,4021.24367287334
4386.94711646623,4423.32827483626
3648.88555295989,5405.32375784641
4184.36010993507,3843.58780445556
4608.3505576301,4037.66821656912
2966.46271184587,1690.2897221194
2348.09421499279,2006.67203018195
4205.18540225329,5447.66340851247
4318.27147936342,3147.00101087256
4090.6841163023,4490.33307234787
9311.3538428329,1835.15390574606
4177.96007980992,3422.29394553522
4758.79814213556,3519.07832416457
8444.08394611083,4882.4150333262
2440.5092596687,2617.84058288007
3034.1207212689,320.133203454521
5618.81152372873,7606.75851921126
4343.51311523,6430.17096923272
4069.93438766569,2454.33556546841
3167.32748537754,5092.35167167693
3595.70644917833,5834.57427261485
7614.00023366549,7514.29276126995
4546.5428414863,4016.46963707895
2913.30066731395,2098.39842571525
4384.3170206191,5502.50604326784
3492.42249823963,4182.70249372087
3860.77197660245,5228.80452434585
3726.77640285473,3475.37475388339
3428.65834665802,96.9549519960502
4056.0915719901,5388.38798215104
4806.02257004737,5240.96668710209
8041.26222192776,1093.55639058432
4508.10633248909,5206.5834808565
4013.62517359665,5061.37837018296
6209.01290184333,1643.63081648242
7586.16278291585,710.965098594306
3374.01527558221,4825.63995006947
4391.82316033936,5414.41683718409
3899.50412809945,4077.56376387897
4472.62235632101,6852.82832491293
4305.8279230303,4556.42830821256
3586.19147890367,5523.4204640287
3488.28205419619,5191.69347887
3533.67880790683,2025.54025437868
4445.67961670543,6160.61766033224
4891.16845734699,2885.57497991434
3966.39091376973,6233.81728728474
4076.54571073651,5980.68852208005
4681.13165531557,3371.3726589587
3436.73893798525,4651.96230386193
4679.9814862357,4718.4554465187
3871.37081918172,5458.29102955943
2728.54455780092,1580.26341984798
3582.98797211998,1521.38579456481
3664.25287436401,5333.7157580622
4313.53299776955,5465.50874585476
4412.1146862813,5688.85750708646
4837.4691255692,5123.43829837841
3888.9834332503,3835.00595711748
3701.77237174198,5427.488138732
4119.27077418188,5744.78011415528
4196.76221075894,4718.11462518564
4009.39203314142,3320.3944983508
3574.65509439342,3855.91995502309
4373.58909779445,5395.4919503836
3790.40564664989,2538.61717143608
4203.25002187196,6679.77565876776
2374.49726358561,1345.37789877765
4284.23486588054,1156.58286017189
4485.65732160003,562.975274659131
651.793392260913,97.921096961369
3883.51045574356,6799.008577012
3792.07285527066,5569.90874757152
4072.80802083081,5788.19931427954
3904.2489346703,4884.68830316062
4568.55984001742,5754.95274295116
4537.05489433855,4586.71954418515
3480.55886121423,5570.36331696735
4178.92941685706,2058.61620361291
3982.73293944897,5325.07767097561
3427.68831625492,4133.88427773986
7764.52071256463,2684.10644083892
4458.93410975925,5107.80956826678
3850.64517469223,3040.44148738416
3811.23707875781,5274.26992103423
3434.39647212018,4227.59957295065
4620.28634033853,5524.84125767521
4309.66136976475,7203.59394493489
3870.17212770948,2227.97480627715
4109.11255615998,6386.86509431598
3357.72137026643,5483.06992446775
3868.42946990675,3435.42212111452
3988.09150163928,1166.9829850933
3738.41126073078,3672.7513226858
3967.55273285922,6534.57054809422
6538.97747686856,3705.25916588905
8493.90563449923,521.885901259239
3143.93481521823,2786.34670935641
4384.84685088563,5034.49661610675
3884.90455971637,3164.95988485
4585.74126524792,2384.26210739348
4719.23589612397,2785.55110719988
4051.69733301831,3562.55482117547
7941.2908342992,3986.6329705022
3030.24821259546,2755.43028189383
6823.40581380901,573.375452437456
3300.06524439126,3791.13176474214
2355.67028778919,555.018830238663
4309.3464546024,1268.08672440739
3799.40847722561,5463.51963474964
4034.07443881553,2346.58274445903
3421.27560069006,3420.07754973219
4636.01520115605,6266.72261442481
4919.27731365025,3427.35192863128
4491.60628286646,4902.30614437737
7578.08364158842,569.624567782045
3571.90267080511,2435.80858545999
3360.34887586749,3760.27221131094
4732.25362050033,7973.49326782266
3366.86685967815,3029.58658163928
4284.30657719254,5856.39740931212
3055.03791562148,4224.36050172081
2297.02100413986,1822.59404762537
2727.75157891935,2003.14837736755
4208.14167301377,6738.5398531296
4362.28671978833,5785.24397892374
3710.55493279935,6861.75099358408
4059.10667924061,7856.70403007937
3690.84940095415,6800.08854932545
4740.45456691298,5219.37062367511
3957.44023928075,6031.83709335448
3320.33225562494,1042.01001823162
4509.03147451149,5714.14763399438
3999.07208644011,4492.09468732744
3473.65876797668,1076.4500985086
3479.31838088409,1499.44869837713
3836.34026855067,4346.3212591953
3925.13176060741,5580.82052734779
4441.30955055587,4942.25877714624
4187.43932228381,5109.45785803883
3500.57230046154,844.917502444704
2950.62864568418,5357.69883938637
3540.17371926803,5995.57852406655
4269.18975712469,6802.70264049294
3179.01382472616,4231.06656316129
4599.93969139119,6824.52620004546
4106.8466610402,1568.66978597797
9177.24498054805,1236.37458907448
4530.38316024549,4251.46890621206
3404.41097814663,950.795066125548
3582.94233174687,4993.0094416286
2597.03535515343,19.2091289445988
4042.26511275537,7319.24654776097
4240.72656000239,6071.33515672752
4301.91589142507,5867.42293715115
4943.11146383704,6889.59854905572
3998.01246469974,5420.78207729151
4076.79860942483,5441.8669087189
3862.53106645554,4815.4673212736
5000.95161332804,4276.47487439067
4607.20880071459,4815.12607708528
3913.24584528907,6618.96569069704
7355.0488865852,3398.25399017966
4207.07210803133,5406.51747822263
3876.12276211905,1497.17542854272
4151.77336436831,4669.29598634938
3701.2246938053,2591.86839045078
2282.01479225442,177.144541440925
4702.3222599365,4434.75128661212
4112.19133827055,5023.75566985227
4776.96078253405,5897.14585566514
3530.36036340186,7363.34781340661
4203.13245368289,4236.57932708081
3997.13198166092,5512.79284298173
2664.5975095865,4915.88910078012
4076.48654100824,3245.6040899405
8183.2582181551,317.51895371632
3697.7627105533,5462.38299983244
4257.0940916608,5937.32598455955
4145.28279824004,8464.74704818279
4501.63595452244,7148.80797278328
4073.04937557784,5704.54289980186
3564.91307003711,1837.71133430978
3882.82168253603,5335.70486916732
4264.4241609945,6608.84972450493
4073.36385404883,2441.88945541049
4588.24425293903,3540.84500968572
3597.22758498319,2614.60108879497
3985.51822785205,4800.69106734987
4232.33445581282,5722.89989199899
4512.30860948044,7339.42181754145
8961.60129263178,2284.29510871042
3756.3992981487,2974.91435755044
4286.14893003618,5323.9410360584
3483.43027240295,1196.76288335248
2650.45174701306,569.738210131004
4249.53687786323,4685.72053004516
4248.64514405726,6057.695537721
4141.57307016299,5250.7984945649
4651.41370196447,5507.96214458359
5041.62874167647,4757.83976182897
3653.54768171353,3439.85491272059
3999.03315925297,715.909492198312
4141.79611044578,6485.86608017599
4071.55739262038,4996.30602117271
3959.87766032453,5272.67871672119
3789.64870724001,823.605597747022
4475.50960377022,8356.48257231857
3389.39271487774,6446.59509007325
3573.71339911085,1539.91288028704
4465.16996910816,3422.29394553522
3622.55671846318,5515.74817833753
8475.27115314864,2633.07140619963
4313.4220681601,4995.4535449848
3456.86708433707,5695.67731658972
4466.72755577494,4545.34611776977
4454.2625910709,1629.138721288
4295.28788476618,7051.45527669532
4017.78459972416,3392.40040492708
3058.03653987894,1215.11945269437
3159.56120965699,4532.27481622186
2898.11480423303,3345.28692989427
3853.93660844884,1870.16209205402
8836.00090825431,3947.24865519194
4078.50281038453,4985.11008266714
4271.35553204614,6748.25791252964
4211.26775264202,5736.82366973481
3604.24326027193,2365.96220065536
4199.54899748873,6138.62411296843
3626.29869185474,716.307293276573
4363.35785676898,5730.23093350185
3173.75510630034,6289.68280889455
4243.01866803563,4313.69966792929
4138.95043086029,5900.10119102093
4469.27692252057,2800.49777179014
4535.68101878258,5460.45055133108
5272.20308759323,6676.42283947514
3740.65560527961,5768.4786138949
8530.17703299822,705.168281659299
3934.32279752514,5309.27810734219
3763.55612436509,4743.74557342662
3073.04811291738,4173.83691050873
8999.00919254183,1618.22704722555
6999.22000248247,3945.54370281612
3854.3924292322,3543.28869018667
3854.53255972434,4247.093200065
3117.40672066909,2350.27680793996
4291.10702856114,6329.97626299648
3593.82978894911,2994.69193196647
3979.87298508127,5188.96563963975
3581.99332382721,3506.29118134597
3738.84954837734,2212.45982422829
3095.10861927777,3534.65018024482
4528.37468304104,7009.22937409203
4438.33529589233,4444.07186207534
4706.8242654491,5395.15112905053
4067.000187608,6882.15375949009
1994.34700291318,1939.09912663936
2195.43662948411,5678.28697149851
3705.0859055321,2616.41978923356
8134.52598441348,4572.85242905309
3852.51487944538,6173.29147794333
4790.94558055361,6630.44578793191
3851.71881612056,4999.09052300672
4743.28515720604,6797.8719420948
3033.31004710623,6112.4244244136
3681.38791128462,4800.2931605578
3988.61115975655,6057.75220032476
4196.23712273678,4343.76383063158
5018.3841508923,5974.55077809817
4664.28018960601,4708.28239486757
4285.00677863475,6421.98702868671
3410.86356298751,4391.84331848745
3317.07565264047,6339.97890398108
5075.04652418877,5356.90344865748
4195.66701998546,6503.93849078857
3824.72019077688,4545.00487358145
3454.55360648158,5715.73883830742
4834.4619108476,4899.18039835504
4594.3288918231,6115.77766656147
3597.18880800862,4759.71512487131
3739.77354058684,4035.50827194222
4537.99780807161,4879.28928730387
3659.72130535351,2584.13944215585
4028.74196016537,5004.60328692624
4575.63340451029,3768.45615185695
3423.17465545691,5543.53864835016
3877.1250127459,4746.87131944894
4111.36177327906,6055.70642661589
3227.05269074303,6276.27026315832
3533.59488254922,5615.99912432227
4264.24092688539,6557.41699450119
3797.37642525601,3975.55078005941
4162.27769793713,6025.6993493726
8770.66245041362,3140.97680352583
7795.93659648842,100.535353306683
3954.87199437205,4712.60186126612
4328.50180270225,6739.3352438585
4674.41811475188,3851.60091147979
4626.5377302387,6047.74998219542
5738.52499555587,5523.13630529939
1929.04544350097,4889.68941222529
4285.95550146767,5734.72081056692
4515.72487024444,6798.83816634547
4309.40028041438,6974.56200911714
4049.75993820801,6207.61759872991
4195.14858322955,2473.20378966514
4088.60467426779,1143.17052586329
4532.45155304847,7245.47860334986
3454.65836016988,4111.89030752081
3774.63536074252,5845.4289669321
3997.31144894085,5308.70978988359
3643.39498928823,5470.50985491943
4694.36070933771,6371.91842972572
3159.65721526484,1920.85609393262
4148.59671338284,5952.84096660841
3420.15536537347,1938.81496791006
3290.42345677729,6450.28915355418
3727.31476523914,6369.75848509882
3784.07225207451,3711.96522732953
4627.3974126167,2278.95296688506
3021.23903785937,1729.9014278414
4070.72255342374,3671.78509843512
4510.37826406132,6876.41349944503
3778.05787385069,2068.67550720127
4237.19122143672,1853.96504448378
4078.40661535822,4677.53658949915
4487.22389400763,2160.79980952664
3254.27225298078,3560.33821394481
4166.3121729615,5127.18944731835
4113.22851022355,4236.01100962221
4451.7357560176,6837.76791225991
4862.74798337279,7972.75496255278
3883.20888757846,6413.2918561411
4158.03942372319,5269.89379203193
4065.41150406173,5128.32608223556
2222.79683337267,1081.50808160466
3189.83807417472,5007.21737809372
3752.54525088269,5820.65049487903
4983.08297215956,6654.20137313054
4655.26120367242,4914.75246586291
2187.59399033453,1953.87538056309
4262.41524669773,4230.15700151437
4265.95300680911,2702.06531481636
3546.2647734472,2281.05561462532
6382.24291329345,5511.42871193898
4429.35785083393,6473.30601062767
3226.98943115496,2385.85331170653
3715.9673477195,4523.52255821724
3000.94103369252,2103.797441572
3843.88862949518,8328.74918776495
3948.24511408951,4392.24122527952
3827.29038512935,6707.1119822398
3782.49740452508,1008.5929305229
6618.23637080389,2477.52304463606
2966.61412213744,779.39053118171
4239.53534732098,5943.23623241589
5221.39767122479,6182.95287473961
3301.04455196917,1126.40516083444
3623.85298904483,6591.00438716263
4390.04866886803,4577.91062357677
3364.35397797236,5256.36792108818
4229.41720740847,4782.56157127828
4174.04778353858,7706.32739967463
4474.3210712842,6730.18550191706
3577.32030656605,7038.38397514741
3499.88498684593,4583.87795689213
3703.62498240103,1391.8094140029
3823.21639477109,4346.3212591953
3528.6472360382,2857.55680234854
3300.32539259005,1398.40183309443
3758.59549720965,5315.01836738725
3559.30768021614,4562.79354831999
3828.76174642739,5913.79747263121
3795.60547292601,5434.93335115287
4297.51565301092,6127.3144264001
4156.36072283395,4891.05354326804
3899.04907134588,3485.88862686758
4960.08212745678,6881.01712457288
4351.3958923068,5283.70382170497
4115.96861645946,3147.62620236255
4189.53266432096,5093.77246532344
4441.71274072915,4286.36376731249
8117.72533538659,703.520150457964
4294.45816358091,5492.61757320126
3709.44998134333,5914.02496875675
2318.20259701733,1532.1838262783
3408.37201108454,1017.9134002723
3120.792739459,1532.1838262783
4378.17192814027,5740.11982642367
3947.81494182117,5250.68474650213
3722.95702323797,5162.31138168908
4279.01081761841,5847.64557416276
3596.58385848733,5662.2032491358
3934.38261379554,6574.69401438488
2444.6084418827,6125.77988469081
4118.30944154161,617.363234304852
3123.80244093873,3189.79523093446
4004.44069843788,6364.81446149316
3903.08337813978,6304.28865215174
1964.82686456625,5637.31102901995
3772.27359728873,4931.17658670344
4300.36463631289,3196.55816640633
3855.89314938521,957.78539200915
2648.15017357132,2201.49117042064
2574.10193506264,4739.42652988332
3496.02648360038,6348.90157265222
4783.12276571027,5881.57378815726
4738.9130531614,6927.10750132364
3618.03825894632,5666.40896747157
5030.90868561794,4568.8175442391
8022.23243615993,1516.95289724493
3774.78997255917,3445.82224603594
3968.80487335425,3518.11231134152
3346.66678462425,5200.1044926863
3735.53509505485,6005.75115286242
4735.68917850279,2199.95684013898
3436.66479701193,3124.60934528906
4297.02345314023,6510.41705610352
4627.33383836933,4987.15585637602
4462.08793985741,2114.8227579834
4962.7065435999,4475.72722909067
1969.83830540733,123.950037886893
4154.89487466243,4610.98678423863
3445.80621641608,6452.90366757691
4350.52017323945,4858.43195200202
3451.93750619059,3195.4784055205
4651.43328744185,4602.97325435915
3893.78384839549,4386.61513615249
4365.0462481716,4748.69001988753
4248.93455531604,2936.38251842808
4346.91923300979,6424.88527858349
3052.53621590129,2680.24175526383
4964.22281356326,5518.24852144224
3644.83411262739,2751.96350311081
5118.12904631407,5593.09601531155
3126.62944543308,771.945583045368
3836.76620134122,6995.87391381482
4941.9873530207,6459.72347708017
8380.33807457732,1119.18755025292
4609.65417985102,5375.31668060312
5070.58393067226,7226.95162334145
3939.55003592409,3795.90580053652
4286.99631425969,2294.240664236
3681.88549913972,3813.01198689842
3974.54179233488,5065.12909626765
4330.78630798895,2642.73280299591
3267.77516030771,3114.15213490863
4608.05799279914,6561.33855410766
3396.03122900276,3966.74185945103
4661.40872670786,8167.97200958354
2230.42704268993,5389.86586125656
4833.65704163392,3572.72744997135
3879.12567062095,4330.63586647991
4943.61462091819,7725.08187580859
2508.30066847862,4230.49824570269
3801.83945163799,6471.14648885602
3709.48793985691,6553.72293102026
4347.78972940059,2958.54689931367
3819.16309160126,5611.56633271621
3369.65585441849,3976.40325624731
3860.70440398503,4761.30675203961
3448.88176788433,6986.09876895577
3951.51380125922,3916.61659788629
4320.19322700331,5905.84102821074
3744.84143389406,5717.44379068324
3067.80361958549,491.935592333526
2919.27927862359,3707.24827699416
3420.50050028435,864.751792321394
3548.97212519036,4682.99226795966
4241.02632792118,6080.03032927312
3802.42839911962,5674.9903919544
4093.58186359669,3973.22084762123
3381.24389803567,4336.60319979526
4846.06514622097,3853.64668518867
3972.83905594248,6374.98709028904
2359.3454225837,6503.93849078857
3867.82009194981,2241.72817334644
4238.85781172873,5532.9110273032
4320.02660204664,6432.38715360812
2795.48592536578,1632.66226838858
4043.52741035053,4459.81434024974
4179.90487869787,5256.82249048401
3718.59895937695,2178.360776712
4338.84094541235,6237.3976027029
4368.73146717676,6609.247631297
4640.08762931154,4570.69290728144
4800.37781108696,6191.13639243037
3262.06266594255,6782.52737071246
4047.40674303696,5730.34468156462
3496.71634611525,2259.80058395902
4272.91766423826,5572.57992419801
4081.98852756577,6758.26055351424
3430.55020744886,5374.74836314452
3914.86954183989,3940.14468695937
3804.90705934555,5022.73278299783
4251.34763452079,6648.2911252742
4474.27533939477,6246.94525143642
7239.4310549224,694.938567404412
3171.99351922505,5216.58569898584
8331.26251431865,1249.50265893996
4486.90248151723,5772.40017350138
3997.7664094046,6923.35677523894
3508.32437694267,2618.63618503659
4082.71225275008,6439.60486990346
4675.99384969154,6055.47893049034
4402.37679977532,4525.7391654479
3926.77583881523,3994.07818292307
4187.23985357044,5698.0072490279
4107.78787857514,4192.53472403893
3314.12731157948,2107.26422035501
2839.0862318218,2045.31761736708
4458.97065565826,4294.32021173296
3289.82890410041,5414.81474397616
4774.80147758079,5372.7592520394
2537.17448107397,1767.1830954114
4148.20213949324,4908.84179515132
2654.67420334291,2455.75635911492
3937.59113345415,3213.60769016447
3394.28219110196,3588.07202135368
8411.54986194403,6021.15280970376
4166.57831422419,5911.12629600472
7795.46636076147,3960.94535965746
4109.62830736224,4579.16100655676
3850.91972497182,5463.74713087519
4261.22000614354,4436.39957638417
7821.45928234846,1356.85789029871
3926.37853881177,4389.62713411204
4410.4240351989,6447.04965946908
3825.31969278221,5050.52325301046
3645.82040183223,2033.43982476777
4178.01722840132,4156.10532122921
3832.53373634696,6057.52512705447
2783.22056594882,190.556836106844
3953.70365091368,5712.3860190148
4581.08258948133,7053.78563198876
4278.69099175929,3094.14748722231
3637.57219103201,4522.04510196697
4092.18470288771,4796.31493834756
4686.47750283253,4307.33485067711
3907.25360127472,4057.50224216127
4049.31027575824,7311.51759946605
4373.77943934008,5019.0387195169
3567.62640506937,7071.80095714233
3982.2881249974,6163.57299568804
4277.48289104765,5493.29963872264
3547.46586065237,2195.69445919945
4105.06371679302,4156.61697608406
4917.41006759831,5271.99665119981
4128.48010908766,6695.40438887939
2968.54571891192,542.458972117971
4132.94786034539,4671.68300424657
3736.12026462557,2019.34542493779
4516.70412445314,5481.47829729946
3784.14906354471,2428.59086916466
3728.1634639085,6508.20087172811
3097.54432443328,2745.37097830547
3667.50593897789,5461.01886878968
4082.19768983141,5652.76934846506
4784.23205916961,8580.68380973818
3677.41936996892,853.953760607902
3360.00668550042,6105.83211103588
3885.84964583794,5426.23817860727
3898.29992286877,5292.85398650166
2016.37524438117,1684.32238880405
4755.31286582602,5705.79328278184
4473.71595103413,5269.38256003233
3938.53721914877,4263.80147963483
3994.62807684007,4021.12992481056
4071.49262838478,5775.18509819064
3903.71154047364,6080.7123947945
3535.05257364594,5626.62674536923
3622.61396204016,680.560114558947
4936.06505095844,4279.14605101716
4324.28613743708,4688.73252800472
3994.24873787951,5965.23020263495
8212.73129300399,3857.28408606584
4435.42897294335,5456.69982524639
3875.21922303871,7685.98214208288
4413.16129694935,6033.99661512613
2207.42688944572,4421.73707052322
3528.65227262881,2042.07812328198
4078.1395169258,6603.96236350303
8513.67172808378,755.975873029953
4732.00900316418,6655.79257744359
4620.01894060723,5103.83134605654
3608.59340350673,6740.98353363055
4965.3880501745,4159.62897404361
8184.63643108855,5482.2741108836
4026.29454301447,4572.11370092796
3836.35765441681,1805.37390177307
4579.12193242391,5199.99074462353
3421.82095773188,5974.77785136846
3817.49785380117,4847.80433095506
3672.58503757397,839.689002968302
4274.99945063954,6334.97779491641
3928.10059339591,5641.85756868879
3586.81842604447,916.014058801694
2016.49614430725,457.38186970759
7153.13218955187,7290.14903216461
3452.48939106825,3245.54721590912
3878.77082214563,1044.62432082673
3561.24722823002,6093.44287500935
3682.35827912714,5715.56842764089
3870.64431177292,3564.14602548851
5131.77856350324,6439.832366029
4290.69242885334,2198.76333119039
1627.46286797007,4845.87230530896
3735.96845726457,5668.17058245115
4067.22761502103,1620.44354874239
4290.43264327633,5820.13884002418
8735.00980932014,5231.98693297193
3514.82242013055,1501.26729310191
4322.92973406386,5941.81543876938
4629.68809256267,4581.66134966147
3234.19011026738,1986.89466719356
3878.99269296763,7782.19778039838
4087.13069237175,6241.88705691273
3322.80225829234,4254.02633477578
3914.33794403365,4663.49906370056
3599.76176108238,4906.22770398384
3942.62804877234,6786.16477158964
8017.24240307031,3330.45380193915
3977.66233065056,4125.98449592316
2953.04256038717,2188.5336169355
3557.09058173313,304.390804565476
4224.88497347207,6199.03617424708
5037.31303011814,7036.90651889714
3855.75623184681,2897.16861378435
4607.66520991736,3884.50666147511
3532.22833482551,5270.291698824
4939.1859086696,6308.32353696574
3554.13648011965,2551.74534701538
4382.23670867954,6367.7693739937
5076.8282308286,6152.43414264148
4016.65603229836,4999.82925113186
4392.74000379272,2973.09586853948
4828.115472921,5860.8872863772
4695.48259528866,6927.78956684501
4004.7886945092,3353.58440707542
4560.48103579132,5083.08775881747
8272.85345967121,2739.57426708428
4189.96671145459,6958.6491202762
4147.26189440759,3468.21391161944
4039.15994243456,6329.97626299648
7344.52587807382,2649.78010862471
3972.58216548277,6413.97392166248
3906.55523936583,6407.66534415881
7471.40198787709,1337.59186502371
3359.41520215069,1922.44729824567
4051.22551349878,2885.12019909088
4387.18118864625,2656.37242200243
3984.16516690728,5340.87681175377
3290.14622605737,3995.49897656959
3922.09273994891,2130.73564682434
4122.52776578755,4371.09973124837
3967.1436528214,4021.64157966541
8580.67504125374,1264.96097838507
4275.61509817968,4930.83576537038
4287.73257716989,6297.92341204432
4941.44058298167,7345.9574683154
4021.63742633268,6526.67118913277
3874.53308844178,5642.14172741809
4729.73481633622,4894.69052128996
3877.08574335615,6012.62804782469
2605.4471000858,2551.80200961914
3865.74570071609,2407.73353386281
5234.30961791995,4777.39005154707
3811.64912928929,4734.76624215171
4052.57817982789,4888.49611470432
4796.70117973431,4939.30344179044
3994.8074328351,2991.45243788137
3515.77623059646,4191.11393039242
4448.45466739534,4581.77509772424
3579.77737262178,6877.49347175848
3850.36873993514,6976.43737215949
4212.92567276381,4530.74027451257
3657.69065603651,5590.08401735199
8555.98193934446,6480.92163371508
3017.07130822166,6958.02414021384
4571.64152185556,5206.64014346026
4601.22802592164,5743.47264571629
4673.63836670719,3774.02557838023
4102.09345308633,6638.17473622684
4211.9974914305,4943.56582272998
3772.82063517662,1942.79319012029
3531.81973058261,3168.76748496608
4016.30600888029,5751.25867947022
3943.20512371402,1855.32917552653
3412.82827253005,3467.70246819222
3455.17695206541,3327.7259627089
4364.78719256777,1536.95765064505
3339.8034784918,2125.33663096759
4011.85151951083,5921.58350638515
4406.40304784178,3232.36216629843
4395.61757290982,4887.41614239087
7698.844416607,1527.2394855312
2857.73647249067,3605.00779704905
5091.31037829678,5271.31458567844
4225.46300402729,5991.42989118978
4006.97107727957,2343.51366104047
3989.51387563657,5406.97204761846
3231.12961679882,6814.80814064542
3629.30829185826,6486.54772284211
4144.49064853084,6640.27759539472
3740.41700714795,1666.9887063166
3956.14372017989,6345.66207856713
4070.32118495338,3799.03154655884
4175.19702139008,6390.72956846344
3906.97961313352,4701.74674409362
3743.03188258538,2425.06721635026
3893.53248425788,5196.69458793467
4531.5541377276,4529.48989153259
4560.93032200284,4016.75379580826
4538.58312266839,6866.63835458598
4181.17771424588,5896.91835953959
4002.11752483072,4595.41471673075
4001.03836761458,6215.85820187968
4972.23724939567,4455.15405251813
4774.6387649297,6130.72433115173
1853.77994054848,421.236889911703
4337.13875991439,5475.34055331758
3977.61557150644,4398.37896926141
3176.54901672517,1578.33118277425
3404.00675335942,5720.00121924696
4097.62130211187,6523.37460958866
3131.60654586814,278.93018770567
3514.04237547189,4297.90052715112
4171.98519491559,5777.68544129535
4765.04601458311,4262.26693792555
1970.79046641256,1686.82294333639
4506.78179494681,4845.01982912105
4275.59333456544,7132.0992703582
4467.31649058331,3898.14628048163
3325.29256989809,2146.59187306151
5151.58185116266,7119.65379458316
3622.61744662739,4742.26811717635
1788.14418911139,881.062535097497
4166.24551957422,6902.10153314502
3314.35096983744,1853.68088575448
3438.70232127521,5343.71839904679
4720.63457857639,7979.17644240871
4363.46737709027,6925.74337028088
4773.70048562709,6775.93505733475
3511.53783481289,4736.47119452752
4461.96608634095,4491.01471501399
3521.1917167403,4613.31671667681
3993.98476612436,2363.00707672719
4008.99405494423,4922.48141415784
4011.6974221177,5607.24728917291
3263.97297886876,4138.37373194969
3374.8506019495,3994.70316298544
5161.01722419145,5482.44452155014
3634.00746768755,6029.56382352006
2696.59911270011,1138.28295343376
3485.70368648992,368.838014942646
4502.49788201642,5587.52658878827
3816.67556180499,5107.24125080817
4346.69608651257,5959.09245865306
8582.05301810921,4322.56567399667
4153.42236285944,4984.14385841646
3852.03763146772,2184.55539472527
3677.26314841164,5491.70801155434
4067.47066220957,4073.07430966915
2708.54894806294,3061.58276998768
3457.74202826267,4575.06903628375
3881.32110682321,4854.39706718803
4477.97283538352,4552.2796753358
3900.30337415687,5196.46709180913
3420.9837647923,5112.18569726908
4031.90883145759,6019.90242672378
3990.81610854936,5419.53169431153
3740.98452310176,6687.61835512546
4379.48909414888,6943.58870762318
3996.14593646281,5004.43287625971
3601.12260385209,5671.86464593208
4358.83442988848,4881.73296780482
1936.65358016335,2455.92698120908
2262.97146584931,4306.59569969672
3607.46177500018,2513.66807728885
3511.89997234515,6517.69143500261
5006.62822593996,6641.35756770817
2898.49873706196,4437.47954869762
3262.75943430233,4157.58320033474
4435.26933522066,5934.65480793306
8835.5213281534,1190.39764324506
2601.84955129102,3342.61575326777
4319.86532243635,6309.57391994572
8242.41036239402,791.722998890672
4494.8303697814,2042.19187134476
4186.84814842855,5916.1844905284
2975.23367681375,1368.56516651768
4345.11912496582,3073.06286722255
4274.47655761689,8358.18752469438
4226.92152525271,6318.83740994993
4106.22902550194,3933.55237358166
4210.49801521368,4299.94672371525
7186.52220414517,2286.90941130552
3745.95689480365,3814.31945533741
4833.85157571043,6369.0768424327
5156.30989308587,6201.65026541456
4527.55166333749,5056.54767178482
2150.45071304413,537.62827371983
3802.26461052117,4284.31799360362
3988.19832519773,4934.01817399647
4066.81737280721,6084.12229954613
2929.74430072919,85.0771197540541
4394.98497980143,6890.50768784738
8174.61297745195,1551.84754691774
3244.00436138819,4488.91227870136
3952.26142695534,7404.15334521864
3821.97483835431,5609.52055900733
8475.15246791626,3607.11065621694
3865.72259754402,3239.86404132307
4048.56976888845,5140.77198086586
4646.97224743576,5595.36928514597
7700.7274296686,2988.04253312974
3688.14889125475,4555.74624269119
3964.69160645715,5020.51617576717
3672.25451155485,3369.55395852012
4458.99167420538,4139.68120038868
3723.22355712921,2623.06918807029
4787.66851545861,6068.15274810143
8545.38683830582,5677.60490597714
4933.04644568432,3759.81764191511
3877.53973984334,4323.07690599626
4315.55250765628,6601.17743881376
4114.82992595961,6346.91246154711
3375.46645153068,3626.26303914297
4524.85945967995,6152.54789070425
2142.58972299731,6423.86239172905
3865.22732674261,5608.55433475665
4250.07914421297,5568.03338452918
8392.23082611849,2148.01266670803
3428.37196161195,4539.60585772471
4454.89767030565,3766.58078881461
4443.1865463971,7965.65099432022
3861.77578831468,2348.57185556415
4554.61176992911,6550.7109330607
4132.15233557825,6767.92195031052
2441.72478640213,2412.50756965719
3526.4752040995,2707.40745664172
4223.15326829069,5240.45503224725
2326.5922415146,4443.78770334603
3628.10173002989,4708.45322838936
3463.99425660918,6496.72077449324
4167.1004037624,5141.79529057555
3759.24351866929,4196.6833569157
4027.48463284298,5058.47969743093
4564.57266313926,4217.76776548784
4262.235679454,5090.0213163835
4267.77075380278,4655.14471248802
4201.46926729717,5491.36719022128
4696.43403763734,6164.93712673079
4179.35040420909,5787.1764274251
4680.79552223895,4094.32912890782
4059.11643528552,7829.36812946258
4014.48696201679,6010.18436732374
4334.10323452004,1623.85345349402
3859.55472914241,4833.42598382341
3903.96885932565,4925.2663388471
4251.05969224581,3211.44816839283
4315.23398310327,5597.01757491802
3419.1556549106,1066.56131130059
4053.37977286736,4428.727290693
4511.76949636247,6558.89445075146
3690.09576826927,3864.6722130277
3079.10869782869,2905.29546887135
4224.403112011,1464.44040635536
4005.09144618869,702.667674270057
4098.57789711812,5662.26033459481
5063.4190897824,5154.97991733098
3721.2789707652,5527.05744205062
2926.23143705127,906.182145625068
4798.40181940394,7220.41597256749
3799.54218885928,3971.57255784917
3906.5677999026,6470.74858206395
3140.72888280534,5523.64753729899
3890.33439968474,5603.09823344089
4214.06632268844,4904.63607681555
4169.24827227755,6554.40499654163
4615.0473120155,1816.3994296121
4860.41728012334,1547.18736489994
4367.87147506992,5815.25147902228
5559.64344494816,5442.20773005196
4069.38333158627,6086.16807325501
4236.05049326908,6697.05267865145
3936.62717623663,5220.56392119608
4515.59289253803,1891.07630138725
3694.54616977498,2293.55859871463
4357.13463678579,6131.29264861033
3961.20943084599,6498.3690642653
4196.80068729667,6226.99747778149
3831.66470015577,4485.84319528279
4182.84222061884,3335.8528177959
4157.94485444388,5966.70808174047
4155.86104998234,6367.14439393134
4181.9593066478,5295.41141506538
5156.38202691838,3518.45313267458
5122.75282778187,5721.0241061014
5056.79735687104,5374.52128987423
4565.5769316725,7530.20565011089
3750.54831205128,6604.87150229469
4016.80533120946,4850.36175951878
3811.4914476477,5547.34645989386
4250.64346866491,4445.83347705491
4239.84299140805,6404.71000880302
2660.47398875452,3142.05656441165
3923.95818957034,5368.26979782957
4569.788321559,5167.5399868793
4243.51512674157,5474.99973198451
4499.50212129866,5207.77677837747
4256.92403489941,2648.24556691543
3932.8072090601,6827.42444994225
3386.23011785082,3044.98802705299
1436.36598397052,2008.66114128707
3271.58400833672,4170.59741642364
4569.37434301729,5962.84318473776
3714.30316125939,4508.23507229392
3804.27565384094,3891.72395491519
2597.14638969675,3268.79135768053
3887.53159725452,5297.4005261705
4419.26306859936,6778.662896565
3608.83490471677,5418.39505939432
4255.97733204971,6036.04281169026
3185.88805218466,1146.0689871877
3962.6984813125,3494.86795814248
4006.89736528083,3539.31046797643
1938.79189422509,568.146952961054
1976.70207597473,2732.75445758102
3499.83601036495,5891.46268107909
8648.60435591413,2167.56274499851
4707.51220421468,5124.85909202492
3667.03149346034,5846.22478051625
4242.00943327193,5543.42490028738
7862.34757778828,6077.58664877217
4562.44717707613,8234.63514005159
3721.73812518913,4984.31426908299
3997.97735388621,5591.90271779058
4492.73201705477,5156.40071097749
8652.52135520408,2371.24767987696
4687.95995784056,4732.03840292146
4243.382964312,7866.30876427189
4861.15234388247,6111.57194822569
3851.49116440317,5100.70560003422
7998.24098057103,4825.69703552848
3254.91107833733,1726.26423839185
3779.69703567719,6898.00956287202
4073.61850175079,4988.406239356
4472.07104870797,4791.14341861636
3380.60819337546,839.007043160739
4018.94181444161,4721.86535127033
3765.39143963788,123.609044768885
3651.99709194836,4138.20332128316
3467.04984806435,1678.98014126488
4973.99800503935,5698.80306261205
4677.47077870267,6130.61058308895
3675.70077704615,4560.34944496378
3568.40168157704,4532.38856428463
4061.25471909909,5337.40982154313
3880.03706671935,7704.62244729882
8791.12732106793,841.678114073419
4452.10102911935,5641.11884056366
3954.90622633823,3274.47453226658
4638.60838620909,6552.92711743611
4647.3037609917,5297.4005261705
4214.2697868238,5725.74147929202
8593.48179311077,6475.6363659211
3066.68844376219,972.334255521146
2049.35864076741,6487.7981058221
8214.18328852764,8502.42683397249
3889.20416514027,2224.28074279622
4632.95843879495,6782.4707081087
3078.8979978428,3749.07627280538
4296.94799786331,5545.81191818458
2760.75503353819,2213.0281416869
4223.01889461622,4958.96747957132
4494.81960272544,5980.1768672252
4196.71570708877,5752.90696924228
3378.57191088723,5274.66782782631
4461.85059345552,6219.38185469408
5062.54645811337,6772.69556324965
4167.46960561491,5093.26081046859
3216.65938572367,3976.23284558078
1752.63859579681,1099.80788262897
3187.76269840738,58.9913510469376
4738.16450367035,4786.71020415504
4056.23661311014,7142.15899680181
4187.05927038823,6206.59471187547
4315.36108387225,5046.14712400815
4276.22053925797,2094.24979283848
3132.93833227171,2717.29613813592
2600.3897338623,146.057584383776
3609.79895881796,4778.81084519359
4356.55071588975,4653.89475236329
3999.57573963274,2514.9751228726
5046.92536739082,6213.01661458666
4769.61087460818,4356.55097345019
4445.72579976014,5971.25462140931
2279.74117948073,1695.68873797615
4936.14877044924,7240.70541326599
3927.15011942363,4112.97027983426
3738.45664463295,3075.90445451557
4679.20728284141,5305.01572640265
4812.75148077715,3923.208911264
3980.31065737398,3281.52162646775
8760.98808329436,3322.7246422166
4677.36018167817,8165.92623587467
3763.67074815965,5366.45109739099
4130.8397975426,5072.46056062576
3140.82231301325,7969.57255392669
4826.33365824054,4589.39072081164
4403.21537172438,5449.88001574313
4070.65290304246,5917.94610550797
2324.72167468773,4042.27141884171
4065.47896983502,6783.77775369245
2767.884145028,993.134716791609
4475.42538170785,6643.51708947982
3579.88736196635,6476.54550471277
4852.23035637919,5133.55468742578
4137.48508503561,4203.21900768965
8162.33925816139,2615.90834580634
3840.62517679958,5806.49922101767
4439.49461441852,5036.59947527464
4266.52257842282,4021.47116899888
3814.69239011161,4948.22611046159
1304.94884758499,4741.18814486289
4338.23603143364,4843.08738061969
4688.57873612741,3951.9656055273
3453.87791900429,2243.88769511809
3902.30806303852,1278.14592228194
4613.12903158166,6769.79731335287
3597.31049297539,2679.61677520147
4847.52507225935,4961.5815707388
3933.38969685823,5868.84373079767
3605.15959477253,3586.53747964439
4226.77616173133,835.312979679807
4427.90365512942,5238.5796692049
3832.29886914287,5411.8027460166
3181.17602013819,4953.79553698486
3679.4436613015,1693.41546814173
4111.27902279289,3923.03850059747
4501.01128869698,5723.69528272789
2956.85666229792,4869.34373177829
3440.27381554364,4151.78627768592
4648.12241921045,3628.70671964392
3329.57907121113,1290.02371488125
4455.82727025729,153.957194415538
8353.10161411645,1947.79429918497
3950.2258691986,5327.52135147656
4979.34653831476,2606.98567713519
3401.31899595469,1906.19358807167
4550.576028479,5716.25049316227
4391.54084770393,2459.28001192932
4861.36067145422,6840.32534082363
3522.99402635553,5286.88665318631
2048.25824717331,4709.07820845172
4591.43775267571,4802.56643039222
3214.27490282902,7353.45892048478
4657.11396811555,4687.19798629544
4309.08950459575,6527.46657986166
3906.07954853774,736.368920708086
2316.10729611331,2378.18102601536
4240.08528423135,5669.36430282737
7773.65878689902,1580.88861133797
3455.2509975194,4862.3535116085
4420.65558083754,1841.97371524932
3428.49020205048,6172.60941242195
4043.50159620794,6644.1991550012
3221.66591348795,4272.78081090974
3482.26280374995,2672.39905890614
3674.31674338778,4593.53935368841
4599.63745247247,4076.370466358
4248.80567018705,6119.35798197963
3938.09182003218,4628.15005605954
3984.1812219082,5018.64081272483
3870.54684559238,1998.77245979287
4348.82925817125,5737.27823913065
4285.11702008653,5527.90991823852
4074.11477279323,5049.15954482296
4535.63172727703,1703.30414963593
4380.68984538267,6449.43667736627
3644.58418987269,4736.69826779782
4740.57050829798,5875.09522284232
4266.95243448542,1192.15946965226
4340.65774515819,3986.29214916914
9059.61821838194,967.389914774047
4603.99268641475,3032.144010203
8783.85319632954,5416.57678181099
2171.28803378849,2110.50371444011
3513.91877819712,7280.88511930515
5005.60774432139,3717.30758058252
4789.00056487871,4748.17836503268
3160.00079947097,4833.25557315688
3899.56587188994,5571.21579315526
8834.52318274227,1831.74400099443
3585.30367501199,575.535079922917
3867.72115439188,5187.20360180492
4070.92986354761,5350.87902988312
3882.55685779526,4834.90386292893
4141.76632356241,1623.68293711368
1961.30114945547,1381.63646806559
3866.534393531,5514.49779535755
3633.16345974074,1274.33821645205
3352.48952124685,2724.40010636848
9243.95154604389,2753.44117078871
3644.64505604297,1740.75633358627
4753.17497697719,6492.1742348244
4443.22112542522,6053.14899805217
4160.46225470022,6222.39385265364
3815.49629637596,3717.30758058252
8254.81436185794,4805.86258708107
4354.65272836582,5195.84211174677
4394.92126650009,1710.01031679023
3924.25224830757,5180.0429709686
4252.29031883285,5044.44217163234
3549.28785217988,407.313112175885
4240.1481452518,5137.13500284394
3495.14618280903,644.0173336848
9227.80968663887,8182.46410477797
3931.51847565629,6602.93905379334
4270.15016446545,3907.52351854861
3230.99760577867,791.268376637932
3719.14706485358,1613.79414990567
3876.15585546652,6559.46276821006
4567.47883331809,6629.08165688916
4451.92895435623,4971.81128499369
4121.96703329215,5048.47747930158
4013.85857166374,4712.65852386988
4074.00085426827,4700.32595044711
4917.1953955649,3226.67899171239
3798.67041739466,5085.02020731882
3973.02627753337,6692.27864285707
3526.70878258767,1500.1306581847
4433.18819847701,5070.69852279093
3653.54746432026,3857.45449673237
4446.93795031563,5304.44740894405
4043.87758666878,4016.01506768312
3952.98228548663,4866.9567138811
4359.0608346775,4093.64748624169
8452.96029345155,5057.51347318025
3921.85277221958,3323.80440310243
3497.17921867195,5732.22004460696
3105.40561163705,3517.20296112223
3703.65619145749,4894.86135481174
3796.4439524787,5169.4720125254
3393.95129777288,5626.39924924369
3164.53442447709,2087.42998333523
4235.95052376897,5219.37062367511
4304.21438930526,4728.51475010706
4553.01224062082,8407.00616353064
5007.0395942257,5835.99506626136
4371.60660696656,920.276439741231
3433.57055045511,3208.37929640188
1697.48960573043,1513.03154906608
3378.59979498114,3815.68316352492
7371.03983776565,2331.18129904532
4559.56366399569,5504.77931310226
3993.97905305765,6005.0695101963
3897.38318787252,4169.34703344366
3577.13166048614,3321.47447066425
3543.69803556989,3573.8074222848
4363.31754725862,3849.27097904161
4229.31632965313,6678.92318257985
3809.6330009516,6500.92649282902
4300.01612045217,4760.68134912199
3976.48970159159,6022.23235916196
7280.86692865125,3136.03235706491
7866.35789885072,2438.76370938816
4408.25089041476,6654.48553185984
3910.64203462518,3380.46573829638
4913.33559715617,4328.98757670786
3952.10287117294,4092.73792459477
4720.29679856172,6125.60947402428
4015.40866288097,5003.18249327973
4030.01714553657,1423.80570806512
4178.80781984048,5687.66420956549
4543.00663781966,3746.68967776344
2929.236677121,4296.99138835945
4102.24868328962,6795.25785092731
3719.83400451735,6310.5401441964
4354.97677725146,6962.11568763159
3263.62839958355,3599.72252925508
4323.6456994538,4293.06982875298
4492.52808276981,5900.15785362469
3718.94863784383,6237.79550949498
4240.45672097509,6326.79385437039
4368.46467469896,5630.43455691294
3361.82663681813,961.820382536957
4233.9745537926,4776.48048990015
3373.39991393866,3814.66027667048
4882.54582348316,7397.61769444468
3850.18410793639,5823.09417537998
3702.65575413283,4174.06440663428
2479.85863040526,6628.11585549373
4100.9550761235,6162.03845397875
4078.03381291362,6901.19239435336
2551.12739668123,2342.83180694672
3970.39551904044,5120.88086981469
3282.25797134787,2046.90882168013
4432.83591321062,3396.94694459592
4019.09106130518,2832.77833029547
3857.55275166956,4253.00344792134
3771.90885056208,5160.89058804257
4203.30441811122,6451.59619913792
4082.51819649375,3854.49916137658
3762.81082821367,1511.61075541957
4047.47586442503,2536.7984709975
4226.98359869587,4129.28065261201
4172.40925328813,87.1798930294695
3160.24177000162,866.172585967906
4615.10476424162,6909.83048143995
4064.39365751348,5247.16109368773
4441.39628122952,3733.84544948582
4026.86553602608,4594.73265120938
3974.5445569889,4834.05138674103
4390.43735770758,5607.01979304737
4733.48589611334,6882.7220769487
3740.41178384705,5022.22112814299
3871.46814623127,1928.7556643217
3189.03200343461,5556.21204310599
3467.01772474912,3740.94941771838
3949.97386721184,3981.461450771
3907.50715608869,4525.90957611443
3892.53039231451,449.766405190903
4115.87994076288,5553.82544806405
4359.02170893437,6323.270201556
8532.28600901735,712.158554685995
3162.72513629423,1660.68034024056
4213.74436733688,552.972845102161
3711.61027241174,5623.10309255483
3554.11367810237,5011.87766582533
4050.2888367018,5216.75610965237
4529.84328729088,6435.45623702669
4145.32812333806,4214.47160879898
5407.63472322879,6212.61870779458
4511.65838148499,4982.38224343689
3862.20071194867,4129.4514861338
3657.66371167416,5095.19325896995
4177.50621636113,951.874827011372
4476.83138247916,6590.94772455887
3775.60952616295,2894.15661582479
4030.24210868262,4921.06062051133
4426.0000944676,4561.94107213208
3730.89231787161,5052.73986024112
4142.24176860569,5705.11121726046
3660.81883936388,5510.68998381385
4612.19196770013,1690.91480789558
6848.24822091653,1257.45910336043
3506.00654980045,6276.61150734664
4201.9099421321,3146.03478662188
4296.90593975093,3918.49196092863
3573.15649611809,540.697198567678
4405.3970183665,4544.77780031116
4727.0341652752,5296.60471258635
3654.64214672292,7759.52174465794
4079.79881961398,6060.25296628473
4021.08187134754,4339.04688029621
4057.12969115358,3692.75618179974
4146.65140772051,6129.58769623452
2552.10032373086,1332.13608084939
4810.14086486395,5217.89274456958
4351.5638716791,4585.98081606001
4218.89855698573,4638.20893679265
4063.91198954022,6280.81680282716
3788.71629730461,4080.80325796407
3864.80646352266,6434.71750890156
4066.48262250566,4298.98049946457
3754.0464224624,3128.2465347386
4441.83629655981,5624.92179299342
3636.39042302281,3850.52093916634
4879.17056103651,6566.9646432347
4016.5321228683,6333.78407454018
3337.26109668464,5079.10953660723
3688.41002840399,4761.47716270614
3794.41894916099,5182.42998886579
4810.0403102663,5311.09680778078
4120.75809176807,241.932731721876
3351.45454602265,1378.68123842361
5558.0610229229,7292.64895241407
3486.1328910454,3887.63240749744
4099.5729482107,5259.60741517328
4387.59314353244,6214.43740823317
3088.44097433799,4005.10328790686
3755.86068486494,5845.03106014002
8431.82487256012,579.399606927286
4751.75355989083,2377.38542385884
3993.30328969596,5887.88236566093
8246.06865338328,1253.42411283262
4182.32300853318,5947.66944687721
2327.50915669952,2061.96923433315
4272.89140193804,1930.63123879168
7918.92659311112,1138.51034384549
3799.80250859115,5157.02611389511
3927.86260413917,134.748069600385
3597.72483017562,5975.23284361954
5782.04235360123,3650.92818598852
3684.18402741704,1261.9488747117
3856.48293295433,5937.09848843401
3527.81586672187,4703.67919259498
4368.73322275817,5286.14792506118
3662.80350439269,5288.81867883242
4558.5711339991,6673.24000799381
4516.5155927646,4471.18068942184
3245.17572472205,1551.22246114156
3785.89245778805,7213.53950046048
2541.8007971999,1880.90346116375
4323.30729333005,5286.20458766494
3552.40700625621,2899.10085085808
4771.97108317424,3437.29748415686
3946.1954448396,3084.37234236326
4369.44961629479,4868.83207692344
4888.85084700169,4556.59871887909
4588.77885474326,5402.08468661656
4166.47824408158,4929.3012236611
3944.97192450648,4347.62830477904
4515.55879759341,3183.65748695257
4059.49006189622,6342.02467768995
3699.70273951091,5548.99474966591
3706.52548090289,2816.06962787039
1861.32444140941,3088.80534539695
2247.67061750333,1319.46258037974
3393.79861944197,3291.29677132681
3674.51356636815,3007.42220075369
3790.05661505036,4681.79897043869
2566.06433889277,6691.76741085747
9637.5725322712,2559.4742953103
3947.98629409442,3292.26278414986
4419.61575870937,5966.25308948939
4923.61707635685,9066.99356649264
4054.75735439918,6218.52937850617
3995.79331827248,5433.17131331805
4753.96415091581,6776.38962673058
4848.60634627771,6588.90195085
3169.99235027206,1539.91288028704
4279.60252857912,4395.99237421947
4102.1489459635,4542.16328628843
8354.76553060344,1095.03405826222
3890.67963721954,3959.92204994777
4025.66920689281,5075.35881052254
4450.70740397783,2488.20732828678
3631.74458091794,4110.01494447846
3711.55798848937,5169.81325671371
3595.42053663983,2239.51177754341
3243.25410113978,4938.62179912432
3564.22413213615,4898.1575115006
4035.39404816299,3772.37728860818
4092.60280999146,6481.26245504814
3390.95643993743,6771.55892833244
3977.56689822576,5784.56233625762
3552.64974284354,2829.31155151246
3705.09652516621,5639.4705507916
2791.37671531116,4702.54255767777
4407.47192030305,6622.03477411561
4058.43296469203,5691.41493565019
3444.94671396331,2817.32001085037
4096.15395892077,5009.60439599091
4385.936145454,5581.16134868085
1845.28867010876,4880.99423967969
3589.68123458917,681.355769572375
4235.93897709074,5429.6480833589
3614.4027274984,6022.34610722473
1848.03733736954,308.028046871929
3495.9813381848,2313.7338684951
4970.44093787251,4888.21195597502
4286.22303603753,4763.01170441542
3719.99640507016,6222.50760071641
5042.34623066853,5711.87436415996
4345.35762018707,4983.91636229092
2263.30022306582,3038.96381970626
4292.47729279166,4067.33404962409
4964.40147082415,4915.54785659181
4136.38223694829,3972.25462337055
7767.72521591341,746.996436041234
3953.35483382317,4829.95941646802
4294.55245586272,5258.47078025607
3756.30676117188,3040.49836141554
3625.37374199837,3386.77410437242
4931.68009658846,5104.57049703693
4405.512481907,5753.64569736742
7965.31378200917,578.092508486639
3649.61778046428,6441.7643916751
4326.13344064953,7008.26314984136
4019.92474562959,5620.43191592834
4214.39130188782,6010.92309544888
4306.94183347715,7291.28566708182
4879.74655923072,3262.02842220866
3597.53249440397,4513.57700269166
4455.15071922562,7545.20940016016
3928.99806846283,6462.79213764348
4443.33943495108,3392.85497432291
7930.95405820056,1267.91620802705
4232.28068516442,6955.80753298318
8621.3135211295,4743.91598409315
2057.82804432173,2128.57612505269
3499.3930522966,4192.81888276824
3913.20804112559,4256.81125946504
4133.14714001384,6220.57515221505
4003.07105031005,5617.41991796879
3705.24400078876,2917.45763162759
4243.99761332753,6604.58734356539
1928.47835719921,532.058794339647
4442.07706145542,4387.97884433999
3569.16051579372,2271.56483992319
4230.27524626507,5685.67509846038
2350.57695043478,2397.16299827486
4121.40584012472,4298.01427521389
1775.5286454557,1655.73599949346
4434.35896876391,5650.21191990133
4415.10585012846,5529.78528128087
4478.29286657156,1931.93828437542
3436.13864602927,5251.70763335657
4398.69994679735,4829.44776161318
1756.67973382007,2116.41417372407
3869.30565777205,4462.94008627207
4566.4767904836,5311.43805196909
3933.21849965773,6396.07192171643
3518.196459832,7529.52400744477
4900.03692158624,5013.69636626392
4417.65999201527,5538.13963249341
3775.3732178624,3912.35421694675
4580.99187272535,9441.79808473203
2763.68645473823,1617.4882133866
4223.82827765528,4603.31449854746
2970.57084890474,5565.93052536129
4826.33601325686,5775.01426466886
3589.08016694687,2647.16580602961
3723.99445693106,3490.88973593225
4108.97637005108,4526.8187149061
3781.74433744586,249.150368731849
3430.14210199519,1430.68228588595
4546.07198860546,6080.03032927312
3580.88129064547,3828.69780246907
3915.89698416516,5148.72842528632
2243.91481964447,2074.92699924592
4564.28631410543,5515.06611281615
3989.10064877087,5612.53255696688
3883.80859377688,8212.7549178953
4640.4933996859,3132.22475694884
1968.34140429912,5193.51217930859
5014.86354633365,5468.69115448085
3938.28666582809,5679.82109035255
4633.17690742112,5427.26106546171
2813.72091530052,221.359634434691
3346.39781278078,5276.71360153518
4132.88961327611,5695.22274719389
4338.64678521278,6589.24277218306
3806.16952999483,2692.63120271799
3881.95285491364,364.064137718984
1790.48653365172,1409.82505629791
2982.00695580719,1241.65996258227
3820.52713579603,5015.5150667025
3868.16072599352,6714.15886501335
2288.2226348192,999.72724159695
4151.55971333047,5244.66075058302
4448.1860615797,3130.63334120817
3064.94144234977,1130.15609834676
3847.42474470964,5180.15671903137
4518.74434363077,5529.89902934364
4294.6196536762,5509.49668629288
4672.79034052348,6370.32680255743
4157.03246031259,5846.90642318237
4009.98325631647,5561.95230315105
4316.3657191589,6878.80051734223
4150.63861191075,6839.98451949056
3321.09011953197,4251.01433681622
4067.89004167453,5699.20096940412
2711.19128832254,1038.08867005278
4397.11889138217,6733.25458533563
4521.7908010055,5698.51890388275
3857.19550987443,154.411843096731
3221.65303810068,2504.34750182563
4268.21646563325,6104.18382126383
3830.84266642703,4887.24573172434
4131.13128272246,4882.86960272203
3021.42296501126,4649.06405396515
4227.51075115881,6045.87461915307
3532.41630332473,3240.37548475029
4097.78150874246,6390.44540973414
4617.00592391225,6175.10975552666
3726.56213117971,5432.77382938122
3528.59764251285,5464.37211093755
4176.17985372283,5666.23855680504
4884.91450304112,6792.13210490499
4528.20315311213,5052.3986160528
4828.32101916654,7176.88302438046
4111.6438585327,4878.3801485122
4238.0309593905,4657.98629978105
3888.61815285825,7002.57997525531
3681.98410769976,4203.44608095995
4725.54465837203,5241.42125649792
4229.17141600252,6104.2975693266
1189.14451610478,1406.86982665593
4817.30189399047,5327.57801408032
4994.79861037651,6183.35035867643
4824.15124648451,6357.59674519783
4172.50460247105,4584.44627435073
4815.57324986379,4948.96483858672
3767.99309379997,5919.87855400933
4112.38357453512,5367.18982551613
3648.41797348227,3100.39897926697
2539.58514985622,3047.94315098116
3014.22485591811,4414.51935422788
4726.53682001026,7824.36744325316
4548.32865284394,5841.33699665909
3945.79716724064,5316.55290909653
3399.67758785123,5013.12804880531
3545.97714604899,4369.0539575395
4020.60146031357,6557.64449062673
4319.8274862267,5062.28750897463
4927.28018914257,4636.56106987584
3320.26039012637,8369.55387386648
4090.81553341921,5080.07576085791
3690.27558962719,228.918251348444
4504.90769106919,6005.52407959213
3940.8008061135,4969.48135255551
8739.56131258431,4736.69826779782
3320.04819330768,5152.30916355974
4167.03939895587,2499.00536000027
3784.30986701785,2137.49879372384
3841.17079946928,2044.0672343871
4214.17146423109,5035.40617775367
4993.07788453233,5430.5005595468
3388.19018507854,546.664531883028
2552.93397906873,870.662304462266
2727.59717294956,1511.32659669026
4174.77779477138,2507.53012187935
3322.67395973614,5301.4354109845
4279.67075349915,5548.48309481107
3746.61678087897,2476.7841050833
5230.73846342769,4351.2086201972
4000.77634835244,2073.39245753664
4955.96403817081,1400.39094419955
4598.35656170893,3209.68634198563
4024.38456834714,5967.33306180283
3508.98552171948,4429.40935621438
5075.5276285694,7261.78982183813
5123.33734887716,5733.86833437902
3821.6288714444,1225.63332567856
4150.93293656716,3157.57175788814
4532.09816469456,4842.5761486201
4004.62141276062,5746.88255046792
4218.00263497289,6332.30661828991
4303.26300886562,2156.87824992016
4375.38335770341,7330.78373045485
4226.38381579222,7309.98263490151
4357.66164764571,5060.92337793188
4341.2147746579,7080.09864575111
3461.90017098375,4199.6386922715
4590.16744800095,5879.69842511492
3702.75592757439,4748.17836503268
4694.86223407137,3635.18570781412
3886.0119587407,5885.32493709721
3870.82567054866,5624.52388620135
8361.35334585896,4815.58106933637
4706.42695958992,3801.53231251881
4868.14669581359,6627.49045257611
4795.72706650859,5103.94509411931
4844.65082580775,7161.93593693495
4134.95649342464,6769.6835652901
4098.48362691393,5484.6611287808
8433.54949233444,6890.05311845155
3968.7568592767,5743.07516177947
4274.95514931756,4752.89531536805
4208.41544658739,2787.99478770083
4110.37425628405,4926.23214024253
8496.04565437556,1848.90706138772
3427.20825087778,4832.17560084343
1296.86237711708,2608.17918608379
3702.30504958857,3913.54751446772
3700.00522087087,3991.69116502588
3347.57888814958,1075.48387425792
3660.04610252599,6341.45636023135
4154.63482266604,5862.99014554509
4095.1389259813,1232.56688324459
3921.93472173256,4581.60468705771
3372.03498735675,1877.49355641212
5316.75806228258,5819.22970123251
2880.57405264058,1489.9578179612
2822.27505594773,4826.43576365362
5541.72091032518,3716.9663363942
3492.94574805263,6634.87857953798
3244.2316462457,3387.62658056033
3817.40673000234,4126.38240271523
3856.90043836144,3270.43943602496
4722.43515624997,7407.67657517779
4308.74469792114,5974.26661936886
4051.77834042459,5550.41554331243
4195.74305962438,4455.32446318466
4263.49848812647,4804.15763470526
4123.29307633334,5705.79328278184
2767.53594351331,943.97525662229
4465.0845941918,2218.88172693947
4451.27524686424,6159.53811087404
8568.91703736603,1096.85265298699
3854.63971687307,6214.55115629594
8150.2659980296,8600.17743685252
4257.44190079443,5783.25486781863
8122.86637453599,991.031963337533
4386.63247806375,3395.41240288664
4853.45582217819,7047.93162388092
4397.74944905444,5771.94560410554
4554.19263877639,5465.84956718782
4492.02998792327,5130.03103461138
3205.78285878194,3467.53205752569
4124.68446560002,6366.80357259828
4239.11545636314,4966.24185847041
3708.56335839041,2004.00085355546
4028.85710167608,5026.19935035322
2470.26603399812,719.035238220639
3549.43572291576,5883.73373278416
3801.76926339048,3860.92148694301
3564.74676176836,2976.90346865556
8285.56654249218,2191.54561489506
4073.65988861681,1886.81392044772
3501.72930805213,2550.04039463956
4139.384729265,6612.2029666528
4826.18884361893,5549.79014039481
4063.67659207239,6603.96236350303
1719.80712837201,1964.67341227658
4491.19287213868,4749.71290674197
4796.17213395703,5125.20033621323
4450.6858990969,4291.13780310687
2465.77628255411,3600.57500544298
7770.58710073927,2626.02431199846
3372.13855335941,2919.56027936786
4509.12090996249,3627.91132891503
3780.15118794627,5354.68684142682
1671.77901118818,693.006277473774
4310.43982977468,4993.46443387968
4424.95592760044,6377.43077078999
4060.35235165935,5161.23140937563
4533.21689109325,5974.83493682747
3956.52149588979,4431.28471925673
4351.22751726715,7018.15204276318
4679.17430888463,5870.15077638141
4371.23013701292,5529.10363861474
4413.15533999567,5023.81233245603
3977.4708643923,6554.29124847886
3699.5239329121,1166.64205804643
3936.10176403957,6470.57817139742
2033.4723244051,2145.62564881084
3610.69110484278,2630.05940824008
3447.37625385354,5695.50690592319
4211.27944061924,5772.51392156415
3635.49157505714,6857.14779131148
4238.91505886675,5149.694649537
4686.79192511869,5293.42230396027
3627.87931820025,1384.30764469208
3730.62721928234,4065.34493851897
3704.05461856974,5465.79290458406
8959.37026436091,3756.12357843418
4439.47530696329,1244.67196054182
4013.17005995563,3500.83529145783
3792.21464829758,5304.61824246583
4038.2207606896,6802.36181915987
3661.56717861269,2087.71414206453
3457.18884372511,6729.21927766638
4569.08318569976,6372.60007239184
4027.65901738401,3553.91631123363
4926.63728180798,3891.7810403742
3205.13577073736,2297.42328428971
4343.28883288593,5553.65461454227
3936.86919776536,6882.32417015662
8451.43286702866,5124.00661583701
3737.66742719458,4777.61712481736
4775.06603364512,5282.34011351747
2601.45903463806,5048.87538609365
2093.68381568998,1644.42652435275
2763.53746815454,3826.99285009325
4465.02330633005,3194.22823396815
4175.98994834407,5467.55451956364
1595.61549028161,1682.61743642824
4275.14141652753,6105.49086684757
4810.75041031565,5838.15458803301
4049.65037086616,5270.63252015706
3989.6647264441,2886.48433013363
3979.70715538964,3475.48850194616
4088.6489565402,3960.26329413609
2898.09353217137,639.413919984576
4898.11598053462,5724.32068564551
4462.24856057466,2260.02786865694
4422.9477632853,7012.07096138506
3745.14363355914,5254.49255804584
4551.82341239185,6807.13585495426
5030.06891555271,6870.73032485899
4305.48804506295,6586.91283974488
3841.12957888404,6853.62413849708
3343.44269635597,5540.29915426506
1212.98623520073,425.499270851239
4307.49168717595,5419.70252783331
3846.82915212336,3153.65019828166
4795.75040846867,5262.78982379936
3940.24483189983,7142.55648073863
3979.90053944944,5415.61055756031
2083.58520308553,4064.66329585285
3820.75193236055,6268.71172552993
4767.16597232438,4753.80487701497
1942.46413770746,865.661089683781
4788.65645569563,4244.42202343851
5065.73773195212,2676.88872454359
3885.18776686903,5713.465568473
4454.93527753948,2327.1462028037
4893.65880613286,7131.13346896277
8710.95780017497,1055.64963723814
4456.76477134789,4179.23592636548
4102.5281348501,5865.71798477534
4547.81889725037,5367.3035735789
4403.24816427363,4697.76852188338
4428.07091249799,2864.26307521665
3181.46863383368,1382.26165955558
4325.20436927751,5998.70427008887
3675.42836436973,6836.97252153101
3471.83219550619,5609.06556675624
4046.52372982854,5047.2270963216
4310.22296342279,5681.4693801246
3955.78623180649,677.548063742486
4192.83403658663,4739.14237115402
4529.3399443029,4871.50325354993
3920.34095557093,5676.5820191227
3627.21418169232,6131.06515248479
2340.09571897358,1461.93974610921
4193.48187108424,7027.58594343392
4469.34623167251,5528.53532115614
4651.17231149583,2140.45391765201
4026.61139215205,1457.79100751864
4040.70542233274,2802.99832632248
4397.4150912208,5123.60913190019
4102.00012923701,4399.79976290792
3769.52954622484,2686.15242597542
3852.21149111816,5687.09589210689
3365.08631217262,5350.48112309104
3609.98005742501,5402.5392560124
5121.42800222806,6634.70816887145
3633.30284025398,5914.53620075634
4565.34032140586,6015.29922445118
8541.51074666752,5301.94706583934
3872.30299642762,6397.03772311185
4289.48907428827,6093.61328567588
1610.81645538383,2439.38890087815
4066.412582342,5017.50417780762
4113.20330346638,3705.48666201459
3499.45429247739,3262.71027630241
3873.61954966179,6156.46902745547
1268.77963184625,1685.85682479952
4199.71900873172,5645.49496956597
3687.63808168197,5964.26397838427
8031.33768039204,1201.53670771924
3610.13225335625,4548.35811572932
3855.89622398376,6080.82614285727
4144.43671639426,2938.20121886667
4000.62439352559,7340.61511506242
3524.63408624919,4042.44182950825
3619.18032538961,1760.64744463744
3844.15802842274,2754.57780570592
4495.4230982903,6492.74255228301
4901.08313656771,5216.86985771515
4108.16104786068,4403.66465991063
4117.65183314525,6009.84312313543
4164.70254566692,5434.87626569386
3700.0911068289,667.147833107254
3983.94425423318,4939.07636852015
8483.06840393275,6494.56125272159
4133.82747440897,7055.54724696833
2460.31428926601,4758.23766862104
3603.6825414128,2609.82726442822
4165.69465704096,4850.30509691502
9047.39495948876,7517.81683693961
2454.66755678699,1683.81083966302
4794.8145667139,3130.86083733371
3254.49197341427,2136.58944350454
4655.70249405944,5895.04299649725
3783.33884308021,6372.71382045462
3594.40295699104,5071.26684024954
4084.98648360145,6782.30029744217
4418.6696058483,4570.46583401115
3287.53503646098,3949.7494211519
2168.20693202545,532.74075414721
4018.22629566898,3739.30155080158
1158.53685720575,2621.2504876317
3870.28433282739,6353.9026817169
4902.45534992126,5406.3470675561
3994.17256917846,4891.67852333041
3754.84763734582,4201.17281112553
3980.69080633087,5537.51465243105
8819.08388846815,4022.20989712401
3718.32505968165,3589.15199366713
4673.87466751483,4091.31713094826
7286.68082416771,4170.25659509057
3136.19810093644,2913.87710478181
3133.78372438136,1565.82819868494
3873.82318531617,995.010185547767
3458.24783400769,2319.07622174808
5330.21279409984,3090.16926501208
2167.46353324091,1052.75117591373
3489.76695617211,5710.73772924275
3470.91489785636,6214.6078188997
4735.28419764731,7080.26905641764
4119.32289097758,6425.96525089694
4194.85091740158,6152.14998391218
4202.823635461,4186.16948393151
3409.74071379716,3896.72548683512
3397.26013222383,4849.05471393504
3868.63665555139,7040.202675586
3240.35169371129,826.67452259487
3782.75238680535,5245.22906804163
4460.23472122521,5557.23535281568
4121.40041834171,6495.24331824297
4034.56463906455,4674.29709541405
4181.66967157454,5459.31391641387
5091.25524669128,7537.30961834345
8652.7805264143,1560.9975002868
4759.56226709697,5696.70020344416
4011.52824309446,1188.57904852029
3907.04555998724,3742.7114555532
2638.02011240028,849.748200842845
4190.15449374119,4616.32871463636
3880.92787397675,1778.89047734418
3903.29288010767,4345.63919367393
4622.63113481932,4324.55478510179
3810.30260184021,1785.4827907219
4308.49433006813,5280.74890920443
3133.77360456965,2106.24133350057
4447.72273841697,4704.47500617912
4039.8191609853,6137.08957125915
4009.87481756342,3739.35821340534
4240.41238493993,4739.53985509084
4395.64696509276,4961.2974120095
3476.13158434586,5394.4124009254
4533.40083399206,4069.60731945851
3361.36427820076,3976.68741497661
3818.19122280055,4785.91481342615
2454.95602859154,1023.93750190523
3266.16987448296,6383.45518956435
2417.0060543594,3725.26402500299
3870.98377819883,5084.33814179745
4081.22183038933,80.075924796909
3788.53493510074,7270.5987424465
4401.53396744763,5537.0029975762
4647.86843780922,6457.27937372397
3980.0007463018,4683.90182960658
3566.37982062011,7406.48327765682
4287.19864649837,5165.60753837794
4134.92811096178,2244.22872787878
4344.88570939,6325.71388205695
4214.33128072292,3715.37513208116
3874.37238480555,2949.22653527808
4105.1716977123,5174.41645898631
4946.07635822679,5002.15960642529
4075.96530576872,5754.27067742978
4029.55982257395,7489.00263436204
3377.47883866313,23.3010149769092
4000.47063291533,5036.03115781603
4343.91819400184,5655.27011442502
2916.9630113907,3000.65926528182
2834.68177282204,3659.4529478676
1144.15201485512,1110.20811326421
4488.31090593013,4289.94408273065
3413.23863095568,1275.92942076509
4503.96616668469,5981.71140893449
4410.73558284872,6890.45102524362
3443.3278535844,3498.3347369255
4514.26204424708,4897.93001537506
4221.90589427167,3990.83868883798
3760.59403376465,4761.70423597643
3951.00506151809,1312.18809576684
4577.43693442413,7207.23134581206
3563.95764161571,2084.19048925013
4138.20694809324,4592.85728816703
4900.3062381681,3829.60694126073
4425.4946680307,5283.13550424637
3720.68518791065,1536.27569083749
4924.35065346357,6972.51623540826
2681.4452970162,5150.26296699561
3863.82213612805,4201.8548766469
3791.47832236509,5947.04404395959
4880.38657700573,5431.97801579708
4053.00252327862,3969.86760547336
4255.05114522091,5561.27023762968
3963.44109699053,4886.56366620296
3911.47105144062,1070.65317585978
5103.08628945894,6175.16684098568
4522.38770460041,3859.89817723332
4805.89665761744,4770.11567264798
4594.73769946716,4972.72084664061
4206.84823995395,3420.0206757008
4835.34403654413,5600.48414227341
4618.21424188879,5273.13328611702
4005.98655631895,6174.71227158984
3844.17744554728,4381.32944550326
4034.61413449531,3282.08994392636
3089.45165253543,4485.89985788655
4142.70613611631,2746.16658046199
3739.65228650952,2591.98213851355
3658.52756938509,4605.24652419357
5269.77992647642,1902.27202846519
3354.18234853938,2929.10813952899
3862.3362529183,7603.51860227091
2788.97904173354,1855.44271216168
3259.46541965877,3884.39291341234
3969.41000099565,3638.14104316991
3611.40483833419,1680.85561002104
3643.39145668577,2429.78437811326
3418.0108528295,837.699891863185
8377.91554677902,2411.99591480235
2769.90646760435,1238.47734252855
4404.42700624153,5214.7103359435
3074.25374665034,1679.94636551556
3901.43925032729,3519.41935692526
3204.18422258458,3594.32351339833
3807.97495539105,4249.36646989942
3838.46541276648,4376.61249516789
5411.48001449407,5334.51157164635
3519.13622176114,4823.36668023505
3556.06698746941,5017.27668168208
3758.52622499036,4378.0332888144
4049.98614272463,6575.88731190585
5036.32463072489,6043.99925611073
3926.92066698584,4343.99132675712
1476.15254300993,1584.0143573603
4782.93993209938,4829.78900580149
4044.9873564259,7210.24292091637
3304.87545280483,1659.94150640162
3917.35917271803,1096.227461497
3911.71997912881,4192.81888276824
3727.85584781434,4680.15068066663
4381.6094566014,5313.31341501144
4162.16941443693,3319.65577022566
4620.35850462424,5748.01918538513
4633.38564919757,2482.41061706559
3917.72394367474,1615.38545993252
8579.27175019134,3068.28904285579
5021.01145478052,5310.52849032217
3314.18589216847,3825.6287190505
5126.58713542193,4870.08245990342
3245.53702541979,6975.81239209712
3587.14980664874,7906.09098637423
3513.42636294947,4828.42487475874
3790.86077224175,6215.40363248385
4697.75526351002,4274.9974181404
2046.49013265514,510.860531990924
4495.79350124009,1682.27640366755
4152.6888318236,6405.960391783
4449.56262835642,7340.67177766618
3897.8038235859,3002.70525041832
3871.42933724267,7101.97844505214
2542.67630888608,53.080848816736
3920.63033149341,3030.04115103511
3533.46248878663,6789.80217246681
2343.22880398406,1082.47420014153
3886.09223979091,3744.81389186584
3061.23043415289,3086.64561219768
4284.26915035602,5164.47090346073
4361.70792842022,2527.64851762843
4028.22616449403,5795.0191237828
4077.55959172917,3277.77068895543
4644.18456919849,5213.80077429658
4330.84535519287,6282.23759647368
4179.10094148817,4806.03299774761
3498.97455425925,4517.0439929023
4104.48573974375,1614.93078482288
4617.15029726707,6464.27001674901
3249.06033598831,2378.35164810952
4372.59284373142,5174.30271092354
3930.36643709455,6684.09512516631
4749.45831713538,7556.51908672849
4026.54137679133,6946.03238812413
3866.11300293811,6712.45391263754
2913.04254419954,4973.2320786402
3738.70136391364,3642.28967604668
3929.99448032883,5812.69405045856
3933.28507028038,7037.87274314782
3682.45578205525,3463.72424598199
3486.14241616123,1747.6329114071
4266.15935567831,3550.90431327407
3887.23904253998,5378.04451983338
8442.27303254507,1772.12733044469
4228.46443326634,5220.73433186261
3602.41536403754,3024.24443981392
4729.15906783949,4893.78138249829
4206.77261183033,3088.0095318128
3801.00386946177,3371.99785044869
3699.31290507389,4408.8928422456
3591.87833951676,2141.53367853783
3894.09736475992,3037.25886733044
4150.57848909637,6460.4622052053
4525.61968071669,6502.34728647553
4135.18526958247,6500.3010899114
2744.85429362285,6520.24886356633
1397.95156745897,3116.88018556651
3863.35016709972,2899.83979041084
3187.82629981872,5707.21407642835
3559.45008243753,2281.51039544878
9284.72260599309,7562.88390398067
2238.63060681138,1000.23868502417
5000.65921956845,8942.13371341085
3618.51735739603,5343.03633352542
3703.9143895828,5443.68518630223
7309.24408763375,2278.21402733229
4718.58311411513,5444.25350376084
1964.22946148677,1984.56452332775
4449.8169422968,4692.08534729734
7568.43368179533,1776.50345944699
2463.02822921144,512.110862113998
3744.93448295477,5551.26801950033
4597.26126936808,5843.21235970144
3537.84389358736,3966.5714487845
4292.86443144911,4920.77646178202
4642.64968205348,5883.39248859585
2262.92320293068,2703.25861233733
4008.26086433342,8496.91364719772
3651.6174967168,1953.02290437518
4039.29365060634,8137.1120332971
3800.79279056006,4280.68059272644
3705.36518902919,5914.42287554882
4529.0055410438,9189.01098657089
2769.65687207837,2265.31334787854
2034.46714113555,4713.45433745403
4391.25742417571,1559.12203153064
4186.09876912143,5530.52443226126
4027.57739164224,5537.06008303521
3919.3114520458,3671.3876144983
4922.70549929119,2553.27967729704
4554.65713853674,3675.42249931229
3319.89832571401,4696.68897242519
2390.61358300571,1643.57404816485
4253.09286921945,6052.06902573872
3993.93956900065,7343.68419848098
4042.07763072905,6115.72058110246
4194.39459626567,6366.51941386897
7598.09485095152,1633.23058584719
3555.13552888088,4975.22118974532
3865.02680031509,4233.16942232918
4197.48801574145,5179.64506417653
4398.54271298672,6577.59226428166
4526.49392876866,5637.14061835342
3719.11886790265,3848.58891352024
3721.66965589573,4511.18998479447
4095.22310372369,718.807900665816
7231.98233126713,2812.3189017857
3824.25490182913,5339.05811131519
4215.16023665505,5962.786522134
3219.39946265687,2397.10612424348
3743.83317186176,5503.75642624782
4563.59340164177,5664.87442576229
4461.49670781947,4338.76272156691
3823.29301797364,4173.43900371666
4491.39744928864,6813.27359893614
4151.58436210752,3627.22926339365
3215.11882108602,3160.75416651422
3489.74894461643,4959.81995575923
4075.38090573851,7084.47477475342
7341.04520399519,1796.28082243539
4716.49160582743,6107.5370634117
4290.88678475236,6443.07143725884
4162.73549766556,7647.50654270903
3814.92353971358,2275.54306213343
4229.05548021043,5698.23474515344
4397.66209625147,4621.38690916005
4066.35227216181,3163.82324993279
4347.37258524697,6189.3747774508
3880.287824116,1738.65347441839
4177.49342631403,2892.6789481469
3676.6493717631,6128.56480938008
4068.45952797221,6629.3091530147
4887.50870899287,5658.05461625903
3700.21105088253,6891.81515628638
3498.75642361954,5840.59826853395
4783.30877571011,5339.74017683656
3892.0691384893,3845.51983010167
4373.00684533684,3831.02773490725
8728.86014919755,4497.72119930973
3916.07411694635,6745.58673590315
3830.67142616435,5791.55255642741
3910.20452971679,2421.99834435932
3804.62210882302,5086.95265582018
7871.19491038599,534.786686426806
3746.11447970343,4914.35455907084
4505.58976232515,5817.46766339769
2781.3811422968,2958.7173099802
4212.64371557874,7134.8275324437
4009.51916297208,4142.4657022227
4016.87246071282,7532.64975346709
4933.97508588371,2791.17740775455
4113.48749008051,4443.38979655396
3741.54197109257,4580.63846280703
4154.16887154059,4590.24319699955
4162.02787251302,4511.18998479447
3633.45235613264,3702.75839992908
3877.86634878964,4472.65814567211
2423.29652090917,4688.78919060848
3596.12378337438,6384.76223514809
4070.71689971182,4672.42173237171
4454.62975495086,3428.94313294432
771.475697162421,4678.10490695776
3513.02104755881,5830.59605040461
4456.20257519651,7955.59126787661
4179.68826466253,1626.35400802636
2934.12150653406,99.6828771187759
8358.15475094437,1243.25116689531
4536.30126142744,4753.80487701497
2881.32669140122,3069.93712120022
3004.09462741196,3577.16024157741
4316.58702845911,4705.83871436662
4186.66989414487,3813.6940524198
3583.73630366503,5321.44027009844
3871.6335068252,6271.83747155226
4030.94149072607,3568.06716223974
8877.73305543264,4771.87728762756
3803.33764399195,5043.93093963274
4109.46764067194,6159.25395214474
4085.94969128197,6359.92667763601
2419.07538618129,2238.71596395926
4191.38840623814,3960.20620867708
4229.27916004948,4855.36329143871
4193.48077318055,1783.49367961678
3659.83056427361,666.352178093826
3140.05683663089,3922.75434186817
3688.19175690016,4208.0497060878
2619.27585946176,1783.32326895025
3925.32658440409,6559.51985366908
4284.71818865733,6261.60775729737
4340.6953277439,2375.33943872234
2826.15287143578,3793.12087584725
7216.71273966754,3607.84938434208
3089.98187544952,5612.24839823758
3574.04414645832,4913.10417609086
4096.69756670634,6457.96143924534
3834.99021329587,5762.62502864232
4333.49306680064,8140.40861284121
4432.6518978887,6233.70353922197
4568.55736990432,6166.86915237689
4392.03707737697,4092.39710326171
3753.5464997429,5493.24255326363
3965.1542050987,4373.20259041626
3970.54277370537,2849.31619919877
3750.45748983705,4116.49350979341
3110.63782092714,805.476313103053
4288.34367008879,4054.83106553478
3862.69889780268,4407.01747920325
8032.43071627959,1365.72357922465
3395.0418250187,5159.52645699982
4210.52785808527,4611.32760557169
4355.80615751568,4012.20725613942
4522.77307732269,4105.97963680922
4496.8690299918,1138.85127089236
4341.95062606006,6168.57410475271
3949.85368967897,3063.79937721834
3232.8221685738,4883.55166824341
3647.50654225672,2515.71385099773
4316.44479401642,6842.37153738776
4218.58566544654,6199.54740624667
3461.91128151612,3601.65497775643
4026.43897149855,5363.15494070213
3452.17734964848,1710.86279297813
5205.52039142057,5716.02299703672
4355.27618006662,1152.83192265957
4176.08660015955,2963.66175644112
3965.40505593493,4993.91900327552
4256.6398284486,6029.67757158284
3958.39500354092,6083.49731948376
4251.01392126916,5050.4665904067
4063.07267210405,5197.20624278952
3347.82300346271,2975.53954904043
3643.90683739177,4992.38446156623
3586.1359281896,4951.01103515085
4330.31375611001,3361.08607067243
4083.90685700696,5736.25535227621
4321.84887723617,5075.87046537739
4785.96075406814,7110.16238559815
3516.81329311313,5515.52068221199
3483.36107444594,4478.5688163837
3807.48595906695,860.546232556337
4312.19054264454,5357.98299811568
3990.84026605027,3641.49386246253
4647.89228714954,4821.83256138102
8409.02613839937,1409.99557267826
3634.61530192629,1409.82505629791
4197.29569033681,765.012078336245
4640.73959370748,5158.78772887468
4133.68790970551,3322.55423155007
3655.83626464987,4687.5388076285
4027.07048803912,5777.11712383675
3776.00634829519,5042.39639792346
4897.71321824822,4080.06452983894
4174.75732191939,5791.21131223909
4606.19298854718,5548.48309481107
4032.09509918096,6536.21883786628
4104.87317666594,4974.36871355741
3683.20950078303,5096.67071522022
3618.86726219434,6642.15295843707
4309.53229989454,5541.94744403711
3220.42852149075,1063.49243930965
4046.68903371782,8.63842487526007
4704.78769513029,5928.17581976286
3691.79511664271,4075.68840083663
4227.60279396278,3464.63359620128
4071.85670495844,4839.67747586806
3733.15259743034,4465.04294543995
3870.03586160016,1935.91650658565
4653.86273680513,5990.00909754327
4077.38650420209,2897.28236184712
4313.94251227935,5737.16449106788
4181.67065200878,4791.37049188665
4394.48034124411,6052.63734319732
3174.22888903534,4245.84281708502
4335.45943183159,7072.14220133064
3741.1931442077,5859.06858593861
4086.04933681339,6349.98112211042
7950.63662423399,42.1691549329456
4092.78061811085,5092.06751294762
3435.44085956284,3667.46605489182
4808.32126376499,5644.75624144083
4661.12497028081,6136.91916059262
4159.41288657355,5447.94756724177
3675.50616634768,6167.94912469034
2811.86212740808,959.945019494611
4160.05989794353,4831.209799448
4228.50051529117,5122.98372898258
8678.08458244401,4270.45087847156
4309.93551459288,6246.88858883265
4407.70542487721,6060.76462113957
2988.7465622803,1065.82247746164
3606.19341765127,2167.10796417505
3387.46656595186,4100.75145447425
4281.30274572821,5828.83401256979
3499.62314427211,6220.29099348575
3845.60959733704,4273.29246576458
3790.61044835732,6339.75140785554
4355.01029563284,6329.35128293412
4535.6433506055,4537.6738320786
4219.37418007479,3409.33618062245
3653.9912025387,3016.6856907579
4563.78319808549,6117.25512281174
4205.03126438615,3858.53446904582
3868.41390653676,6440.45734609136
4621.90184065002,6748.76956738449
4349.61929214935,2488.94626783954
3406.1342083442,2332.09064926461
3757.20313895985,4319.43992797434
4464.12756124427,5286.88665318631
3629.63922656723,4356.32347732465
4364.98095230521,5391.68413883989
3765.31467824284,3982.59808568821
3780.55850743536,5967.50347246937
2721.43024829265,3818.92265761001
3537.32602489683,2126.98492073965
3469.57833815519,1578.1606663939
4193.87904660745,5892.42890532977
5161.77909586227,5256.42458369194
4378.59061795978,7210.64125056369
3509.67086427526,4824.84455934058
4025.39122739623,5555.53040043987
4819.12453602636,6145.67099574198
4395.48755895204,6295.0818247513
3842.05484113078,5342.80883739988
4327.31304207721,3569.26088261596
4501.43956736759,6206.42430120894
4042.79613109813,4838.82499968016
4486.09324975524,4259.93700548737
3703.06496020696,5400.72055557381
2147.74895920347,5014.77633857737
9158.59220301576,2856.93182228618
2986.426303396,2178.98596820199
4621.69532932131,5835.36966334374
4094.03032822935,2978.66529506276
3507.29858633957,4645.93830794282
4058.63030066666,6061.2191905354
4097.75402956505,4845.87230530896
4171.48711562811,4336.48945173249
3772.48607998414,4993.23693775414
3642.61228526331,3843.53071899655
3727.06351449495,5968.5263593238
4274.63278543889,5687.09589210689
4566.06353796021,5616.62452723989
5054.02129559358,7105.61584592931
4206.96582028431,5473.52185287899
4242.56915576868,4556.59871887909
3413.95738808911,3807.95421522999
4581.60907170196,5767.17156831116
4320.4365803702,5564.85055304784
8102.49121721976,4417.53135218744
4550.77920238668,3263.50608988655
4037.6030730194,5919.59439528003
4771.16688062815,3937.98516518773
4038.00737931042,6471.99896504393
8753.16067444917,939.883392063098
3915.53232886876,5963.97981965497
3454.35539997289,4966.12811040764
4156.65655363775,6230.40738253312
4157.71629004342,4296.53681896362
4946.45702917347,6151.41125578704
7357.93788708176,3288.56872066893
8755.94495040405,1080.31457265607
2677.23714190381,1350.32223952475
4402.19299173295,2055.88836438266
5349.79102907355,7021.44819945204
2876.58493147307,1992.35034565406
3960.37981224215,4448.95922307724
3819.32648980539,4325.74808262276
3522.11518497461,2740.31299520941
3879.31792156915,3700.59887815744
8372.81207247649,3322.66776818522
4537.01729529387,5184.98741742951
4054.09429534239,6617.0903276547
4066.07922219427,5964.88938130188
4053.54451880265,5036.25865394158
4154.85131289694,5936.64391903817
3854.81350715032,5308.82353794636
4983.45040963862,4054.54690680548
4048.93739817048,3990.72494077521
4066.12543105272,6360.21083636531
3986.24965816951,2429.78437811326
4365.28232163092,6467.7365841044
4136.99091947126,4773.86639873267
3909.13644135968,4194.86465647711
4367.23618543264,1924.94806420563
3891.39704611545,6178.34924961176
4257.7423282148,5204.36687362584
4080.64172443654,5160.32227058396
4553.50915559203,5706.41868569945
3572.83413201845,5034.26954283646
3579.0435198843,6964.73020165433
3202.07155135458,5766.8307469781
3364.21525659295,3255.09486464263
4412.61218375002,3123.35896230908
4064.13609645486,3086.19104280184
4296.50945177327,4351.54986438552
3859.60788482531,4959.81995575923
3933.18745472045,4284.65881493668
3217.71184944105,5348.54909744494
4764.59517972726,5126.67779246351
4698.32732829873,6183.86201353128
4286.96392748331,2754.63467973731
2039.1119784464,4141.04490857619
3975.62143760759,3811.07996125232
4139.45636495188,3232.70319905912
3122.30539877065,2579.64956509078
4177.88511702121,3528.56931029433
3598.04962385275,1632.77601645135
3611.48078941808,6059.57090076335
3948.71848324764,6347.4236935467
3474.81324026081,5362.41578972174
3430.59411604391,5576.72855707478
4742.99918803176,7201.03651637117
5060.77071752022,4403.49382638885
5006.0738526381,4891.73560878942
1813.85736061027,2897.56652057642
4192.31440324238,5449.02753955522
4158.87034262456,6670.73966488909
4309.58881959299,5215.05115727656
2465.34542967375,5872.93570107067
3844.93119053295,4888.60986276709
7437.59486644782,210.447947158013
3856.45468604627,4840.92785884804
4240.59171625873,4954.76176123554
5005.20344182044,6416.01969537136
1896.7885174158,1520.41967602794
4863.67067634284,7392.38866639922
3726.16701466774,4718.68294264424
4327.02268608729,6191.13639243037
3749.69759090994,2079.70082361267
3434.56343356674,4469.93030644186
4434.04919811427,4807.22671812383
3560.24108310357,5425.72652375242
4414.82426368386,4880.08510088802
4641.54914588848,4251.86681300413
3947.3467322665,4476.01138781998
3308.78189405153,1357.65349245523
4029.69018012975,4880.88049161691
3875.4369926316,5686.0725823972
4122.25280876357,5947.8965201475
4336.03584264323,4668.3297620987
4147.07401733103,5168.84703246304
4960.6633847794,5067.00445931
4241.30302215169,4447.53842943072
3926.52995245355,5973.35705772195
3842.92309562038,6598.56334764628
4479.3163933032,1520.2491596476
4151.77352907251,7484.57026561122
3987.76602346035,5605.08734454601
3687.61879690518,5942.49750429075
9555.77253256705,628.956921031772
2908.78615267668,3183.71436098396
3408.06316909031,4942.31586260525
4473.04206916758,2912.7404698646
4339.86882343913,3854.95415362766
4751.64603169401,5540.41290232783
4338.39046040761,6477.90963575552
4367.15365519871,6689.60746623057
4918.1237239511,5525.57998580034
4438.87637234033,2652.6783585215
3890.69199618595,4428.10231063064
4373.32609401207,5820.87756814932
4071.97519775502,3934.91608176916
3492.45005659854,5199.08160583186
4192.37936348746,7701.44003867273
3629.78668471643,2268.43909390087
4519.16508039721,981.256924192293
3901.82424152133,1822.93508038606
3636.79632211879,1560.25866644785
2783.19250046582,1677.21842057149
3700.28493523806,3963.0477959701
4021.41557406028,3125.6322321435
4237.61545720208,7086.29305233675
3791.79070120415,1183.69158180457
4396.87857426518,5891.17852234979
3333.27330244207,5938.12137528845
4175.1804923408,4025.3923057501
2837.96539761016,3118.69867457747
3471.24016249386,4807.85169818619
1856.51211993038,2540.3221238119
5029.50064569776,4846.83852955964
3623.61963394748,3816.19481837976
4568.67154172058,6602.2003256682
4688.20042261439,4369.84977112364
4424.89091963418,3009.46818589019
3498.08162532481,3525.78459703269
3475.30827176282,6015.18547638841
4622.87529879368,3613.47589632436
7962.11150083155,4021.35742093611
4062.50677984162,6049.96658942608
4276.57166193423,6671.08048622216
4112.58951827291,2416.42891783604
3646.80701114868,5772.45683610513
4124.55369029989,2424.55577292304
8217.16321427773,8327.27088580418
3811.1811331877,6574.97817311418
4403.60061883358,5034.95160835784
4575.81000787007,6072.5855397075
3998.01749243406,5428.90893237851
4224.65105127231,5161.79972683424
3775.68292393926,5778.42416942048
4090.1030313285,4974.42579901642
3558.44244686349,6835.43797982173
4445.80539180679,5117.4143024593
3916.42303855183,5366.33734932822
4089.39419820295,3468.49807034874
4447.87236536307,4964.5369060946
3830.48592325013,5510.74664641761
4052.27381037242,4472.99938986042
4188.20356813648,5768.25154062461
4064.36506951845,5229.8844966593
5362.82800696513,5443.11686884363
4249.52504079073,6265.52931690384
4239.08229861671,6039.85020037871
3995.21024754747,1326.16874753404
3404.58116441041,6208.24300164753
4577.43413307644,4306.7094477595
3865.52779606576,2712.23815503986
2713.73935652219,3892.91767529141
4385.87476849183,6053.48981938523
4013.28750321364,3086.47520153115
4222.99739014321,5305.58404386126
4511.07259273844,4265.50643201064
3825.6015054215,4621.95522661865
4092.03374604194,3210.48194414215
4373.71162192781,4708.39614293035
4548.83149698267,6468.98696708438
1711.52912668879,744.439007477512
3649.3397200461,2964.57110666041
3981.04981384437,3920.93564142958
4052.80985802787,3694.17697544625
4608.79964483027,3834.49472511789
4307.58756647563,5826.90198692368
3363.76911188352,4421.1116676056
3230.80235911296,4544.37989351909
4546.0059124382,5034.32620544022
3393.49266814417,3168.25604153886
3832.33232839147,2995.54440815437
3128.04855623077,1887.26848984355
3805.60842503065,4980.39313233177
7398.48718624455,1473.0788105834
3940.05227098444,1695.00677816858
3522.61600507954,1696.02966502302
3963.90681582614,6302.92452110899
2604.1136198513,3950.14732794397
4712.17101808209,5427.14731739894
4698.21248022953,2080.09873040475
4381.01883142588,5320.9857007026
2943.00206511878,3606.48567615457
4812.67948635593,6361.40455674153
7951.26615293008,1488.87805707537
3884.24089579533,6082.13318844101
4554.42101649931,5284.21547655982
3857.49675751001,6376.46496939456
1842.46595187742,551.949905390816
3161.42211129796,3687.41382854675
4116.56096708257,4694.69986132007
9060.67273015937,2787.99478770083
1832.14263493285,1762.52280767979
3926.7481270324,5506.48426547807
4208.43744498953,3696.73440400997
3983.37620193475,544.845937158256
3699.54966960359,4674.12668474752
3500.43298085671,2295.37729915321
4610.44765042542,6820.43422977246
5703.73168642838,6093.32912694658
3590.66457965581,6598.27918891698
4307.73513993478,4636.73148054238
4573.05293347012,4170.31325769433
4257.09243502382,6260.81236656847
1818.82035693071,4680.43483939594
4591.89698793671,4992.04364023317
4202.11727223742,6096.11362878059
4167.01741786314,6812.19362662269
4809.50281236993,4905.03398360762
4171.68722265721,4307.67567201017
4009.11413021903,4942.25877714624
3642.35916447949,4929.64204499416
4252.37467504425,5061.8329395788
3661.17398815037,6633.51487135048
4049.4918577754,5332.46579793747
5139.48576245117,4844.73567039175
5510.61966357974,8775.61669803963
3788.49408911397,4970.39049134718
4621.53162288284,4280.7372553302
3240.62794391429,5919.19648848795
4247.650611185,4927.02795382668
4281.71194579674,7604.5419119806
3967.0263500329,5188.73814351421
2261.74385154453,6810.77283297617
4480.0949758888,4249.47979510694
4561.00212206672,6282.52175520298
3928.58236323729,7039.17978873156
3924.46105836806,6735.35702164826
4240.23687705843,4017.32211326686
3698.84750919987,6351.17484248664
3470.12717164389,2453.82412204119
4206.8295271762,7257.64076610611
3077.56638313678,5204.76478041791
4909.61021978146,6216.54026740106
7792.42914370733,3051.46680379556
4557.46112154375,5572.63658680177
4520.2717488861,5592.52769785294
7612.06076872906,2429.50021938395
3776.34457476658,6167.66496596104
4286.10065126238,5600.59789033618
4293.63744216333,4505.1093262716
8143.38015318435,4758.12392055827
4357.45536770973,6042.80553573451
4533.14603543156,5321.15611136913
3796.94239340488,5572.522838739
4128.27450449353,6165.27794806385
3718.31360576121,5988.58830389676
2661.38549843168,2016.78799637407
3555.16989368613,4093.07916878309
4446.49953646914,4083.47443459057
3615.94623528181,2352.37945568023
4669.59996401429,5090.24881250904
4772.99841791518,5301.88998038033
8751.97288921931,8089.48753769231
3964.34721307356,2668.93228012312
4640.94614065243,5178.67883992585
3758.17108961141,6369.9293186206
4533.26469351608,5981.93890506003
4576.28774906301,4362.80246549484
4414.45264483261,5273.98576230493
4051.43005560233,5495.51582309805
7577.01412659165,3640.07306881602
4534.10177770152,3830.40275484488
6553.76021563253,6656.02007356913
4462.18936823683,5324.33851999522
4442.73976388723,5810.81826456096
3677.05706325132,3304.36807287472
2874.30756923512,349.1742414463
4518.64107826534,6137.43039259221
4044.30147336934,3742.99561428251
3789.61217828401,5969.94715297032
3412.02849772168,5434.93335115287
3986.28420408501,2520.71517149003
3917.43569009127,3953.95471663242
4163.94675151536,2032.87150730916
3844.64380152068,1288.88707996404
4073.17478435189,3770.6156736286
3994.44846410104,4529.83113572091
9249.65400359322,3266.17705508542
4293.82550940173,5454.71071414127
3038.87066700898,1492.11744544666
4249.14298046336,6231.60068005408
4646.68378757551,4235.4426921636
4590.23368442014,1839.24566459144
3710.50292013339,6395.38985619505
4984.5496571736,4598.82462148238
4287.12424488593,5171.74528235982
4382.49513657096,1225.34916694926
3948.73201830076,4522.2155126335
1635.35371458852,3482.87662890802
2805.12089044077,2756.33963211312
3954.40802444186,6787.58556523615
3842.04512985151,3901.78325850355
4373.03579721531,6201.5936028108
5081.21968310175,4788.87014878194
4774.79849277507,3318.12122851638
8750.35349675805,1741.94973682106
4611.87145960892,3329.77173641778
4314.14164694011,5259.72116323605
3494.6964835289,3783.17532032167
4144.84661755357,6090.88544644563
4025.45177826493,3797.21284612026
4160.28187359487,4851.15757310293
6891.91885759611,314.450028868473
4450.02475265332,4285.22713239528
4268.54468507104,5428.28395231615
4053.1400164256,2241.67129931505
4255.72119081013,7146.81886167817
5264.82537783235,6559.121946877
3597.58587041955,3466.3385485771
3069.97277843887,4430.20474694328
4826.03671139767,5710.28315984692
4437.68455729401,5228.06579622071
4069.44892158563,5342.69551219236
3823.82601532868,6164.76671606426
3780.35666365782,4390.59335836272
4764.39895529419,5907.31890731626
3706.27222023291,4476.69345334135
4507.77273346851,1988.4858715066
3964.58232146949,4120.98338685848
3410.28856034177,4541.48164362231
4381.34674094459,4741.92687298803
4166.9235791408,2174.32568047038
3734.46524931593,2415.34915695022
4366.26094561814,5124.68868135839
4073.24208693793,5321.72442882774
2874.18675958074,4383.20523140086
4700.31846650973,3929.80122464172
4898.60080131864,6904.4314655832
2416.89919981565,1843.05347613515
4044.8982329572,5417.31550993612
4455.36989509987,6292.06982679174
3893.79912222311,4975.95991787045
2880.3352172844,620.943602579918
7516.93998345,1075.48387425792
4521.79897423033,5410.9502698287
4695.4378823788,6743.4272141315
4997.7689806582,4297.73011648459
4267.92934336391,5661.91909040649
3105.28655066146,1396.29907964036
1763.32986543393,585.992078875721
3794.370905942,5789.90426665535
3644.73897330893,4825.01497000711
4251.95729829352,4565.46430209123
3756.4026079535,3829.89109999004
4101.8334433652,2970.76572467368
4387.49665885915,5151.74084610113
4447.83444389149,6755.53229142873
4620.86603597951,4703.50878192844
4478.87378064261,6191.25014049314
4810.06061562846,6822.36667827381
3980.74358387035,5669.42096543113
4041.56995036902,6143.45481136658
4458.78103229957,5982.27972639309
2801.12103852782,1016.60624897475
3602.91782032495,3401.60723232753
4250.36020325784,2629.88899757354
3964.59269334204,6231.20277326201
4005.45064166619,3945.25954408682
4406.91213623032,6124.074932315
3840.22074991225,5764.89829847674
3822.05393067493,1723.70680982813
4762.6600208846,6043.37385319311
8336.74409822084,1023.48282679558
4185.75081794628,6855.84032287249
3222.33213334327,3634.78780102205
8036.76023764685,181.179598039864
3652.65674490681,4369.79268566463
3749.96219007014,4566.60093700844
3815.23334383837,5105.70713195414
8281.89918456832,2325.6685351258
3428.40020597097,4414.40560616511
4102.46163792844,6986.49667574784
4322.79236707747,5783.31195327764
4159.89675188923,3859.89817723332
4360.98803306017,1637.43619846915
5021.43106410896,5855.37452245768
5723.51514144862,3917.24157794865
3967.15071306739,5900.66950847954
4505.82597665588,3847.73643733233
3898.97836464996,591.959412191071
4027.17618266758,745.518821220243
4175.71553159804,4206.45850177475
3294.74212271298,6419.42960012298
4729.97849527608,4449.30046726555
3730.56030398908,5078.31414587834
2201.15447090116,1970.41346089401
4094.89001074704,5788.71096913438
4652.99859046965,5522.96547177761
5096.02892701558,4426.39735825483
2638.29332681046,4684.29973639865
3553.88096250994,5877.82306207257
3036.09181892629,296.775366477243
3465.56886401696,5041.94182852763
5686.71935235263,5939.54216893496
3969.93644946465,4380.87487610743
3566.15629796535,3909.00097479888
4611.6457807857,5732.56128879528
4233.80474600021,4427.93147710886
3962.85895843703,3066.52721644859
4113.31241387709,4689.01668673402
3515.28100909735,3982.59808568821
4482.18500640411,7101.06930626048
4229.04266575025,6023.42607953818
3609.16224067392,3569.09047194943
3645.3188552963,5473.06728348316
4120.26559344617,1748.37174524605
3924.71318379805,6575.88731190585
4132.42126634452,1777.98112712489
3915.92604566549,5896.63420081029
3957.34931996496,3535.0480870369
3926.85195519789,5013.86677693045
4530.96708042737,3274.87243905865
2662.8551968167,2262.2444758876
3255.93137965223,3221.05269115772
3778.65645400972,6391.52538204759
8448.41531638664,6050.87572821775
2663.52930126647,4672.70589110101
2875.84396238474,6927.27791199017
4804.05534993351,5096.72737782398
3973.70360767114,5030.85963808483
3629.28631235785,4517.15731810982
5014.38103324122,3944.23665723238
4233.6597324777,6638.06141101932
3814.963013647,471.135131063064
3917.97222757734,2839.42751770457
3693.5378047658,1062.81047950209
2949.64403351755,996.374105162894
4386.37322893349,4840.07538266014
4541.61243829039,4712.88601999542
1569.31019724525,2134.94136516012
4629.37955764365,4254.65173769339
4542.44257938452,4884.17664830577
4621.66470336003,6240.23918999593
4162.55006250631,808.090562841254
4015.57344786391,4742.09728365456
4725.53859243829,4570.29500048937
4045.98386880777,5873.50401852928
4553.49095955592,2826.46996421943
3561.74431826556,6097.87566661542
4325.27300138864,1971.32259968568
3705.37745362137,2467.52061507909
4000.08257687012,2912.91109195875
4114.35019577301,3572.32954317927
4121.28217982742,5698.51890388275
4171.69825466244,6036.83820241916
3762.60180959907,5199.19535389464
4066.45586158641,2498.32350590652
4131.36582789722,2673.93360061542
4375.61430013126,5479.77334492364
4965.94340300488,6114.18646224843
5114.84891265135,6708.93025982314
4776.13352776823,6254.95835846064
5028.98094640072,4150.82005343524
3974.97559590749,5403.96004965891
4470.23763728393,5875.83395096746
3758.49218428339,4526.59164163581
3361.37369264907,6624.25095849102
4528.72533629642,3900.81703425287
3835.34725311844,1791.50699806864
3746.8911345483,1919.4921743175
4007.25874092207,5065.07243366389
4593.37885602198,4030.67757354407
4157.29173171101,6894.77006878692
4590.61788191457,3814.77402473325
1970.81949019576,660.157507223652
3624.20404921999,4961.97947753087
4091.34680779028,2097.48907549596
3195.21316191773,1740.52894317454
2324.79076075317,1761.84084787223
9202.41627513711,1719.67171358651
3815.72260439342,4377.91954075163
4280.33319313589,5652.08728294368
5013.47202198723,5218.63147269472
4493.8734925762,4367.34900516368
3916.68086711606,7518.32849179445
3974.98193698087,4909.41011260993
3763.67585578961,6341.00179083552
3873.42258811255,5870.09411377765
8678.54312687937,407.540423302255
4452.79386465484,6371.2930268081
4169.91803535688,4158.26484300086
3809.0002931805,7094.07950894594
4733.45683190859,6484.8427704663
4351.80466778368,7484.39943208944
5047.89931420924,4111.37865266596
8194.589697469,2512.58810497541
3236.27230031423,6119.1875713131
1844.1070532488,3828.18614761422
3441.24430663926,1091.90831223989
3838.18330536912,2416.25829574188
4032.09510834148,8106.36622792868
3750.7433842837,4909.2397019434
7248.59074170276,826.958681324172
3818.25586602425,6273.31535065778
2118.62948926289,324.736590726292
4825.46770949386,4879.00512857457
3913.66461639955,1948.58990134149
3836.26923477762,1543.26601672109
3725.70661743327,1062.24216204348
3386.61290000076,5352.75439292546
3586.64056053992,2096.18202991222
4066.18856281304,5580.53636861848
3435.63179029575,5763.76166355953
4380.6343092353,3795.22373501514
4567.50890198781,5985.29172435265
3929.6797925354,6325.77096751596
3753.06346537003,3847.05437181095
4352.81564060529,8161.89050535017
3875.5384687932,4001.97754188453
4140.37390713248,2960.70642108532
2823.98017439044,5223.51925655187
4376.36737028906,6558.38321875187
2295.32392936673,2819.08183725757
4063.92427845876,3591.53901156432
4560.48694019807,2712.35169167501
4627.02119627863,1413.46224574746
4695.66653943436,4352.97065803203
4249.58818691109,5952.84096660841
4616.92402099709,4983.34804483232
4587.45948533927,5440.50277767615
4180.63934752681,3552.1542733988
3984.38620710315,6098.8418908661
3739.65417160696,4161.33392641943
5374.00694531204,5678.62779283158
3146.04198178074,1769.05845845374
1196.91869753736,3767.60367566905
3130.46978257339,6969.04924519762
3947.32605683251,5658.79334438417
4155.87706067393,4269.99630907572
3524.2030380798,2754.86196443522
4294.42313979006,4983.46179289509
4614.7405212347,4674.69500220613
4703.92022475401,7391.53619021131
3868.78585719382,2829.4250881476
7978.43332060424,93.3177229038242
3095.80421381044,4200.7753271887
4803.06197579175,4587.17411358098
4274.75264624249,6851.80543805849
2973.10093184543,4858.26154133549
3986.73903171177,5642.76713033571
3674.0512202412,3820.28678865277
5672.34165621728,5250.62808389837
3499.32672833588,3108.52583435396
3249.7613634046,69.7893827604295
4645.44347096015,7204.67391724834
4220.97733732418,5849.46385174609
4170.75916682125,5454.65405153751
3655.02191957065,5476.36344017201
2942.07171111334,3589.5499004592
3435.84151471629,4857.74988648065
4019.73548071552,5258.86868704814
2253.4557353656,501.710631478767
3880.71775420355,6121.17668241821
3632.51599789631,6347.36703094294
4069.36090632893,6643.85791081288
3339.27174812943,1499.96024751817
3318.75254985929,5270.74626821983
2705.07249677697,1795.65584237303
3318.74222877591,4603.08700242192
4461.80325100906,2078.16628190339
3348.93971161449,4162.92513073247
3994.99401170841,4471.01027875531
4194.97368583224,4928.10792614013
3878.577737542,4746.24633938658
4126.48050310924,5415.0422401017
2447.68387522661,3334.94346757661
1341.20537348516,812.637102510093
3886.86795503908,5609.57722161109
4717.53914464692,7002.0116577967
3868.62315419682,6015.35588705494
3943.53066570796,4250.73017808692
3814.79476767995,4667.42062330704
4022.26351869586,5915.04785561119
3734.38002657816,1063.54920762722
3864.36824157002,4465.95208423162
3798.77913480918,5023.69858439326
3966.88165818703,1794.51920745582
4070.69556635682,4703.62252999122
4365.07217173625,4925.2663388471
3479.11989650594,3833.01684601236
3850.28634947107,7499.34651953495
4730.63878097211,5168.9036950668
6092.42957107284,164.30056423361
3517.80271958134,7100.50098880187
4175.43524974787,7092.31704825586
4032.21691835212,5211.1866831291
2512.90047033761,2115.39107544201
3912.17397017636,2273.15604423624
4258.59216186158,4635.08319077032
4185.83462664145,5097.29569528259
4600.27211385029,5116.33433014585
3569.71074888468,4044.14678188406
2184.13561365906,1153.00243903991
4052.78676058515,4087.4526568008
4373.08348675921,3025.26732666836
4004.46724997743,1808.61339585817
3295.52862818469,8848.19134492977
3665.21160188151,5456.64316264263
3349.3700856105,8172.00689439754
4375.66438947631,7116.81220729013
3554.73786922299,2416.03101104397
4211.93162956014,6098.15982534472
3509.32516101434,439.479869761537
3791.01258465392,1252.17383556646
3973.60356682225,5801.49811195299
2893.85148635264,5411.34817662077
3758.58891688568,5246.93402041744
5173.32460616751,8193.2054738877
7012.98692226919,2540.77669320773
4035.63411238216,4358.54008455531
2219.83979873267,243.69450527217
2461.24165775474,2298.38929711277
4384.52363560189,4801.20229934946
3086.93877232598,1938.75809387867
4633.67514345263,4252.20805719244
3943.03092962886,4102.3426587873
4319.88443986122,3576.53526151505
2762.1317564591,2499.97158425095
4125.38086613956,4236.01100962221
2340.85061578222,4472.54439760934
4426.20563941964,1565.03259652842
7293.14988629419,2146.53499903013
3721.28608119845,6273.37201326154
4251.01289795476,4952.14767006806
2610.06158530792,1483.8199682655
7400.42588808358,2830.56172306481
4230.86560282205,6783.66400562967
3869.27371243412,4513.69075075443
3907.72810715033,3991.97532375519
4180.07865958349,5041.71433240208
8422.05431742409,385.944359875271
4339.32007275282,3286.23878823075
4249.99023230977,6618.17029996815
2493.95077649781,1430.62551756838
4074.42391404784,5178.05385986348
3427.25544546054,4193.1597041013
4016.08953184353,2597.04012160961
3780.86433424678,6035.47449423166
3867.64830587093,6401.58426278069
3480.48391118413,2610.85036271028
3418.05346041729,5722.44489974791
8698.75334174702,2859.7734095792
4033.04291604277,392.991506933352
3650.97172398345,5679.08236222741
3847.16474054391,4503.46103649954
3817.71212694934,6089.46465279912
3471.75519943464,3603.24618206948
7764.15367045346,1408.23374627106
4515.35592839788,1878.40269520379
4404.46146381682,6300.31042994151
3785.70827415991,7447.40213467637
4565.56913058579,4913.6158309457
4024.02728956834,5859.63690339722
7100.30815032656,131.96330348184
6964.30473348144,3695.19986230069
3893.19688653168,6809.86369418451
4099.21610125059,2175.46231538759
7402.00167324456,2347.60563131347
3853.32909061345,6203.07105906107
3375.44940739009,968.867582451944
1692.3577653309,1696.65485651301
3532.27328548597,4500.27862787345
2500.08774711575,1538.49208664052
3647.42375230531,5697.09811023623
3675.89280515702,4213.67579521483
5935.28519474148,581.16138047758
4481.78582271611,5549.50598166551
3121.43859998526,17.8451680350141
4041.13558940072,4450.77792351582
4422.30683398315,5817.63807406422
3920.91037423061,5431.63719446401
4115.43958092151,5149.58090147423
3944.30214012262,4645.36999048422
4730.25431412604,4775.17344431641
4475.73306437031,5788.02890361301
7948.46269933994,848.043248467031
4316.37076831566,5914.99119300743
4205.32646630971,6236.77219978529
3768.20849069522,2532.93399685003
3672.30839206713,4894.52011062343
4143.33842282864,1558.26955534273
4638.80928153081,4996.13518765092
3816.98929339831,5350.82236727936
4478.276909381,5764.72788781021
9259.68216409104,3857.28408606584
2486.35488277229,2544.18659795936
4582.41306364084,6782.41404550495
3772.05087477139,6830.83435469388
4485.07519270263,6211.14125154431
4819.82775988064,3719.29669168763
4609.32105038177,3299.65091111172
4289.31590193444,3772.43437406719
4634.7491376447,3541.98164460292
4237.5653893549,6231.03236259548
4893.93703215437,3826.08328844633
4536.43534814297,6749.79245423893
8946.49869726113,724.718412806687
3633.61955691438,5196.06960787231
8145.49293405104,1040.98702566337
3663.9245706322,1536.10517445715
4180.43551258007,4878.15265238666
4221.1751264025,3847.96351060262
4017.81930877888,5935.27978799542
3425.92532980723,3247.59320104562
3048.21971331847,595.823992052347
4221.74468271603,5713.23849520271
4564.36640763707,5277.16817093102
4171.28786089362,6778.49248589847
4198.40259399564,5333.65909545844
3732.12192244173,4242.20541620785
4015.09597759942,5734.60706250415
3823.43429488609,6494.22000853328
4389.24239299934,4533.29770307629
4174.58967813162,5603.04157083713
3379.55239161201,5373.83922435285
3388.38744342371,3716.56885245738
3600.29515693816,4891.16729133081
4045.25137830094,4881.61921974205
2880.10479340326,1159.36757343352
4250.76589379212,7631.13950732751
3453.97064415409,7799.07731634524
4108.59627542768,3613.47589632436
3721.32194303154,705.452440388602
4297.29806246232,3412.85983343686
4034.79427281295,6140.89738280285
2429.48960130027,3765.50081650116
4354.83479493161,5246.93402041744
8326.34215767917,3217.87007110401
4370.12387172319,5048.87538609365
3657.03382198307,5048.87538609365
3653.710261039,2290.26244202577
3362.671708091,506.200349973126
3763.88001839968,4250.33227129484
4345.03019702181,6798.38359694964
3969.75615690694,4772.95725994101
4101.07738588634,5029.26843377179
1974.00585402577,941.247311678224
4238.56429195634,4112.34487691664
4118.62681051136,2110.67412510664
8674.42775241018,1872.49223591983
3787.6563996563,1560.08815006751
3340.17025525957,3498.3347369255
4289.81950695879,3149.7857241342
4050.75300980768,5662.03283846927
4035.8286973076,4967.03767205456
2335.24696221523,3726.05941573188
2640.51613367194,1338.84224800369
4130.41582019016,5750.29245521955
3401.53642590605,5168.84703246304
8395.00556223965,2666.88629498662
4172.65430947454,5692.89239190046
4661.09803779655,2381.59093076699
4152.59766614358,4432.08053284087
3910.72592516755,2023.21011051288
4243.17432305261,3017.65191500858
2232.88907421734,2089.70325316965
3856.43692800539,6970.0154694483
4167.02901318807,4593.42560562564
3425.08663680912,2946.55535865159
4059.17785996415,8363.35904442558
3644.77212151903,3940.88341508451
7995.20725277534,4172.18862073668
2920.68142120132,2267.35933301504
4233.31870126793,5354.28893463474
4083.18394459214,1105.26377251711
3744.16623682775,5058.19553870162
3829.47455204609,6459.32557028809
3764.59052450384,3022.31220274019
9015.99019430285,1831.91441166097
3839.02695183345,5326.72553789241
3424.07178238621,4883.09709884757
4477.06646530978,6791.62045005014
4322.69449186023,6690.45994241848
4426.55019836443,5638.78890812548
4131.6680279398,5713.465568473
3029.73061825876,4667.19312718149
3626.82815887312,3370.52018277079
4986.54107262099,3281.52162646775
3450.99724686278,4314.26798538789
4480.82627351949,5032.16668366857
3540.58484497361,3120.40362695328
4217.92098183334,6126.29153954566
3969.3275095533,5604.97401933849
4235.72745920428,3034.92872346464
3391.37110661926,2979.91567804274
2928.44194834879,4072.278496085
4442.77140133673,4479.30754450884
7682.84946717699,1659.31642062544
4547.58368355569,602.018662922521
3464.43188079835,6076.16585512566
4021.45030567907,2987.98565909835
5338.67239330755,7050.88695923672
3673.13685179621,3878.48224270075
4939.62736880623,6731.54963295981
3900.11577488262,5579.22890017949
3238.96712326914,5354.85725209335
4069.08732791546,5149.52423887047
4210.22377996102,5028.58636825041
4556.39062291092,4497.72119930973
3901.28535456847,6465.63372493651
2106.28528086053,1239.04565998716
4428.75686658861,2672.22864823961
4186.64003825764,5946.87363329306
4062.5741248038,6300.2533444825
4803.89245590762,5028.30220952111
1725.73432430357,1337.81925543544
3489.98228465475,5397.59480955148
3608.7386349047,6631.41201218259
5009.0363994881,5745.40509421764
4261.01423470298,6233.0214737006
4153.67344154211,4745.67802192797
4157.12588847439,5271.76915507427
4224.40472589191,5522.79506111108
3644.89277988822,2573.39807304612
3573.45011940057,1356.68737391836
4128.12263493933,4625.59262749582
3864.15096980644,5295.86598446122
3970.38422827359,1905.56839658168
4644.5498390385,8772.66178553909
3800.29608691515,2495.14088585281
4573.88174330472,5179.87256030207
2363.7991660898,2202.28698400479
4131.12663055935,6393.5144931527
3798.18736231847,4419.35005262602
4162.7220949332,4587.74243103959
4084.26933111455,5515.91858900406
9078.17223572763,2463.59926690024
3343.58167881771,6118.9034125838
4054.46527911918,5329.1125557896
8215.55199211368,3569.37463067873
3952.5035015245,6447.22049299086
4013.42049054992,5849.5209372051
3062.37970732227,1625.67204821879
4064.54885443183,6060.9350318061
4143.01728072464,5008.86566786577
3400.04248096819,5003.5804000718
4184.32756318859,5391.28665490307
4008.56873944898,4610.53221484279
7781.05626040213,3789.42681236632
4075.61068709881,3376.99895951336
3663.55841413362,5064.44703074628
2241.64398303007,748.303587338788
4754.57820816672,5562.74769387995
4409.27384581606,5682.03769758321
4582.18192406175,5195.67170108023
4420.79800748981,5544.67528326737
4663.44329662593,4061.65087503804
3917.98012324203,4179.57674769854
3376.23188972204,78.2004758620905
4784.72790582052,6438.97988984109
4002.71856489484,6206.59471187547
4081.08929306245,5366.39401193198
3219.95004236812,3673.66088433272
2623.57545212494,1216.48347802331
4138.74582855649,4214.98326365383
4221.07528169019,3840.85954237006
4043.79449792612,1321.11065872417
4383.22927529832,2940.4176146697
3556.65880215948,4545.5165284363
3176.2885574101,3148.99012197768
4286.63869151241,6174.54143806806
3609.20050748568,4758.2943312248
3692.64938482459,4461.00763777071
4321.73690385311,6526.78451434029
8582.88025288688,1275.47485136926
3075.98521744157,8234.97680709515
4459.42248562928,6180.05420198758
4351.39301892407,6226.31541226011
4157.5965522783,2839.65480240249
3948.12507666059,4023.51694270775
3982.82979134814,6436.99077873598
3198.56458073466,1642.21002283591
4717.3562239789,6470.23735006436
3915.55101985552,3511.06500571272
4233.21944309077,659.475547416089
4754.93770957801,6484.10404234116
5013.05384302319,6663.52194859376
2871.35507974531,3733.44754269374
4176.77164697105,3215.93783403028
3818.2845964075,3030.04115103511
3996.87490882512,6982.97302293344
4483.92841092633,6884.93826132411
4626.88211482654,4263.97189030136
4560.78221314561,4703.50878192844
4477.49161283473,5240.00046285141
4534.8927111975,5996.03309346238
3723.11582824037,5195.33045689192
3704.58344445253,3783.23240578068
3838.82239677189,2906.88688461202
8203.54351920307,2136.19153671247
4486.22401044722,6536.04842719975
3548.4436355425,5935.73478024651
4180.36853469208,7561.57728125218
2674.82147730078,675.558952637368
4202.70951162676,4563.07770704929
4271.78504422691,5967.38972440659
4448.98185269016,2282.5901563346
4523.13572536733,5490.4009659706
4113.94261120559,1525.87546020226
3360.18415784427,5098.7164889291
3827.1363934118,6162.32261270805
4493.93964540408,6398.23144348807
4018.86716809051,2396.4240587221
3753.95250014742,6090.31712898702
4490.67925407527,7236.44303232645
3548.844196677,5017.56084041138
5117.44727507264,6814.06898966503
4067.24660049412,3048.90937523184
4490.00333992713,4191.79557305855
4094.98737049739,4910.77424365268
4471.81732155754,3659.85043180442
4775.24905658329,4784.0394503838
3164.11280248041,5583.71877724457
3898.43170287989,6764.45496009988
4495.47156822179,3315.45026331751
4260.14329906108,6244.671981602
2597.49114588974,2726.3892174736
4297.01876074499,2798.50866068502
3993.32415175056,6280.81680282716
4442.96655883333,4137.74875188733
4557.88946180293,6439.15030050762
4123.40168349904,3473.15835808035
3509.73707697391,6854.13537049667
3359.31970396435,2722.75202802405
2809.3136456356,4065.68618270728
3806.36410034458,6083.44023402475
3928.57212700169,1723.93409452605
4671.46440727808,5657.20214007112
3154.88295903098,4511.87205031584
4339.03155935601,5401.80052788726
7801.94890425634,3378.87453398334
3787.3477370808,703.235991728661
3674.10810692353,3718.50087810349
3893.03729855084,6442.84436398855
4121.78280502475,6667.32976013747
4075.99618497151,4290.7398963148
3691.60513940467,6195.74001755822
4807.84418435285,6451.08496713832
4359.08205425879,3810.05707439788
4097.46645792381,6166.86915237689
3284.23638285258,5856.28366124935
3692.36493511,4471.29443748461
4243.88345122317,6759.05594424313
2430.13765986964,6625.67175213753
4130.61536606281,4617.46534955357
4354.85106316466,4264.65395582274
4914.63716905546,6383.85309635642
4214.21657538359,6558.66737748117
4789.9313187883,5579.39973370127
3953.85534093268,5184.53242517843
3746.67549101237,5780.92493538045
4399.84666548844,6822.48042633659
4366.45571231579,4478.2846576544
4751.32268033915,6934.72312441104
3312.26529668553,6098.61439474055
4740.13567940184,4805.06719635218
4650.49661214777,5029.95007643791
4531.57293139848,4792.7346229294
4047.95756971684,2624.26248559126
3786.42543306446,5689.42582454507
4047.98816470548,4454.64239766329
4583.54893902341,6253.82172354343
4821.9970312369,4918.90109873968
4822.78150838119,5201.52528633281
3843.56634547191,898.680376314247
3807.786553218,2965.36670881693
3745.52467925525,4646.6203734642
3699.61410397107,5215.10824273557
3570.04214889359,3980.72272264586
4137.30175383078,4575.52360567958
4141.01623444437,4953.79553698486
3940.77513985455,6060.42337695126
4781.04393301961,1646.5860461244
4286.51698377579,5855.54493312421
3963.5887895399,5840.31410980465
4420.411920915,5536.7188388469
3896.07349577645,5315.98459163793
3541.06421129613,6026.09725616468
3932.23180740517,6257.00455502477
3981.00542183129,5063.4808064956
3455.8009592632,4088.07763686316
2150.37864215271,1669.71665126067
2931.50152067908,715.000141979019
3973.58529615879,6227.79286851038
3970.75589362062,2996.16959964436
3837.23077557916,979.722382483009
3667.23264980135,4277.61150930788
3551.3059082543,6034.50826998098
4942.82813235329,6199.37699558014
4218.43293930676,5123.72245710771
4254.16633358015,5335.76195462633
3344.28699788949,3677.58202108394
4611.53432925051,4742.38144238386
3406.1601859272,5057.96846543133
4021.71243099967,4060.9121469129
3632.72440332189,5814.85357223021
5091.21148645803,5028.64303085417
3530.20118054256,1068.26626367641
4224.32323824151,6185.90778724015
4654.3101378985,6266.32470763274
3884.73655950053,3346.93500823869
2869.07651741481,3077.95043965207
3968.01835126327,5085.92934611049
3308.34615466172,2872.90137373087
4599.07508232379,5702.49712609298
4036.15113848709,4194.92131908087
3531.61169406586,831.334757469574
3929.64413924657,5540.75414651614
4414.58659646543,4542.67494114327
3332.94504255222,1164.53919887854
2903.86971149108,2285.2613329611
3742.02968361842,4297.50262035905
4250.54112184482,5241.76207783099
4035.60635223264,6070.25518441407
4557.19727085058,4785.28941050853
3194.3419987942,2301.85607589578
3456.1221037901,2203.87818831783
4317.24751554761,5056.60433438858
3626.79347896231,6539.5716571589
3284.8441404336,7272.87201228092
4293.32460819537,3252.08286668307
3750.33184965118,5978.35858964187
4310.96473145607,5730.91299902322
4119.10361191691,364.632455177589
3273.70606019731,4890.42814035042
3983.16150598814,6042.01014500561
7698.32508481571,5695.90481271526
3494.70232262524,5792.80293940739
3055.35469007704,2220.58667931529
4059.38642567886,4477.20468534095
4256.30100649151,6149.70630341123
3517.87578178251,3545.50529741733
4449.16538800899,5182.31624080302
4133.93086880713,2304.52725252227
4911.10002561842,5862.535153294
3478.57920582373,5720.05830470597
4414.19880519575,4728.34433944053
4041.44318429185,4754.82776386941
4243.44877672158,3081.24659634093
4512.67498908011,5105.25213970305
4216.65943661081,4594.50557793909
4861.07400058689,918.685129714375
2250.10476223164,3895.70217712543
3887.56508720893,976.653510492068
4521.7195220188,5293.99062141887
3852.22381723001,3650.24612046715
4740.38005023275,4651.62148252887
4318.22826652088,5962.16154207163
4543.90551247268,7434.21750792094
3809.16751281162,5744.21179669668
8002.63257031211,3070.22127992952
4157.55401040221,4462.76967560554
2438.28299462074,4024.08526016636
4410.64182542357,6598.33585152074
4392.60548225588,3744.64348119931
3072.6792350201,3088.57784927141
3707.7760201276,6594.41429191426
5490.6046199137,5022.39153880952
4572.73485753527,6587.3103236817
4990.0757683452,5478.58004740267
4831.33584971549,6089.46465279912
4174.33508874249,4768.01281348009
4720.79842776053,6866.75210264875
2629.09988578115,1316.73463543568
3424.67941934817,3598.13132494203
4014.1773942815,3363.75724729892
6878.90384619743,3126.59845639417
3347.1563764417,5269.95087749094
4508.5347899888,6299.34420569083
8894.35518517818,7345.9574683154
4688.19730309963,4166.73294227617
4904.62279815177,7455.13108297129
4528.08700167402,6321.05401718059
3979.025998577,5396.62858530081
8207.93036670319,3228.83872491166
4054.35724254299,6252.68508862622
7116.52092720313,569.965547685827
3106.86041752781,2372.44118882555
3621.92235984048,5166.51710002486
4100.10527266979,3399.04980376381
3755.29676382211,4710.15818076517
2917.24723649356,2111.18556853386
3393.67580115489,4342.2292889223
3810.17868473601,4937.25766808156
3726.70843989576,6739.79023610958
4058.10791274656,1140.38581260165
4025.9578541629,4005.10328790686
3933.21722937564,4703.50878192844
4020.73671717964,3957.02380005099
3316.38058329302,4845.01982912105
3912.7923569259,5560.5881721083
3290.56895914294,1368.05372309046
4450.61405753478,6137.43039259221
5089.15850462316,4630.8778952898
3674.74317644085,3830.68691357418
2256.84420161936,1660.73721427195
3737.33961324776,2237.35204434413
3763.89679114364,5773.59347102234
4148.35224746356,4780.45871211039
4206.49731658095,6069.80061501824
4495.32007774798,6610.38426621421
4047.40121721474,4889.12109476668
4026.99575210061,3919.116940991
4040.01880113154,5829.57274069492
4298.83984080111,2671.77386741615
3792.97701322741,6113.78855545635
2612.6170311457,5134.12300488438
3769.93504990883,5371.50886905942
2416.11273958545,3550.7905652113
4115.67516590808,5512.0541148566
4049.37384909571,7618.97734457127
8774.15535827995,1983.82558377499
3283.13101394862,5017.95874720345
4983.08512537959,4703.2812858029
4374.19448265757,3705.48666201459
4328.52478451859,6442.21896107094
4539.05148825498,3942.7021155231
5388.18057574338,4274.71325941109
3885.24319058589,4908.38722575549
3767.87909661332,5233.74897080676
2858.38327317715,3797.83824903787
4354.87062839946,2057.4795686957
3673.26540436932,5640.49386050129
4055.21034153073,7637.90180851651
4556.97818411401,4039.54357961146
2960.92846748039,3937.53059579189
8285.46881669602,2811.63683626432
4142.84483186617,4403.72132251439
4150.99087299325,4892.41725145554
4388.71956759778,6545.19816914118
3643.61193030439,5597.58589237663
3966.54412240203,3845.6902407682
3608.51872138988,3013.10537533974
4269.22288004631,3375.63503989824
4630.90386087333,5662.03283846927
4611.63213801574,4914.9795391332
3298.3956564783,4951.40894194293
3873.28449408204,1457.67736516968
4228.37198270939,5093.14706240582
3591.33460955603,4702.2017363447
4464.5826320116,5078.6549672114
4553.43698690394,5575.42151149104
4107.9413906373,6479.89874686064
3198.63606861436,6279.16893591036
3565.31496318024,5698.40515581997
4142.81737475213,5626.9675667023
4623.37774652519,6973.70953292923
4014.52106526283,5650.72357475618
4088.45311508342,4204.8102120027
4397.6358341257,6658.06584727801
2865.69210539566,3393.87807260498
4405.39528878561,3610.4068129058
7920.26202748152,1883.57442636262
4441.56989719343,6269.56420171784
4447.03352282156,3610.12265417649
4865.14317651585,6026.72223622704
4221.79162787364,4372.46386229113
8929.11067507248,2129.4286012406
3364.00739817838,3111.65158037629
3080.17036626576,4724.13862110475
3662.42649351382,4550.57472295998
3877.90889451267,5340.763063691
3928.10607567188,949.487914827994
3762.60740295623,3626.37678720574
3891.54292104145,2575.8419649747
3007.07855950991,3686.95925915092
2082.34643818306,2624.43310768541
2478.16819791019,2496.61855353071
3801.85962312995,6601.23410141752
1701.00753911172,4384.56893958836
4171.89214282161,5415.0422401017
3864.64083615718,6365.38277895176
4105.82400478722,5506.37094027055
3917.46947024232,5305.47071865374
3981.00592286348,6159.36770020751
5213.47458185297,6571.62493096631
4265.15284614365,4595.18764346046
3512.54699325334,4162.64097200317
3547.22465712837,4346.037100466
4490.69321201221,6804.9192477236
3093.48230085065,1934.95028233497
2589.05163368104,2400.00458556789
4330.74511912558,6221.54137646573
4274.16412934858,6626.80838705474
4723.28442592003,5070.86893345746
2192.13120561707,3115.45939191999
5294.8171678491,4605.24652419357
3227.76874861629,3361.42710343312
4072.19607564136,3776.81050306949
3612.78678077111,3641.0392930667
4243.17230251887,5659.07750311347
3734.84261967106,3977.99488341561
3840.99125830125,4679.07113120844
4111.82087954113,767.114884647227
3243.52041779258,4768.2969722094
5108.78048371824,6592.76642499746
3146.0624318432,6721.09242257938
4346.87680336418,5596.27842393764
3152.91349386492,5130.88351079928
3535.34315160328,3970.49300839097
2051.47817322857,1999.2270291887
4309.03624251223,5244.14909572818
4052.28645027963,4754.03195028526
4438.2928053418,6631.86658157842
3718.69977793671,5556.4962018353
4220.08245478135,7004.45533829765
2671.28534816383,388.558636041925
3485.66007281933,2265.93853936853
3845.49286779879,3032.08713617161
2456.34076246993,3694.40447157179
3986.68129328051,3582.38884676763
3502.45190706942,5024.15357664434
3604.47330537766,3867.96836971656
4668.71398045337,6362.08619940765
3726.79543832322,6803.38470601431
3831.96784792,6269.62128717685
4008.61221666541,5689.5962352116
3454.69797499939,6164.88004127178
4251.34964125323,3822.33256236164
3245.82565187716,1646.0177286658
3920.61078836634,4854.96538464663
7134.45453764813,2158.52653969222
8768.20040723757,218.120232849179
4095.52291943047,3235.7154084463
3712.57702707167,3154.10497910512
3613.92990697452,6563.156831691
4056.19375575372,5283.41966297567
4317.24475076936,5258.81160158913
4520.40949722462,5000.79547538253
8320.57895238449,3986.51964529468
4903.03090345582,5336.50068275146
4329.87861618,6988.76994558226
4360.33155815657,5418.85005164541
3974.5775880305,1592.65276158833
4434.2466086964,6476.48884210901
4418.2583688011,6804.63508899429
4721.13028767664,6719.78537699564
4081.96385587398,5000.3409059867
3866.72572850115,5866.57046096325
3869.88949712042,5639.07306685478
4243.02089646095,7063.44702878504
4436.04430286111,6322.41772536809
3745.37665546302,6077.70039683495
4238.60353254327,3328.52156486542
4108.85657779984,4795.4057995559
3742.17025810038,6182.6116305513
4117.94036488159,4523.23839948794
3271.45069934075,1328.78294441534
4135.60803922329,3943.78208783655
3563.99006954848,2434.27404375071
4242.65113003911,4820.58217840104
4250.17469807605,3535.3322457662
8367.22716266254,3605.00779704905
4334.98980768833,4602.12077817124
8438.19127898471,2251.04853738203
4820.85504936513,6157.88982110199
2592.82882736086,4931.40408282899
4605.07742280439,2928.31232594484
3791.18141777344,5863.72887367022
4137.76729619208,4954.93217190207
4287.76451975055,4737.1532600489
3635.8055166232,5321.2698594319
3560.03550497677,1604.75794459937
4349.57041522104,5793.37125686599
4194.09718373155,4705.55455563732
1311.493532908,2391.99126711603
3729.25614051349,5490.00305917853
1460.06774798832,1016.20844789649
4936.59879371867,6226.94039232248
3737.32514273796,4087.50931940456
3548.22646777791,4907.98931896341
5010.35701367899,6387.77423310764
4200.71843946193,3452.0168640492
4152.81148335257,6736.15283523241
2307.72489085669,2124.82518754037
5001.01197073148,4612.69173661444
3589.88229164784,6648.23403981519
4260.9751775703,5709.71484238831
3507.33374644293,1983.31414034777
3390.88423496701,2164.55053561133
3984.43000788852,6169.54032900339
4839.29124198542,5438.3432559045
4243.03564843722,5234.31728826536
4351.08691914077,4961.52490813504
3514.20674568874,5231.93027036817
3967.17232524055,2849.94139068876
3597.01347311191,7155.400286161
4282.77695149367,4637.64061933404
3465.99371072149,3440.82113697126
2522.70809101508,2154.15041068991
3559.18367549291,2656.4861700652
3130.77028211775,5489.94639657477
3701.35108454368,4397.75398919904
3534.29242125613,5610.54344586177
4017.32267937993,6676.70699820444
3851.97155354521,4112.00405558358
4661.87490011122,5459.02975768457
8629.79163339621,2518.04399486354
4088.48003334204,4636.049415021
4479.90194078146,6750.07661296823
3747.96183167711,5646.11994962833
4524.57070133794,2685.07245366197
4176.48140618478,2992.07762937136
4714.26985502025,7433.70585306609
4796.66740539045,6875.33394998684
3907.76959743463,5756.48728466044
4442.12334522651,5164.64131412726
4411.60192629736,2649.83677122847
3556.03831961611,5057.68430670203
3507.04346888324,1788.43812607769
3680.16727520051,5453.85823795336
4183.10391236729,2650.80299547915
3346.61564523237,5029.04093764624
4130.58538881583,4183.15748597195
3646.00953725682,4223.7921842622
3977.69415689,1792.01844149586
3220.82555444983,2107.26422035501
3747.43604109611,5175.15518711145
3705.27587050857,3457.35900587456
4704.03136079388,6797.92902755381
4367.67087846456,4747.89420630338
3897.70125664731,5093.31747307235
1830.11619451182,2332.48834462906
4110.90627123413,3176.15561192794
3696.46075279096,4310.34684863667
3387.48732102123,5489.71890044923
4485.93664535858,6321.11067978435
4651.7065856295,4021.18701026958
3273.24447284557,2135.96425201455
4217.13554846655,4607.63354209076
3749.21230867709,5120.14214168955
4677.53076358762,2725.25258255639
3906.54322718375,2355.90310849463
2816.86458119466,1022.40306590976
4318.12617443373,5445.27681347053
3899.97592398434,6765.76200568362
3768.32715296314,5338.14897252352
2703.30777882877,5164.75506219003
3699.45774572648,2801.2367113429
3845.45464090115,1715.92077607419
2440.72055574546,841.337134169637
3732.15555209469,1095.09082657979
3958.74706611823,4711.91979574475
4132.00914077988,4571.26122474005
4475.99445094195,7435.06998410884
4282.56350101103,5134.80464755051
4037.88515054729,4022.83487718638
4098.36167079225,5397.70855761425
4317.98543958795,4443.27604849119
4496.85077325654,6750.07661296823
4243.01863528607,3241.22796093819
4117.87980079532,6766.04616441292
3806.52684286405,5564.05516231894
7373.50307191587,3658.20256488761
4569.0361203866,2859.26175472436
4343.79457694479,5701.41715377953
3740.23998755443,365.882758872211
2973.24028886823,4205.77643625338
2727.096848582,636.23135278777
4066.77301938944,6415.05347112068
4032.01046437526,6411.75731443182
4452.29411276155,5474.54516258868
4423.8445157144,5560.98607890038
4402.97767867586,5763.19334610093
3928.09085575342,4985.22383072991
4038.64145710727,2835.10826273365
4238.99431400526,6099.46687092846
4719.83452086347,5084.11106852716
3203.35905687334,6048.54579577957
3431.38455516564,1751.89529234664
3004.23074530144,39.2139021660664
4437.47323007814,5185.21449069981
4006.47125305548,4853.9424977922
4326.74872163807,4545.17570710324
3730.03599995877,1763.26164151874
4593.78203673356,5923.45886942749
5134.57158300577,4561.71357600654
3940.31356769892,5189.24979836905
3074.22546886715,1325.9982311537
4256.57892458422,5578.77433078366
4264.78312443803,4942.71334654207
4710.73308253317,6508.1437862691
4512.39061373155,1330.9425719008
7383.7024449582,2512.47456834026
3522.08404481671,1810.5456329319
3594.67184825936,3482.30831144942
4153.46247006991,3516.40735896571
3157.66529406497,5630.71871564224
3114.89537602797,4536.53719716139
5068.75104659085,3743.16602494904
3865.90893201262,6828.27692613015
3970.88310147556,5569.68125144598
4360.9430137519,5127.41652058864
4196.4989930684,5373.0434107687
4219.21351145417,6742.68848600637
3494.23421294284,6603.05280185611
3747.28005512629,4770.57024204382
4442.32965139919,6481.20579244438
3720.71598036851,5065.81116178903
4207.50234303179,5337.2394108766
3425.4025142721,981.995652317428
8723.34833487252,660.043864874694
4183.25015580225,7708.71484042707
4474.71233550707,5314.05214313657
4061.47810067439,3699.17808451092
4362.34417052679,3438.66140377199
3755.34418862965,4221.348080906
3446.27124519057,548.653642988145
4716.17696387348,5332.12455374916
4269.48728324177,6309.40350927919
4828.69661276779,5664.76067769952
2631.48082932457,858.159320372959
3750.99927539399,5696.47313017387
4486.8280159914,5656.29300127946
3817.53355664759,2643.3579944859
4019.38737102592,5023.75566985227
4379.94827978702,4535.79846903626
3423.81205881977,6111.96985501777
5097.72146141026,4978.80150516348
4286.52814338264,4587.5153577693
4575.83707539196,4889.97357095459
4207.83654361964,4981.30227112344
4311.84874287201,5390.71833744447
4843.40931782762,6089.80547413218
4425.99716549514,5961.25198042471
4055.21558117232,1490.58300945119
3575.61369601586,5918.68525648836
4310.5957331734,5642.48297160641
5772.64878190377,5871.40115936139
2609.00898565877,4479.98961003021
4464.09878013447,3966.74185945103
3934.3237194332,5764.10290774785
4598.15827773678,6955.58003685764
4449.62786688398,6789.57467634127
3415.63210483828,5666.0110606795
3764.2396075707,5224.37173273978
5261.30714977888,6377.82867758206
4815.18980724774,7522.24920569042
3975.5756038326,5125.14325075422
3262.60856378348,2708.54409155893
3296.93303674811,6637.49309356071
4355.75965088307,2878.357263619
5285.87465778718,3862.11478446398
3578.95533879201,5452.55119236962
4082.439748773,2332.94312545252
4548.52158663277,6042.12347021313
8531.82222704053,101.899312564489
4043.29043655977,5322.12233561981
4299.70415006875,6696.65477185937
4576.84361361186,6822.25293021104
4873.02852325448,6445.51554061505
2081.60876431963,1196.76288335248
8524.29652621253,5817.58141146046
3484.16197332062,3661.89662836855
4160.33427772268,5602.47325337853
3929.92344174932,6860.5006106041
4269.90144176845,2679.95759653453
4580.77786905267,3551.64304139921
4099.20497269809,6038.77065092051
4000.25681861331,4065.85659337382
4583.14723618981,2876.93646997249
4408.30764999235,5354.45934530128
4424.90822551541,5508.13255525012
3624.86020076086,962.502448058333
3430.98135588654,3160.92478860838
2809.10786146121,3232.58966242398
3519.17941626577,4025.05148441704
3950.73675391118,5519.21474569292
3042.04821949295,3095.28412213952
3958.81430138279,4687.48214502474
3658.71430026557,3781.75452667516
3977.0901664892,794.109963930957
4350.1057903318,2796.40601294476
3421.47625687022,5262.56275052907
4374.50035239037,3956.62589325891
7961.89328520849,4417.92925897951
4430.77115747616,6261.26693596431
3915.40625118921,3990.32703398313
4471.54906587985,3723.84323135647
4642.77304338386,6906.93223154316
3397.37221068781,5062.45791964116
3865.29586853959,2550.66537470193
4911.18684357957,4986.98544570949
3161.34087892537,5473.69268640077
4121.47389232247,4879.63010863693
4491.8313319038,5360.2562679501
3214.12011819135,5501.25608314311
3497.28542924205,3637.40189218953
4580.76368207226,7066.68610001488
4538.63547499095,4997.38557063091
4441.96752224853,2664.44261448567
3486.28636875235,5182.88455826163
3532.64926041665,5173.67773086118
8260.70108325281,5086.61141163186
3602.03709000098,2995.31712345646
4870.07797265005,6415.11055657969
3376.4346166989,3985.32592491846
4033.09393667213,5199.99074462353
3349.91128209086,5586.56036453759
4534.780203619,5060.52589399505
3627.83455475139,3908.83056413235
3633.45131605183,4379.62449312745
4528.70578441272,5423.90782331384
3380.17081917967,2480.13734723117
3355.70113860313,6207.10636673032
4460.00608426715,5195.61461562122
3923.87573520761,3070.96000805466
4514.94784512244,5297.1163674412
2631.42073601914,5003.8645588011
4245.76275845712,6103.78591447176
4320.90940918878,6999.90879862882
4048.76934039568,5392.76411115334
6517.99472885334,3817.55852656726
4243.39496296485,1973.19817415565
4189.78765472204,4388.83132052789
4013.64315756849,6456.6543936616
3491.02857230212,5823.83290350511
3664.3514050418,6928.41454690738
4380.20427631035,5324.39560545423
4333.37368738507,6020.81156551545
3447.35047784197,4397.64024113627
5365.93058500148,7612.72585252662
3655.39080350713,6815.60353137432
4029.41360819899,5184.3620145119
4311.25383620683,4074.77926204496
5298.02705010601,6000.46588506845
3186.75075931305,294.388427865412
5177.61963254379,2441.66217071257
3993.67573701949,5969.37883551171
3741.12845737125,6546.22105599562
5169.92874155284,2380.68179197532
3934.2577028081,7265.25638919352
3296.1401132034,92.9767297858163
3982.37870033377,4821.60506525548
4151.96207743312,4659.6345895531
3852.7962505268,2805.89678764689
4249.8911596904,5129.46271715277
3979.53513366849,2234.79461578041
2031.89186891499,3401.72076896268
2607.97791161174,1967.17396680892
3284.13720887915,6713.19264076267
3701.54386145646,7143.18146080099
4254.18801782876,5839.91620301258
4780.54576329792,4717.60297033079
3914.02738289032,4185.71491453568
3425.01423263391,2465.36109330744
3720.48397716625,2877.16375467041
8074.07429082535,3640.30056494156
2529.83744913055,4689.07334933778
3859.99704073933,4613.43046473958
3513.79171653026,81.0988975438202
3168.78366694139,5716.25049316227
7609.3796952512,703.861130361746
7365.41122258115,737.619197974254
3919.02967433643,6228.1341126987
4175.72876335651,3757.60103468445
3425.31446625064,6911.30836054547
4376.71155784714,3530.38779930529
4217.19377263334,4923.22014228297
7774.96849790313,3659.68002113789
3647.20151539844,5360.48376407564
4182.72764143735,4535.40056224418
3883.59107417791,5270.97376434538
4226.45426879022,2017.41318786406
4582.58662260403,4750.90620426294
4617.29215582976,5954.31842285868
3524.03752475663,6711.48768838686
3989.72047433181,4260.84614427903
3900.97623105327,5535.07097193009
3543.29170210946,4502.21065351956
3527.1605514438,1940.57679431726
4048.0720375334,6803.95302347292
4211.42633478714,5244.20575833194
4197.38088500759,3956.17132386308
4196.83360003206,5774.6734433358
4230.31607209954,4837.00629924157
4183.47591992731,5480.45541044502
3917.58593749883,5033.70122537786
3786.53590427285,4577.62646484747
4271.97895621385,5093.60163180166
3437.41828982154,3326.81661248961
3683.11458809214,1139.41958835097
3166.57157005922,1478.76198516944
4269.81467462783,5607.7585211725
3742.93105923077,2790.43867962941
4709.45754211063,6257.1749656913
8759.30839315357,637.140650150156
3804.1157033329,4709.98734724339
3600.53083722438,4906.22770398384
4045.47090613243,4112.62903564594
4290.40628296848,3673.09256687411
4280.72892699386,3571.93205924245
3748.5453905685,4238.22719399761
4956.18715811445,6330.8858246434
3963.69998215842,6528.03489732027
8392.21440076382,5351.56109540449
2809.20603440293,1427.21561281675
4055.30715480813,2158.92423505666
3407.46398465989,5955.96671263074
3232.76469740897,6601.57534560583
3657.57234242376,430.38679042386
3348.25543552495,5756.43062205668
3460.62190645423,1545.08461144587
3801.4003230847,5628.67251907811
8094.64204196247,1199.60447064551
4079.02418252391,5233.52147468122
4342.42337890166,7388.18379377394
4180.09816487585,5295.46807766914
3872.06455563838,5344.91169656776
2459.67455056727,2.27326983441936
4420.91999385746,5855.60201858322
3748.20964973407,3789.37014976256
3278.13538864362,5950.28353804469
3740.62358574327,3213.32353143517
3878.44407760909,6096.39778750989
4129.65423074973,1731.83366491513
4149.14834645874,4724.99109729266
3995.14300549006,5622.3643644297
8395.27570925,5546.49398370595
3841.04362799553,6122.93829739779
5755.6638153454,5842.24655830601
4371.17943328844,5039.8956319635
4331.46462610033,3090.28280164722
3561.13595778098,5363.21160330589
4147.18846085709,5721.13785416417
8801.9053375351,4976.98322758014
4413.03595267697,5944.25954212558
3530.89019920696,2503.8929324298
4847.52975613801,6180.85001557172
3245.68302825153,5360.65417474217
3977.46388249382,5852.02128030981
4370.63498972297,6206.08305702063
5755.81594634626,5290.637379271
4708.20029420506,3974.01666120537
4509.97776040895,4522.67008202933
3644.23358875556,6371.97509232948
8234.40281682973,1680.96925236999
4566.27524791618,5065.07243366389
3588.3062370433,6148.34217236848
4762.83151261306,5947.04404395959
3734.0631639204,6124.30242844054
4256.67895875434,6070.99433539446
3185.56032884185,6700.12133921476
3926.48304442929,4001.06840309286
3735.84890138616,6052.01236313496
4930.77555508071,3551.64304139921
4137.59479590308,6025.58560130983
4090.60604288092,4671.22843485074
2785.45486852159,435.331157599412
4602.64484499099,5532.51354336637
3488.77306447075,642.937519942069
3405.98194485512,5909.02385969208
4078.29837383104,5250.74140910589
4144.02082004911,5706.19118957391
3682.94380822141,3330.05589514708
3439.34838961305,5154.75284406069
4446.88780427957,2027.07458466034
4134.95808171118,4458.67770533253
8753.45772360746,1110.60591434247
4556.10771761798,5927.5508397005
3805.7387681381,5980.12020462144
3933.00703035955,6134.6458907582
4154.98959002979,5155.77573091513
4312.60206075974,5672.774207579
4282.23069592535,5034.04204671092
4405.21262262141,5409.18865484912
3861.37118235649,4158.89024591848
4998.85710812148,5659.87331669762
4119.0951111137,3430.25038995569
3767.95683721608,4450.15294345346
3693.39923397668,5519.44224181846
8437.44205673702,2858.40927853645
4446.96559999423,6655.50841871428
5080.82675592333,8043.51048614908
3262.26759291769,1229.61154788879
3652.65984956046,4239.81839831066
4994.44084505319,5483.29699773804
4469.71685637202,5051.5461398649
3520.23008843814,3683.322281129
8460.68511526427,1243.42168327565
8519.06863299099,25.4037899041028
4565.25446029542,6804.52134093152
3498.05251023145,6948.36274341756
5587.41851974588,7412.22311484663
3741.33730703077,3206.61746999468
3421.42417600549,550.244953015002
4667.48306686584,4665.88608159775
4518.94332185323,5526.60287265478
3734.20056336164,4953.51137825556
2416.05748898017,338.830858414001
4099.39112750525,4459.13227472836
3105.08683983955,6133.62258104851
8702.99112092512,1215.85828653332
3972.04820352892,4863.37639846293
3660.56854708898,5081.61030256719
4853.232118071,7058.9004891162
4103.73173039794,2614.94212155566
4240.56120116597,4152.80916454036
3852.52723465685,3361.25669276659
3814.00784743133,6472.6239451063
3619.76502037378,6371.35011226712
3667.43965215998,3284.93153121938
3911.55809573949,6145.21642634615
4233.01737748188,6464.61083808207
3792.26596478802,3739.07405467603
3499.44835261205,3598.2450730048
3667.88203764378,5656.12259061293
4820.41768332663,6372.82756851739
3932.32986281241,5136.90750671839
3299.9835309002,5334.22741291704
3430.38125473246,5493.52671199293
3491.2288918131,4296.36598544184
4048.44323738503,6741.83600981846
4154.70721668778,5529.84236673988
4801.34602012421,6901.30571956088
4119.26662668832,5314.67712319894
4527.28484424842,3518.33959603944
2777.24891589439,6038.94106158704
4383.77234916492,2587.26518817818
4369.35383418387,6242.2849637048
4543.40656044891,6653.06473821333
3719.49032747937,3481.45583526151
4219.11005032668,5059.67341780715
2548.15776133854,984.212153834275
4373.93020614507,6359.69960436572
4107.24351186454,6523.54544311044
3670.01582560396,6901.13530889435
8121.36899411413,717.443928193783
4431.93594845864,4064.60621039383
4054.86850794669,4345.35503494463
3708.33081645371,4859.79608304478
4046.90625321867,6353.33436425829
3643.66251349008,4382.75023914977
3593.2170193268,3204.91251761887
2702.14163645709,1522.52242948202
4025.4120770327,3138.1352162328
3746.96522531997,6447.44756626115
3410.77899905726,2545.15282221004
4010.56101403993,1435.28569958617
4878.12746133138,272.565053312059
3814.20911787902,1625.50153183845
3899.74789974986,4432.762175507
1879.96353159487,1249.61640700273
4156.32933626926,6591.91394880955
4935.30092969038,7628.97956270061
3811.48646813728,1949.32884089425
4327.55901407531,4791.99589480427
4267.95155089478,3675.36583670853
4737.48045431965,6658.12293273702
3534.65657517534,1318.21230311358
2435.0653851564,3515.89570411086
5181.73033905844,2890.57608897901
4220.34520177479,5509.04169404179
4460.8009913723,5798.5427765972
2478.8901160949,2382.04571159045
4022.32711371245,1529.91055644388
4125.85466671292,6485.07026659184
3859.241986035,5135.71420919742
4360.56402309432,6702.28128384166
4208.51130621852,5382.81855562776
4108.66341703683,6145.38683701268
3636.9646930316,4685.26553779408
4593.40473405953,5755.7485565353
4501.81358711441,5816.21728041771
2425.52018990295,2494.97026375865
4450.9673797946,5157.65109395747
1781.38075972041,317.973602397513
4009.15078826696,4510.79250085764
3763.18119078034,7020.99363005621
3953.29734116923,1031.55301927882
3606.11377532355,5930.44908959728
7343.81188941127,3092.27191275234
3633.12051217307,4417.30427891715
4232.64425819199,4264.14272382314
8262.10805389383,6071.73306351959
3927.68458435647,4804.44179343456
4392.7192657481,5664.02194957438
4280.7624820768,4783.35738486242
4614.05553395917,5183.85078251231
4579.30760481069,4848.71389260198
3988.37994695024,4774.77553752434
4689.22791125698,3908.14849861097
3834.79653570963,873.162911851508
4060.26424676452,3085.33856661394
3859.1618199142,5915.21826627772
3991.61587164355,5279.49852622445
1418.39764282438,1257.45910336043
3390.66822133763,3659.16878913829
5001.61638420694,4522.04510196697
3931.92041047413,4729.48097435774
3899.73204191729,5365.99652799516
3435.47995610886,4376.44208450136
4756.9202848006,6606.46270660774
5281.02073826391,6499.27820305696
3833.64976308703,2794.07586907896
3915.89966030904,5981.71140893449
4642.93774231229,5304.95906379889
3647.54459551878,5461.47386104077
3938.08736200803,3087.32767771905
8291.29576496312,4853.54459100012
3999.80572414079,5427.37481352448
4600.16845072742,5479.03461679851
3966.66059091462,4292.55859675339
4139.06919810733,4553.58672091954
4197.57134006155,6854.70368795528
3665.40762952443,4989.94078106528
8173.76818844619,1890.11007713658
4288.74877588694,6637.66350422724
3755.9571196179,4687.25464889919
8801.46708850202,1338.55808927439
3616.09227928486,4510.8491634614
3923.09049801529,6265.87013823691
8087.29029918576,1089.63504240547
4044.042417972,5636.06064603997
3896.53831519788,5018.18624332899
4275.02359852296,3344.43445370636
4396.48751857587,2691.4376937694
4327.09840200008,6530.87648461329
8515.79680191129,8807.04499178468
4463.93147274731,5352.4135715924
1255.8700538724,1168.34701042224
2897.46619344568,3640.98263046294
5015.12206948776,4772.61601575269
4193.27987543349,5321.61068076497
4674.32362115377,3983.22306575057
4740.34655479178,5897.7708357275
3559.9576200522,4499.42615168555
4066.50511771822,4110.58326193707
3838.04188358884,2362.3818852372
4139.16459487833,4794.43957530522
4654.40625943169,6625.67175213753
3915.9520752188,4142.35195415993
3190.48029351465,463.178686642596
4041.30788591503,6168.74493827449
3619.04428944697,3643.76713229695
4215.80649004904,5656.46341194599
4349.44157540954,9263.17641491883
3695.3749185264,6865.50171966877
3919.97627434875,5724.43401085303
3500.73598407924,4676.91160943679
3819.44244651366,5417.59966866543
4232.61698605601,4401.50471528373
3966.6741091829,4978.00611443458
3954.22885177231,5186.40821107603
3568.02474313278,2834.48328267129
3751.00503258003,2318.56456689324
3081.08816931011,5886.17741328511
4287.6198589601,5012.95763813878
4336.1621302238,6252.62842602246
3723.22601765399,5396.40151203051
3633.99267319597,1288.88707996404
4071.01773758154,3614.32837251227
3475.63704920131,5901.2944885419
4126.93846231551,4050.79618072079
3970.74219507773,4610.75928811308
3438.4417710844,3723.10450323134
4092.41720052749,6295.42264608436
8032.9223428522,1279.33932551672
4067.7639770531,4691.46036723497
4060.14260861212,4934.07525945548
4674.01233107282,7519.29429318988
3636.18412407232,5223.06468715604
4277.01469715304,5130.20144527791
4128.21001001194,3564.43018421782
3541.81765523369,3897.74837368955
852.51643229689,2582.26386768588
4596.99972230985,6234.84017413918
1718.2853959256,1035.87216853593
4273.96157863578,4547.78979827072
3430.13938680867,1572.59113415681
4858.73720799262,7187.85188961574
4054.55113910904,6507.80296493604
5204.47748408877,5031.93918754303
5145.61682885885,7354.99388504932
3601.25896394089,452.039675025323
2833.02383812664,938.917273526232
3892.44285447326,6203.18480712384
4481.51323052671,6545.36857980772
4601.18568160933,4538.52630826651
3837.70616422256,6688.1300099803
3566.48700256058,3684.4018305872
3705.05077559624,3423.48745448382
4041.02003122008,6361.51788194905
3716.49011233861,1057.69562237464
1887.19338968235,3606.99690815417
3627.03574678847,5340.42224235794
3572.40412923821,1341.74060361429
3513.77968246991,6413.68976293318
4434.16364995732,5986.76960345817
3650.56777454037,5433.39880944359
9493.29121636631,1795.59896834164
3259.02908987773,2573.73910580681
4499.84954899621,2087.94142676244
3995.67726291576,4669.23932374562
3384.75745085405,486.99119872952
4036.08665229446,4480.67167555159
4153.37254491912,7051.8531834874
4303.38561999966,5569.22668205014
4157.61665165468,4490.38973495163
3916.35140430161,6182.32747182199
4195.26930869385,4811.9436684592
4078.09232618456,5127.13236185934
4438.96730486502,4415.31516781203
4443.95603616087,7313.1658892381
4233.74341164491,5588.09490624688
3700.18375213948,2176.48520224203
4436.59527076146,6361.06331255322
1560.6233580329,976.198835382422
4180.08579499438,5023.6419217895
4314.51496598472,5605.25817806779
4245.97775378572,5375.65792479144
4604.00683661053,6217.8473129848
4355.74612360192,6081.50820837865
4558.54454705641,6698.47347229796
2500.93095002497,2024.74444079454
4319.27399012842,6802.87347401472
8784.07762671549,1846.63379155331
3583.7523584953,1016.60624897475
4087.8879117039,5057.68430670203
4166.21811872898,6597.08546854076
4716.02743666422,4690.72163910984
3905.74431527842,6395.50360425782
3843.58169845926,5356.61928992818
3502.07969209665,2717.18239007315
2620.07318861751,2003.6600322224
4142.07025526206,4205.89018431615
3979.71629652255,5022.44862426853
2587.84773134962,1897.44133006705
3324.72879600066,1502.97224547772
4540.21399181394,2719.05796454312
3809.62745533343,3994.36234165238
3693.57514748291,2814.59217162012
2466.69942610708,574.227928625363
4547.34758458807,6701.54213286127
8926.19420604752,4055.7406271817
4289.70000513028,6454.26737576441
3974.99174588963,4718.11462518564
4057.14605569885,4080.23494050547
4347.83790795168,4414.40560616511
3306.79960477904,5183.11163153192
4204.99650149324,6358.73338011504
3881.43890697152,5183.22537959469
3897.3125712414,6065.59531953771
4466.90011561268,6896.07753722591
3990.63870687546,5787.85849294648
3243.04436172784,2588.62910779331
3140.1428940031,2667.17045371592
3999.13993800699,6040.64601396286
4682.1479597472,7219.62015898335
4192.97953557743,4244.47868604227
2503.0895616278,1886.07498089496
9935.32400916751,2160.51565079733
3413.74320691643,4636.95897666792
4257.79197748498,5805.76049289253
3944.38272403425,4891.90601945595
4584.87050571707,6486.03649084252
3911.31906093437,6288.8869953104
4087.12194649521,3540.50397692503
4361.92843653602,6562.58851423239
4150.27948965617,5864.86550858743
4114.49665182108,4518.29395302703
3221.06235063213,3710.54443368302
4561.56383462952,5632.08242382974
3589.98484202556,1357.65349245523
4264.20874189236,4929.35788626486
4201.51668229524,3219.46148684468
5068.06336353253,4096.1478293464
3365.81869624588,7337.09188510327
4119.34038918948,5950.79519289954
4505.62296400127,4790.00678369915
3977.33847541243,2935.98461163601
4467.32597346133,6396.01483625741
3936.80570721835,4485.50237394973
4445.56227541418,5778.19709615019
4336.23354437371,5561.21357502592
3489.77068700681,5610.37303519524
3100.31112717906,8745.38254752606
4952.31896908924,4715.2159524336
3981.20880829752,4689.86916292193
4820.05825266087,7016.6175010539
3590.52885185719,4333.87493770976
4489.28812913279,5738.58528471439
3893.22178819718,3635.75402527272
3851.01520898485,6879.82340419666
3610.03740111287,3986.00799043984
4457.22230318253,6424.82861597973
3588.84929220372,1171.3590083818
3949.04220499577,4415.71265174885
4843.17937473555,5601.79118785715
3362.81722351596,588.492686264963
3888.26942248851,1768.60388905791
3897.92712188733,5684.87928487623
4597.65672642967,6288.94408076941
2776.27919368525,1213.3008579696
3566.46714965422,2805.04431145898
3764.05072072646,5847.87264743305
4120.24288561273,4031.30297646169
4792.68559513275,5961.08156975818
4898.39985378286,1239.50033509681
4204.45356472169,5363.89366882727
4701.85350820825,5422.08912287525
8183.38536234051,3369.55395852012
4611.28176109449,5315.13211545002
2103.16561081635,1902.61306122588
4146.4872759068,4599.90459379583
3598.37627558634,5092.40833428069
4209.60169259698,3754.41862605836
4606.03055147817,5755.52106040976
3509.45048751534,5621.39814017902
3243.49213242459,4760.11303166339
2961.50785066502,2224.16720616108
3993.22315497698,5940.84963737395
2885.46392067183,2022.13034962706
5049.34817598254,2943.77064538995
4570.81494042074,4531.42234003395
3980.62063034665,4028.29097850214
3848.14034630368,4404.68754676507
3002.51570235881,5081.21239577512
3928.74212587005,3598.64297979688
3653.12088095197,4528.35325661538
3949.43303699056,5346.27582761052
4721.3561000465,8826.19695185547
4063.53421596367,6366.57607647273
3317.73721670449,4030.28008960725
4485.9752584643,6742.91598213191
4140.63569102292,5438.11575977896
8571.37742404725,202.491502737546
3665.86565564011,4310.06268990736
2390.46967474008,1493.02668995214
4779.2282150848,5735.28912802553
3529.65250869395,2427.90880364328
4073.60737595577,5759.66969328653
3859.42332758962,6373.85045537183
3950.31858896219,6160.95890452055
3396.5585367585,5316.83706782584
3764.52180181172,728.469297462098
4147.18222576965,4245.55865835572
3835.76026992983,2886.93889952946
4296.71714236127,4889.00734670391
5355.3853139881,6813.38734699891
3794.51324481587,5313.6542363445
4478.26509799443,4772.27519441963
5276.37581485356,5422.54411512634
4076.92689534122,6718.87581534872
4329.84885920178,6058.15010711684
3736.36403507837,2587.60600951124
3117.53006854745,1770.25196740234
4687.82964136437,3494.81129553872
4605.74923507392,5626.4563347027
4799.77635580097,6898.29372160132
4018.24024910995,3926.27799468257
4130.15543553917,5933.006518161
3805.19173578229,5493.52671199293
5302.540798843,6595.32385356118
3669.7845567447,4470.38487583769
3974.72231908146,4375.53294570969
3418.78309896528,4379.73824119022
4386.98599433758,5329.45337712266
3540.42750666112,2829.48196217899
4220.17177229649,4253.00344792134
3374.85800000746,2743.04083443967
3726.82813058436,458.063829515153
3978.44860959646,2889.21216936388
4955.36228172131,7222.46174627637
4038.62794519687,4937.88264814393
4849.19732027723,5916.07074246563
7143.06850055642,605.88318992689
3596.98750109746,1738.14203099117
555.30976885211,1403.80084895118
4613.18002813368,4074.55176591942
4415.36550683315,4983.97344774993
3977.22853512745,2747.18967874406
3171.1648678664,282.396940060232
4489.33745976579,5587.6969994548
4893.11558625145,2289.58037650439
3761.44788593414,6895.90670370413
4208.05334688926,7578.5126340923
3960.05171265327,2883.87002753852
4136.16989594126,4410.37072135112
3602.6405843155,3526.75060985574
4734.74545395955,6756.04394628358
3671.9928005442,5181.35001655234
4201.90554791582,4998.80636427742
2402.83753282653,1528.94443790701
4079.82838477938,7229.16823057211
3598.87972507136,5926.18670865774
4529.91978711832,5081.26948123413
5012.56339160216,3046.63610539742
1699.71492498033,141.567879103643
3725.33375031224,3915.30912944729
3760.71159394221,6159.8789322071
4907.32429858459,5304.90240119514
4508.52549788473,5511.485797398
4065.21489099897,6639.36845660306
4110.82815370552,4478.22757219539
3999.79055379164,2933.14302434299
8844.78792055533,3256.23149955984
1812.41474022108,3067.60697733442
4191.97475100195,5233.86271886953
5033.26679785834,9638.32260020178
4530.17045201376,4786.59687894752
4000.12497668097,3468.61181841152
3927.382408779,7311.46093686229
4172.95102942213,6665.45397423987
4940.40758578714,3725.15027694021
2921.80812609219,982.791360187763
3813.77120354964,4938.11014426947
4634.51801486229,3658.99795561651
3807.59674603004,5361.05208153424
8648.820151882,7431.83006716849
4252.60575482523,6446.59509007325
2258.83312394381,2996.96520180088
3897.27397214581,4817.57018044149
3514.90395539501,1304.7432004874
3879.14897103685,5011.53684449227
3971.07489981329,6186.93109694984
4006.05421955788,5083.54275106855
3968.13051218849,5763.81874901854
3600.81585065423,5823.94665156788
2220.42190055214,1731.83366491513
3881.91827952789,5013.35554493085
8408.21445847922,1997.91998360496
7763.68594018156,2167.96044036296
4297.5477277698,5205.50350854305
4540.71461193414,5060.12798720298
3839.25990419298,6385.84220746154
3752.43810495447,6136.80541252985
3510.45082715573,5127.24610992211
4251.70938970492,4791.8821467415
3434.77142423376,4840.87119624428
5360.6517026829,4923.50430101228
4148.10613523191,4623.14852413962
8531.95094346365,4989.37246360668
3917.89301701876,5378.04451983338
4353.00500855197,317.348463764429
3796.80539783848,5991.37280573077
4350.72482856723,6389.47918548346
5148.81101314752,3986.69005596121
3902.50244480585,5495.06125370221
4123.39818518824,4336.83027306555
7886.97650180227,2738.03972537499
3805.08195414133,4430.54599113159
3437.45697874042,5030.06382450068
4423.65368546466,4745.33677773966
3845.17660461558,3263.10818309448
3764.10116671965,2138.06711118244
3546.36453768456,2217.74509202226
4557.06838764911,4813.13696598017
4178.07697323862,5465.79290458406
4153.78279389244,4965.67354101181
3843.23055775019,5648.50696752552
4004.88451498829,5351.67484346726
1562.03543708938,1948.58990134149
4567.23708704902,354.1185821934
4879.44554043996,6461.2575959342
3541.61284839314,998.022289221135
3955.32378797329,1665.90883971697
4638.19471391479,2272.7014748404
3942.76685352414,5321.15611136913
4264.94801455662,7612.49835640107
4161.54637463809,7004.34201309013
3814.93400165483,4384.68268765113
3029.31067363251,2809.24981836713
3823.91368575378,5942.44084168699
3594.83776325903,3204.68523292095
3626.7530930933,3248.95712066074
4163.24952411155,5804.73760603809
4130.67296378658,5349.79948042492
4212.10873025068,4182.36167238781
7667.51939549056,1791.27971337072
4028.77862398077,6837.02918413477
3429.74500961978,5839.17747488744
3758.1751742638,292.285647982884
3700.2201859965,4472.03316560974
4116.52531808218,6642.72127589567
4104.72380118587,5038.98649317183
4136.28475254022,4545.40278037353
3678.30162817882,6791.50712484262
3902.08452481001,4395.70821549016
3491.44528749201,2437.17250507512
3399.29576337465,1781.33415784513
3746.9989873224,2504.06334309633
3277.11807326821,1131.1789852012
2469.61115259775,592.186749745895
3860.16155199425,5706.75950703252
9088.677604657,1989.50875836104
7475.16390306904,4518.29395302703
4164.71905783859,4173.49608917567
4962.05098066401,6921.76514807065
3466.65472891941,2459.0527272314
4231.32191109201,3800.33859214258
8351.07548016028,5549.16516033244
4156.91711039546,3472.36275592383
3540.20408588515,2366.1896967809
3704.59112994027,4115.75478166827
1656.84091855941,3867.22964159142
4040.31392849143,2263.43777340857
3851.01946511911,52.3420347991266
4336.10990788526,4257.37957692365
3692.17675125779,5845.54271499487
3165.25811039203,5854.57870887353
5461.56327151062,8313.2904454646
4298.48818969988,5103.60427278625
3993.79209834631,2878.64142234831
4229.47986091527,5333.77284352121
3586.37308231664,351.902159961913
4481.64470926463,4763.18211508195
3279.53244718672,5814.7964867712
3749.27083095948,4363.14328682791
3344.57902021577,1799.34990585396
4883.05994263999,5472.21480729525
2553.05788608381,1370.66802568557
4564.55271440641,4777.10589281777
3667.88680387716,2726.9575349322
4197.41320349926,5569.56750338321
3861.22890920553,2429.8979147484
4374.29147176771,5527.17119011339
4021.3958184204,146.796391794271
4197.09509881384,4086.20227382082
2333.52502111655,984.55308088115
5132.73462540595,3524.2500553234
4549.73290351849,6323.78185641084
3152.72346844081,7032.075820499
3929.33565678317,6369.0768424327
2864.6410714254,2679.16199437801
3953.68277018329,5007.95652907411
3650.56662063222,6175.39391425597
4110.44989462759,3865.41094115284
3042.13515958187,3244.63786568982
3663.2425948262,6574.2961075928
4351.5798912222,3098.97818562045
3615.33518216063,3993.680276131
3914.16331592776,4747.78045824061
3691.64268582131,3251.28726452655
3628.14966033521,4440.0936398651
4210.5150307229,6556.39410764675
3999.61498374627,5280.12350628681
3277.81332690302,5125.42740948353
3320.06494441326,3546.6985949383
4748.62516580309,5323.37271859979
4646.71290616781,1066.39079492025
4324.9425124365,4348.19662223765
3966.35394584113,3496.8570692476
4580.68233702081,4286.64792604179
3890.7298878226,6109.4690890578
3761.982800772,5945.33909158378
2932.78212423194,2875.45880229459
3999.02429788806,680.105492306207
3227.74401028899,3157.57175788814
3957.54021925794,4641.05052408567
2155.43889810082,1363.33666704128
4136.13756617661,4032.95084337849
4407.76022712959,6574.46651825933
8337.56797197715,4622.69395474379
4555.36460897327,3860.97814954677
4378.75627723496,6836.34711861339
3603.8731364425,3997.31767700817
4244.74014566008,2698.93956879403
4704.52339509452,4226.69043415898
4927.03865639031,4930.153699849
4910.86244620314,4475.0451635693
3688.20418595421,3912.41087955051
4209.3479612868,4619.62529418047
4153.77439582719,3711.85147926676
3613.29329491255,5588.49281303895
4285.80987027052,5481.705793425
3740.8529109774,4976.4715727253
8149.79318281683,1434.43322339827
3850.08795153674,6616.74950632163
3824.19803542639,5700.39426692509
3416.7194529429,5459.59807514317
3665.58426279926,6759.73800976451
4551.95813354286,6014.5600734708
3490.50116646563,5304.56115700682
3464.39648886882,2635.79945685751
4549.29240380218,2931.66556809271
3506.96995751206,14.037440732006
4581.63773211011,5245.11531997886
3930.38522770042,5343.32049225472
4203.14550438216,6950.2381064599
3957.02141816741,5843.21235970144
4088.6578947406,2053.72863118338
4083.40124261195,3915.65037363561
4286.0434170029,3107.44607346814
4138.1380945619,5525.52290034133
1596.46496394416,1064.11752508583
3846.81900432737,5758.13557443249
3834.82771217043,4972.89125730714
3349.58653607139,5256.19751042165
4552.15921773213,6512.00868327181
3403.0036853633,5223.29176042633
4046.13033612047,4401.44805267997
3307.85001596891,6130.89474181826
4460.15573967147,4006.01284955378
3382.31363073282,5582.86630105666
4130.4816979656,7533.55889225876
3351.95114112482,4153.43414460272
3785.03720721667,3766.58078881461
4151.92757830882,3146.09166065327
4477.5863606361,5440.55944027991
4306.28998475976,5889.41690737021
3472.19002071466,4605.92858971494
3973.45117943428,5414.01935324726
3959.38071816616,5804.51010991255
4214.10198953183,4287.89830902178
1564.34228789945,622.421270257816
2604.53943748128,5181.06585782304
8931.7735248306,1097.30732809664
4104.86294852669,5480.62582111155
4874.27683755872,5191.52306820347
3038.02502697725,2425.35137507956
3926.46300168414,6152.09289845317
3120.73968648371,2314.98425147508
4288.70505219373,4961.5815707388
3915.94910733644,2550.09705724332
3249.8842464924,1283.7722228366
3194.77509524553,4193.10304149754
4213.05248340317,5047.11334825883
4128.04541018273,5183.79369705329
3954.05484312734,3112.84508932489
4191.78886607153,435.103820044589
4297.08776697924,3862.22853252675
4279.88750913347,6559.91776046115
4448.64852508476,3970.77716712028
4396.8196572647,4468.22535406604
3887.04519340946,4559.21281004658
3962.16362294622,1937.11001553425
3572.89387543212,5740.91521715257
8894.87401521904,359.176618146364
3938.63073527496,5014.26468372252
4065.47691644893,6489.84430238622
2902.54731479516,3637.11773346022
4118.73304027139,4654.06516302982
3713.35980744351,3734.12960821512
3684.04143449369,3712.64729285091
4051.03587085125,5769.55858620835
2595.11461001564,3906.50020883892
4025.74686404975,5130.99725886205
3622.13744782214,770.126935463688
3560.48919101709,4471.69192142143
4210.91602326951,6601.23410141752
4454.44183892384,5539.16251934785
4901.19789366463,5431.06887700541
1909.85500598127,1065.87935149303
4207.72621094442,907.205138193319
4311.24553945827,6575.14858378071
3857.20481469678,4916.34367017596
4966.48762603037,5740.97230261158
4079.27166629215,6591.28854589194
4355.60938653098,5488.58226553202
4379.21521669661,5829.62982615393
5070.39821706801,5164.52798891974
8280.73468566895,4669.80764120423
3500.78910620574,6473.98807614905
7876.93233372394,1154.42323268642
4276.54127125099,4745.5642738652
4464.22803924525,5468.06617441848
3689.16954536579,3065.3337075
4116.76933652903,2597.9494718289
4384.41401570357,4918.67360261414
4620.85135459763,6048.77286904986
4411.95873826248,6205.28766629173
8667.95085203249,523.306694905751
4537.0146998564,5041.65766979832
3021.41608457698,705.11146048482
3348.04644622148,4071.14186116779
4119.95497243027,5688.91416969022
4542.54515341433,4314.83630284649
3192.50310101677,6278.25937426344
3058.56897228541,4113.42484923009
4749.09458560497,4522.67008202933
4683.55134809336,6925.17505282228
4468.33412510735,6269.50753911408
4029.24945706703,2217.74509202226
3498.85692122279,2983.55286749229
2643.39511867363,4849.45262072712
4576.43134368109,7174.55309194228
4727.34384986614,6134.02048784058
3954.77570233935,5479.71668231988
3453.01104022695,2352.83423650369
3616.72989345774,2935.98461163601
4446.5443224666,4354.163955553
3697.18131571322,3232.30550369467
3593.34116810392,3700.88303688674
3943.31990762984,4285.96586052042
4763.79526417882,4459.75725479073
4324.3154557407,2959.22896483505
3861.61873838049,2106.1275854378
4728.13337566415,5466.75912883474
4498.85618531604,6347.48077900571
3987.44846434894,5885.94991715957
4415.82794283576,4114.90230548036
3493.05664679717,3353.35691094988
4680.87888108318,4403.15300505579
4167.37459178502,1971.20906305054
2733.85531277121,2223.37139257693
6773.01439452097,3963.90027215801
3810.51487982261,5464.54252160408
4203.89902789129,5901.52198466744
4149.53812789399,4639.00475037679
3387.41907026563,6494.04959786675
4106.4662500031,4796.82659320241
1889.92074201604,1686.02734117987
3867.51043289444,5688.8008444827
4477.74910251096,6796.7923926366
5149.15822934459,5250.57099843936
4606.37728074953,4949.59024150434
4518.56139121615,6659.14581959145
4836.59980709268,4965.16188615696
3839.31261781475,3146.71685214326
3673.54286990903,2894.61118522063
4422.05779551769,6264.96099944524
4145.18506592496,5243.69452633234
3803.27935150899,5860.77353831443
4651.54164446047,5090.53297123834
3574.67343131668,5589.28820376785
3593.37608082288,6041.38474208799
3776.27388687483,4528.75116340746
3458.89463932737,4567.90840544743
3890.95883484253,5212.55081417185
3958.34982950187,3622.17106886997
3944.78562848599,6296.4455329388
4094.17629390438,6569.69248246495
3754.84963666906,5499.26697203799
4233.22143970189,4529.37614346982
3566.59793005534,3598.41548367134
4776.91255348795,6739.96064677611
1114.53444013978,3066.07264705276
4234.52735969922,6586.4578474938
8900.71032806903,6679.88940683053
7198.42868893015,4777.90128354667
7944.83542124025,7701.21254254719
4034.19355658535,4124.73411294318
4039.6759413555,5149.35382820394
3907.28893752349,3810.4545583347
4060.11381574365,4035.45160933846
3257.92206860982,3244.75161375259
3243.44248394928,4928.44874747319
3128.66362395314,1921.70857012053
3783.15024468532,5165.03922091933
4517.73180540072,2626.76325155122
2141.89129836715,5286.77290512354
3970.17910049229,6714.32927567988
3199.918858757,1539.79923793808
3636.3569730356,5393.27576600819
4883.09936795773,5535.12763453386
2757.52845366709,278.134559120695
3506.92490297762,3419.05445145012
3671.6205426802,3586.25332091509
5256.20522146458,6079.74617054382
4811.48959989823,6189.88600945039
4749.59892743648,5606.84938238084
4496.83519966272,5460.28014066455
4127.41828852867,5118.03928252166
4720.65251293321,6705.80451380081
4505.01006372638,5110.19658616397
3845.8067422944,2987.3038050046
3873.14725418666,6277.17982480524
4929.36341795416,7019.51575095068
4912.0490835628,6740.47187877571
3514.3897741137,2366.13282274951
3624.18282543608,5424.13531943938
4280.09908045647,3295.95684763079
3791.17452500297,4170.93866061195
3371.545494644,4624.3989071196
3978.86954018663,2442.17361413979
3691.76870414385,5985.06465108236
4701.96702126713,7051.34152863255
3870.79855235439,3940.88341508451
2617.76971387278,1781.61831657444
4377.57017757106,5717.89836007907
4423.67327419691,5288.19369877005
4701.06141137742,6974.50534651338
4595.84125828327,6926.88000519809
3886.73277368757,7491.33341251072
4817.22783159722,7949.39728414622
4209.17673233562,6582.82086947188
4278.75183070437,6212.9599519829
3449.76785754203,2140.05622228756
4143.05600894237,5890.32604616188
3725.33825498126,5461.47386104077
2821.93715493685,6902.72651320739
3335.06159319539,3911.33090723706
3698.02094116178,5842.24655830601
3943.56245721036,5230.4528141179
4438.97050335376,2907.56873870577
4828.12699048691,6721.83115070452
4811.64635554783,4890.08731901736
4723.66656458125,5294.4451908147
3946.00089833287,4312.79052913762
4451.59942988597,6680.34397622637
3315.71007826417,6262.28982281875
3718.77210840048,3493.84507128804
3978.71798830014,4803.13474785082
4363.06150650909,3931.67701053931
4308.86842217497,5844.51982814043
1816.91001637847,190.159008600131
3879.02109016543,6892.32638828597
3797.69107334337,4523.23839948794
4278.30810696733,6224.32630115499
4128.49611322451,5734.94788383722
4471.78108364062,2630.11628227146
4249.30394767108,5908.96677423307
3652.97115574219,3783.63031257275
4524.75655300344,6315.93916005314
3439.36206913545,5534.61597967901
4723.76711109971,4940.66757283319
3881.80422395713,8851.3170909521
4333.06785568539,7311.46093686229
3874.6541022813,3139.78329457723
3821.62200284654,5787.63099682093
4286.81831355412,5976.71029986981
4074.5855122757,7136.7033183413
4547.85109410938,8168.25616831285
4759.72298486039,7101.86511984462
4638.39116053308,5296.20680579428
4481.96892968111,6231.99858684616
4922.6841516916,6443.58309211369
7897.69855013151,3476.45451476921
2995.65601211348,4340.5814220055
4181.78529954522,4374.39631079248
4540.57217786923,4438.95700494789
4364.10396023932,5137.98747903184
3754.61481958521,6374.36211022667
2696.97508167559,6764.62537076641
3705.61473923307,2789.3020447122
7259.82581127076,905.556954135078
8565.48801026776,5644.75624144083
2287.24935160239,764.557456083505
2580.89062481196,1452.9603091205
4446.12434026635,5371.05429966359
2801.17968537939,4830.30023780108
4585.37992496517,6123.16579352333
3654.07480039192,6670.91007555562
4242.34106061261,4170.31325769433
3704.15665200422,4783.12988873688
3867.1947960317,5800.02023284747
8906.15815268395,1932.39285377125
4284.8235662981,5127.47360604765
3788.48709073445,5272.50830605466
8798.85977336724,4426.16986212928
4102.32745938533,3892.69017916587
2917.77256718848,2344.02531589531
4289.01082725661,2647.90453415474
4545.17540648071,6472.6239451063
4058.90992082637,1671.0805708758
3786.55175689624,5959.31995477861
4641.02569984577,4767.61490668802
2585.67670098757,3559.76989648621
4391.96106300027,4770.85440077312
3300.64725710913,5206.46973279373
3926.21914621745,4845.41773591312
3732.96454209989,5114.80021129182
1630.57385753144,1776.44658541561
3536.18435642867,6617.77239317607
4490.00288264555,5846.33810572376
3517.16839237499,4465.95208423162
3880.31908005741,1706.08896861138
4501.62601058423,4044.43094061336
3972.53638600871,4475.49973296513
4497.3068325958,7269.97376238414
4025.13152462369,4444.12852467909
3826.91485609161,5273.01953805425
2530.77168158596,4426.90859025442
4175.19093509341,4495.90249887115
3739.55177932497,5210.78877633702
4058.27588271971,5885.43868515998
4096.24908107185,5200.44531401936
2733.12415903996,2474.17001391582
4328.19880237067,5406.80163695193
4662.58617848743,5581.10468607709
4327.81075129003,5028.30220952111
5036.37127038455,3789.5976458881
3828.86331209982,4034.99703994262
4170.91345941517,5068.02734616444
2149.95815112602,2891.7695979276
4145.91858943553,5447.55008330495
8095.52267414206,355.368885888021
4497.19314034765,6370.38388801644
3393.37467522075,482.501480235161
1887.96404797913,100.478518917977
3723.34345343176,4939.53093791598
4501.42679016754,4304.37951532132
1816.54263075637,2805.2715961569
2210.99852963358,168.96077267986
4485.59536891542,6567.47629808954
4378.59700099786,4408.55202091253
4849.73953192402,5180.0429709686
4285.76791189147,7215.75610769114
4510.91075299486,6458.24559797464
1566.07274928019,2443.19671242185
4471.12360672798,7053.04648100837
2803.11403366768,157.935416625772
5047.19238597591,8669.28467067677
4529.56298950562,4728.85557144012
3908.79172970282,5524.15919215383
4951.61325099778,4715.84135535122
4135.19967227723,5611.16842592413
3604.78045758124,4999.14760846573
4641.6111227664,4188.21525764039
4215.7565811658,5326.83928595518
3754.22277548672,4836.94963663781
3852.04365206963,354.06176101892
3314.14658890195,3820.85510611137
4356.79310241385,1898.5213023805
3677.82648084218,3285.67047077214
4454.42411866452,3784.70986203095
4792.50614895964,3266.5749618775
7819.82664244848,6891.64432276459
3616.10452898618,5717.50087614225
3556.19766357519,5115.19769522864
3673.18643400385,3951.51103613147
4693.65292476463,5904.42023456423
3471.99537689878,3677.63910654295
3887.31058737577,2761.68177393848
8273.59404071807,3021.91429594811
2479.02075969574,3415.30351393781
3975.65414308373,5104.17259024486
4414.35208823165,5799.56566345164
4260.7618495703,6650.16648831655
4046.64756510397,3448.20926393313
4457.62568271997,5680.61690393669
3143.57492143409,2175.97375881481
3175.71457725192,4209.47049973431
5020.45717427863,5102.46763786904
4495.53040974357,5183.50953832399
4184.95087880132,4564.44141523679
3325.93925573638,176.292065253018
8353.61535032018,3704.40668970114
3822.63371997796,5608.66808281942
3710.3823052598,4023.68735337429
3630.83813359995,4403.15300505579
9204.10208213731,2972.92524644532
5115.73961249361,5750.34954067856
3894.99891964196,5542.34535082919
3632.91080735496,3124.89350401836
4904.04556892572,4347.00332471668
4387.31043160852,3130.23564584372
2993.55729671875,4669.80764120423
4541.54339253966,4793.41668845078
4215.85364306982,6063.26496424428
1841.10847976909,3131.65643949023
5143.79915165135,6678.75277191332
3933.04857435996,4210.43672398499
4097.83709102477,6217.67690231827
3344.50774262844,4566.65802246745
2374.63464678044,4421.05500500184
3703.59295472537,5187.65817120076
3646.10309702419,4170.93866061195
3753.02569507829,6490.52594505235
3238.84058271816,3239.46613453099
4394.50446881745,3811.30703452261
3772.31662876125,1619.59107255449
3348.18207634944,7195.5241753069
3201.94208982003,5892.14474660046
3870.58857158471,3064.76539004139
8641.83147474348,1999.17015515732
3983.03221073619,5412.42772607897
4819.64117951883,6510.18998283323
4627.70728161408,4620.93233976421
4203.48610241606,5567.18090834127
3966.1980223482,6508.31461979088
4016.84385466619,2564.07770901053
3160.86145011521,1824.98085409494
3835.15903829101,3603.24618206948
4197.68243092352,4132.74764282266
4145.64860251383,1732.11782364443
3845.95789030395,5691.24452498365
4296.00522655159,4602.80284369262
4755.79701123417,6472.39687183601
4834.48410582716,6463.81502449792
3485.99112585137,1466.82731853874
8428.89215002078,746.712277311932
3110.25320566542,1567.47627702937
3957.56104770324,4951.01103515085
3372.36231773301,5643.22169973155
3800.94509266146,5980.97268080935
4196.1597273809,1827.42474602351
2830.37425023009,1703.19050728697
3882.16547644689,5011.82100322157
4199.90617509177,2546.63048988794
3590.37840363809,5505.5751266864
4148.49930411455,4844.96274366204
6767.83612204121,443.855893050032
4398.88395322878,4755.28233326524
3780.96380356526,5677.20699918506
3705.35091397844,3773.96891577647
4192.22431001095,4914.01331488253
4219.21624355382,4811.31868839683
4331.43518535935,5679.99192387433
4045.51205362548,6424.6582053132
7893.79371417752,4525.56875478137
4116.93734459056,4549.89265743861
7200.5568602176,706.077579021686
5485.89595808441,7034.68991166648
4454.30676898206,6343.615882003
3514.1578073372,4906.45477725413
4864.89605452342,5823.94665156788
4626.67501361088,4704.36125811635
4438.32732825661,6547.35769091283
4418.4680592989,6902.15819574878
3395.59541025832,5063.53789195461
4473.19806557948,6261.83525342291
4727.90965189582,6653.69014113095
4571.38740255901,5513.92947789894
4855.83393412118,4293.18357681575
3528.03960448339,6074.17674402054
4396.43721978186,6326.39594757832
4447.47903920475,4342.96801704743
3974.96664643105,5355.19849628166
3287.75859599773,2903.19282113109
4554.35497298358,4775.85550983779
3447.54072515193,3076.41589794279
4500.79222993088,6819.18384679248
4320.5104187004,5360.76792280494
4532.75263608902,5353.94811330168
3608.92009659147,4553.30256219024
3921.91663107375,5949.43106185678
667.667494941975,7247.35438924746
4357.9682085513,6552.41588543652
4396.26488726312,5361.56331353384
3925.83996522381,6120.38086883407
5030.55761768978,7010.42267161301
3910.59364826641,5840.37077240841
4529.87365714025,5414.87182943517
4945.06032244325,6769.00149976872
4234.54953991313,8603.35984547861
4091.73078709861,604.74655500968
3351.11164704875,1783.38014298164
4244.43170907959,5667.14769559671
7202.60452903846,2830.39131239828
4082.9823398293,7053.16022907114
3460.17770695401,888.621178439704
4375.59697134303,1430.73915991733
3247.15559610724,2029.46160255753
4112.76585269744,5999.84090500608
3892.08819518379,6660.62327584173
3559.36658138045,5860.94394898096
4326.73445379383,2086.97520251177
4290.00017291719,5152.02500483043
3824.29792419997,5375.31668060312
4539.31311666211,7098.62604861478
3942.75754501017,5434.02378950595
3215.89875587468,4625.36513137028
4634.93756482592,2591.24341038842
4772.91918287406,5538.31004315994
3692.98628972474,2568.34008995006
3297.56478877196,4771.36563277271
2838.76708040661,1868.34360304306
3989.90722962352,6700.97381540267
4716.17985174934,5809.85246316553
4349.56993139123,5794.84871311627
2816.77068920727,3731.40176898487
3856.43258853208,5134.97548107229
4410.82335312423,6114.81144231079
3340.87137923553,5119.34675096066
4116.14941016407,4128.20110315382
4867.75035642951,6048.82995450887
4231.40452637265,6366.29191774343
4137.57299862368,6160.90181906154
4443.23668717086,2740.31299520941
4730.73677972602,5429.59099789989
7919.18866023701,1221.99613622901
3348.4069321095,5479.94417844543
3880.85021268669,6420.67998310296
3661.92711881703,6152.94537464107
3542.86653766696,4254.65173769339
4188.82168934254,4604.0532266726
4243.45420724896,5213.17579423421
3362.08627483048,4907.08018017175
3210.93312472942,5144.69354047233
4303.89425983121,5325.19099618313
3286.01449831456,4585.69665733071
4062.80235322083,2287.02294794067
4543.84626414409,4710.38525403546
3846.53469301204,2830.3344383669
4344.08370340647,6006.4332183838
4598.77134551749,3981.17729204169
4294.68509954082,6066.39071026661
4178.50440298519,4630.25249237218
4389.35568773185,6576.85353615652
4381.52761305344,7016.10584619905
3666.28901128929,4201.68446598037
3473.2379232507,6688.69832743891
3150.4643470821,4146.2735137664
4398.07407793198,3484.52470725245
5325.6116683166,5244.14909572818
3239.77030931365,6474.49973100389
3359.93091447274,5445.56097219983
2772.4826801652,4748.2354504917
3797.60234587893,4726.2981428764
4782.00671532683,7276.22525442879
3077.01315188937,2369.88376026183
6752.75155751021,5723.35446139483
3746.44389400257,4707.88491093075
4326.30473516655,4028.74554789797
4001.18065735345,5693.29029869253
4405.28978894864,5552.85922381338
3935.77581902227,6079.74617054382
4720.44220367495,4816.8310294611
4638.35480191022,5421.35039475011
3482.73157529756,384.182586324977
3870.02630154608,5307.00483750777
3867.07843216512,6706.03200992635
4109.21153491751,1762.57968171117
3893.8723837039,5115.59560202071
4205.85298454919,6231.82817617963
4333.74336708311,5913.96788329774
3615.172488524,6315.143346469
3677.36553897055,4637.64061933404
4270.86733056633,9600.7569853301
4360.43595954298,6790.0292457371
4490.6483685142,4883.15376145133
4375.20204180445,4298.12802327666
2711.95218942345,691.30132509796
8675.19643039064,2231.04367826809
4794.00717753872,3100.45585329835
4674.22076547352,6237.68176143221
4917.80376645989,5085.87268350673
3527.79116301906,2354.99375827533
4865.05781548203,4009.87732370124
3476.58539434387,5026.8814158746
4452.15307294685,6287.40953906013
3893.91925208458,4566.94218119675
4553.08882857217,2083.39488709361
3035.42444623451,4561.20192115169
3904.92249409895,5529.21696382226
3726.46639718043,5467.78201568918
7479.85568265027,7620.45480082154
4374.01672140868,4950.89728708808
3047.16891271457,1219.04090658703
4702.46688425888,5114.00439770767
2652.69169642376,1720.24003104511
3686.50481555324,1249.50265893996
4151.38771146579,5730.62884029392
3584.66757416368,5951.30642489913
4239.1843665234,4282.27179703949
4285.7159408394,3279.53251536263
4004.83947545541,6023.08483534987
4501.4355346566,7111.41319143339
4317.15244286981,4345.80960434046
3709.16622589739,5528.02366630129
4674.29287022275,6895.67963043384
4347.17403468233,6264.10852325733
4136.32976860627,6421.58912189463
4382.07375778761,3032.99648639091
4557.96678687806,5238.35217307936
4578.31068865656,6111.57194822569
3910.31019109402,5548.6535054776
3634.30321753053,4699.92846651028
8683.78544439911,1348.1057380079
3625.03241945299,2002.06861648173
4704.23990396283,6571.22702417424
4750.4713276843,3008.21780291021
4169.59389731046,5818.66138377391
4301.71037124706,4961.8657294681
4429.96968974431,6859.9893786045
4314.64136216966,2726.16193277568
4690.10542385635,6015.46963511772
8377.00303753168,2553.50696199495
4366.8305282776,6239.55712447455
3556.65065813617,6077.52998616841
4810.77419264741,4213.221225819
4177.40890958175,5419.87293849984
4545.64819885358,5648.96153692135
3870.80001206834,2619.7728199538
3636.89629853352,5281.54429993333
3741.60945313299,3417.80427989777
4819.42397505377,4628.2067186633
2899.50799871384,5423.85116071008
4339.22980097362,6032.46207341685
4061.30904889139,5315.87084357516
3646.62670666954,5390.37709325615
3666.93049493823,4316.93916201438
4702.476792891,5600.88204906549
3588.87754399738,1902.78368332004
4327.42002028884,3797.7245009751
4077.14061066048,6240.01169387039
4519.04378228215,6544.74359974535
3732.33062764675,4894.0655412276
6695.6773272331,2337.83048645442
8676.2594108579,6524.39791929835
2381.05797328164,3736.80078484161
2944.1612038235,6439.32071117415
3907.54468535837,5619.35236647014
8702.76080406282,5301.15125225519
3707.13543295419,3706.9074556611
4532.7204435118,5057.34306251372
3815.79740616361,5591.27731487296
2822.48287065501,2502.81317154398
4671.17052002148,4679.58236320803
3899.24773200837,2638.12960072331
4424.71698279653,5940.39464512286
4061.14315065265,5517.39604525433
4121.78646159774,4969.36760449274
4183.93919486197,4692.48325408941
4348.57340816246,3496.68665858107
4418.99293060094,7538.9579081155
4006.62861001529,2650.57571078124
2526.78405761464,4717.65963293455
9378.19735741076,3576.42151345228
3693.12553399297,4108.87830956125
4744.47830159349,5529.10363861474
7671.37359199014,1113.50437566688
3631.62239126686,4077.90500806729
3638.84600812038,4892.58808497732
4726.51925766375,6122.25623187641
3883.42349549783,3586.19665831133
3993.6542389428,4814.50109702292
3580.40542302725,5975.40325428607
4102.72053304765,5300.69668285936
9034.08255741171,2219.22275970016
3632.93814927997,5726.08230062508
3996.55195862186,5118.66468543928
8826.8062273327,377.021796917937
4403.55097532833,6114.98185297732
3992.84460624288,5035.12201902437
8455.19529055131,1892.78125376307
3873.56171399474,5777.11712383675
4068.99946238771,5441.2985912603
4234.00193603649,4223.5080255329
3660.52516592454,309.164681789138
4548.8100249344,5129.00814775694
4308.41784746091,5078.59830460764
4547.80242752922,5794.79205051251
4493.35989457389,3887.00700457982
4221.88955171832,6553.21127616541
4320.78150853265,4523.86380240556
4216.11691839781,6040.81642462939
1916.56931206427,3313.85884757684
4073.92635495871,4072.39224414777
4341.38221283946,6615.04455394582
4629.41100369038,6489.73055432345
4189.31084501596,5827.5836295898
8098.85648728442,1024.05114425419
4069.5464842333,3939.00805204216
3331.91931398981,4371.89554483252
4586.35815048484,4869.17332111176
2290.69053252006,5390.37709325615
3619.26660308539,3716.56885245738
4522.39377828913,6206.4809638127
4547.39780154584,6287.06829487182
4027.91779813969,5479.20502746504
4238.75682955171,1874.53822105633
4342.85215094935,5976.02823434844
2554.01199942736,2692.63120271799
4075.90555803519,4239.7617357069
3925.22338683314,2263.55152147134
4235.11495068187,4570.23833788561
2978.65783254123,3279.41897872749
3898.91301067501,60.468972475042
4560.94133652873,6318.89407255369
3654.1297093756,1787.01733243118
4139.64945377384,5379.97696833473
4585.31264372976,5683.62890189625
3700.92288968857,4260.56198554973
2817.3495368938,3142.62488187025
4638.9604854269,4166.10796221381
3833.74530111069,2999.2384716353
3753.58467745984,3913.77501059326
3692.54481059573,4476.46595721581
3478.24713801989,2435.80858545999
4534.48828009756,5698.17808254968
5050.91376582117,6962.05902502783
4481.50859808937,3547.60773372996
4804.35095614359,6587.87864114031
4344.19327511921,4243.39913658407
3820.83741070071,5972.44791893028
3406.6315571908,6557.81490129326
3670.56183948444,6062.81039484845
4821.27169211802,5337.63731766867
3536.31248655908,5124.85909202492
3598.17949422018,4101.03561320356
4332.6709007968,6392.15036210995
4268.5949782338,5093.60163180166
3323.13633423367,2687.6298822257
3214.51912368618,3377.79456166989
4888.0570636858,5331.10166689472
4337.39842756126,4717.71671839357
3904.49808287516,1769.45636524582
3816.88728695675,5320.417383244
4245.61768027748,4626.04719689166
3847.1281337322,1744.39352303582
5165.86163072076,4664.86319474332
4234.42032984718,4715.89801795498
4123.00520382225,5809.96578837305
4591.16156321294,5206.07182600165
3615.37198565718,4081.82614481851
3566.41930803425,6004.72826600798
4385.31062760243,4085.86145248776
3897.1659797534,4814.27360089738
2863.94758939407,279.043856483082
2647.62465043655,3384.27354984008
4173.46918555984,5749.26956836511
8395.81440107199,407.426754524843
7309.44687531087,410.154699468909
3860.28724617824,3197.12648386493
4671.89638888864,6525.81871294486
4743.69495188204,6366.86023520204
3277.00878029297,3282.88554608288
4524.17595730517,6412.83728674527
3924.73291285365,558.428734990292
4138.55558279096,6688.75499004267
3421.93123060615,3272.14438840077
3735.06948131469,4967.83306278345
4122.76014291732,6178.06509088246
1874.54851789654,4605.92858971494
4669.54909423533,4737.83490271503
3646.25428259934,4633.49198645728
3078.19359495816,2956.72819887509
8608.39262364424,3997.43100221569
3999.98522888257,1704.27026817279
8608.81261858716,1237.11342291343
4152.29620722251,5582.35464620182
4106.19385414443,6193.29591420202
3740.0435754382,4824.50331515226
3382.3152326817,5080.81448898305
4082.93259805315,5318.99658959748
4236.62155051041,6124.6432497736
4347.42781666676,5502.10855933101
4884.54450090124,4539.20837378789
3740.37023005066,2180.23613975435
2722.18700912259,1991.83890222684
4285.79273968834,3911.72881402913
4059.19044057339,6303.89074535967
3767.42080299899,8576.4780914024
3029.04614385302,759.272082575717
4306.21798904093,3969.98135353613
3995.75122837228,3967.65142109795
3949.54757315842,4863.83096785877
3995.93773254663,5806.89712780974
4280.64796294046,5282.34011351747
3842.61776899329,2510.31483514099
3454.05365373629,6577.19435748959
3690.57309653911,5362.58662324353
4034.99294965098,4649.80278209029
3879.83619581299,4114.04982929246
8258.94544681082,2474.51083524888
3584.04810981824,2418.98634639976
4797.99793706868,4771.8206250238
3104.22412222505,5240.68252837279
3880.61215901159,8268.05254490175
4148.06513901695,6701.37172219474
4057.75676024591,1757.18066585443
3513.01395016528,1908.58039454123
3656.04260173964,1214.43749288681
4136.4568127899,5501.4831564134
4016.56028580186,4562.96395898652
3546.36693580484,1127.54179575165
7429.15470401199,3234.74918419562
4686.11516717507,1005.29666812023
3606.26779621688,4902.98820989874
4389.43541594745,4304.038271133
4865.04602660568,5639.64138431339
4402.13621275247,3432.52365979011
4334.86328706349,6621.9776886566
5112.84656932131,5267.16595280167
2431.50927210152,3610.29348769828
4190.1496398417,5664.647352492
4288.65453439315,5356.5055418654
3838.64102433535,5378.72658535475
3810.43128091856,4846.78144410062
3511.32285587622,4702.25839894846
3981.42938399527,5101.33100295183
8030.96200859636,1235.23795415727
4540.94092629424,6217.27899552619
3609.40011241904,1732.57249875408
3910.77844890427,3736.51662611231
4174.1267855599,3613.1350749913
3569.09361497777,5785.98312990413
3944.24515591942,6385.50096327323
4392.90191320809,5948.74899633541
4283.14898207746,5437.32036905006
4198.89919698129,4800.97522607917
4599.98279350169,4539.09462572512
3738.09728878292,4753.4069702229
4226.01007307721,1675.28607778395
4143.43818427065,4545.85734976936
3618.68828143538,5107.24125080817
4245.49441650156,4818.76347796246
3089.29558326443,3497.65288283175
3926.02471718946,5754.27067742978
4152.11709663478,6979.27895945251
3580.4040981352,5503.30185685198
8375.13576201306,2288.89852241064
4802.51588059334,6477.62547702622
4484.19194655337,4523.80671694654
4263.55283272849,3203.32131330583
3985.03783166338,6111.17404143362
4161.6797166572,6070.48268053961
3725.72111465856,4853.60125360388
7919.18857201536,673.740305055689
4446.39163575305,4194.63716035157
4757.37845863182,7153.58200857766
4042.4642423269,4677.08202010332
3554.43564268621,4337.3419279204
2767.32567133926,3842.90573893419
2611.66295569466,7454.10861897211
3517.79746489355,6278.77102911829
3803.84928576782,5115.19769522864
8067.08002800371,2138.06711118244
4480.60943397989,6468.47531222953
3933.72831097768,4565.23722882094
4192.15295378709,5745.12093548834
3883.18344229977,5719.9445566432
5012.1928051114,4292.84275548269
2636.34485332933,3255.72005613262
2414.55346025906,2055.7177422885
3834.86323835764,2240.87569715853
8328.08759036356,1372.8844214886
4026.13531085389,5244.66075058302
3868.03660456578,6634.53775820492
4280.60097891035,4993.86191781651
3427.02284018876,3922.58393120164
4305.47444541957,5297.62759944079
3797.12086972681,217.551915390574
4332.30499830231,4304.89074732091
3196.56612186013,3136.0892310963
3622.59200571905,1614.07830863497
4065.06353079476,4088.58929171801
3383.66399839668,5862.30808002371
4132.25456755608,5312.06303203146
3947.80995572425,1396.98103944792
3760.33022476207,5678.85528895712
4465.1272120202,6296.78677712711
3030.40587220867,2118.68744355849
4217.30258513622,5543.7661444757
1527.60053769981,1264.90410435368
3698.41822281283,1306.67543756114
3735.06413487649,3826.82243942672
4785.99375092939,5865.43382604604
4082.62601488183,6087.98677369359
3414.61562630158,248.752541225135
3296.19886742905,3525.78459703269
3986.58240010591,5792.23462194878
3777.77120677533,4406.61957241118
3471.11488893856,1216.14244526262
5088.19625186016,4713.51100005779
3123.79413534092,1529.56952368319
3944.5886179997,4690.49414298429
3214.17965166798,2018.26566405197
3124.99001927882,4774.60512685781
3431.01475019905,5712.04477482649
4820.20057030427,6395.90108819464
3886.28030313896,6816.39934495846
3994.23596488369,3668.65935241279
4057.9114834527,4780.57246017316
4163.43631643423,5115.19769522864
4216.29304305416,5493.12880520086
4608.72404022459,4362.97287616137
4104.71218504303,6651.92810329612
3889.35745313106,3399.33396249311
3917.39183070923,3174.50753358351
4555.3447736057,4965.16188615696
3037.92423118567,6287.86410845596
4173.20666397984,6577.2514429486
4652.15052416022,4775.11678171265
2472.08208767123,69.6188862014255
4917.86237512971,5310.86973451049
3839.37331442904,4727.03687100153
3793.96861307518,699.371411867386
3999.3574968914,6302.24245558762
4501.38831097944,6404.08502874065
3561.64420331736,6320.08779292991
3263.04920036617,5487.38896801105
5201.63383865889,7637.73182070523
3753.48421208499,1831.40296823375
4218.73411658506,5228.0087107617
3347.42556462795,5198.51328837326
3802.15443498861,4535.23015157765
3964.187818432,5011.76391776256
2362.09053613985,188.567725001727
2828.68329774141,4919.18525746898
5002.51216702469,5084.62230052675
3970.36405548682,4600.24541512889
3760.05320485979,4085.69104182123
3802.62804654714,5592.52769785294
5166.49559613279,5810.64785389443
4427.38802736556,5851.33963764369
4132.05618461079,3479.69400885431
4208.22617788671,4665.88608159775
4320.44789693972,5349.51532169562
4036.79400173989,3958.78541503056
4021.81221457355,5896.57753820653
3811.64394598245,6187.27191828291
4489.78186160349,9274.08777183984
3531.44861052766,6336.85315795875
8737.00796663381,2740.3698692408
5705.56502369202,909.819335074614
3341.09226451369,2004.228349681
3216.05191396735,2912.22902643738
3579.67961739289,5035.34909229466
3888.3615411864,1933.1886673554
4468.79028306145,7177.84882577589
4268.98715303199,5885.43868515998
4410.61156905466,7139.60156823809
3994.48470261189,2655.74744194006
8925.92171250109,914.138590045536
4276.63380313717,4820.24093421273
4067.45654420889,8007.47899013143
4367.02964955409,5990.4636669391
4407.75489353886,6700.86049019515
4061.67577659446,4887.52989045364
3918.71449132101,4308.07357880225
4730.93685011292,979.267813087176
8872.55965830623,3727.7643681077
7804.16094153508,2955.87572268718
3721.02625221713,5576.16023961617
4605.15364876172,4951.01103515085
4054.2126465778,3224.23531121143
4470.94803865264,6336.56899922945
8244.37607586273,1992.5778417796
4321.62423008397,6670.91007555562
4817.37359988726,4917.02573569733
4002.03630453015,6221.88262065404
8604.50812238484,2098.0007303508
4357.1374253983,3504.13165957432
4327.78136800281,5243.97868506165
3434.76851032854,6096.11362878059
4362.76428280835,4570.01084176007
3433.83362426586,3280.66915027984
8459.69010014528,2415.23540888745
3630.88442558733,5778.7654136088
3037.11840185952,3562.78189444576
3934.26957579656,2736.95996448917
4357.81110445327,6049.7957559043
4154.37872980016,4754.88442647317
4702.82671257627,5298.99173048354
3657.98413037947,3235.26062762284
8147.42647513743,1482.51281696795
4874.27596092488,4266.75681499063
3794.21239440126,6097.98941467819
3910.53054681202,5148.3309413495
3967.86376679394,6492.91296294954
3033.47633081659,1494.44748359865
8111.60928848075,913.854431316233
3754.93525181364,1558.21278702516
3811.24948736173,6312.13134850944
3366.62223214502,6350.71985023556
2964.69935298195,8065.84485484595
5066.20105925095,6726.49143843613
4408.70132024933,6623.34181969935
3863.22723993407,6362.99576105457
4308.16269467324,6374.98709028904
2702.29117240485,2943.25920196273
3285.05124229187,1545.53928655551
4300.43382934119,1540.65171412599
4465.46391364831,4242.88748172922
3874.26493361542,6082.58775783685
3826.88850271614,5244.48991706124
3350.23582756295,1701.71283960907
4769.84026881576,7164.20920676937
3580.12866962504,4986.58753891741
3854.78347873641,4616.5562107619
4352.04438632075,4321.8836084753
4243.63440713427,2288.10292025412
3792.02576106883,5199.820333957
4395.73750217166,6460.9734372049
4157.10332195786,4764.60290872847
8034.98127925997,777.287777727635
4114.48734858646,5872.08322488276
3461.43764615874,5129.0648103607
3499.99474199948,6652.21226202542
2999.95083332405,570.249706415129
3164.27297033553,4419.00923129296
4299.24757110845,5543.87989253847
4035.51536235875,719.433039298899
4679.41172802763,6353.73227105036
4646.41435266409,6723.70651374686
8679.77288560948,1337.70561308649
3857.06592573925,3220.2570890012
3394.21178533069,5104.39966351515
4462.53653770074,4966.58267980347
4276.03130943924,386.967352443522
3573.46559565424,4881.44880907552
3643.39359533459,3430.42080062222
2869.25268257625,4141.55656343103
4865.65950764226,4196.00129139432
3125.81555257158,2144.77317262293
4989.53786348037,6947.68067789618
3159.80180596554,498.982686534701
3076.48560540359,2594.31228237936
3976.73543939108,3289.59181895099
3514.41904942522,4743.85932148939
3593.99314079315,8759.64714659494
4671.85059214306,5342.24051994127
5030.26506592503,7167.619111521
3135.37582916846,2596.86971094308
4628.27946705368,6877.83429309155
3851.87376242271,5308.4827166133
4009.104875943,4274.82700747386
3496.49417617724,5682.03769758321
4448.48237037202,6804.40759286875
3696.37617034914,5787.00601675857
4353.53872805988,5390.66125198545
2399.75392825589,493.356385980038
4073.98341145156,1687.78906187325
3749.83872123758,7633.98109462054
3619.34823611216,1984.56452332775
4916.05325258866,5319.62156965985
3513.74640978767,4219.58646592642
4526.43995725681,5775.92382631577
2210.94030585043,3857.3407486696
1003.85830909285,1466.25900108014
2719.42944717668,4124.10913288081
4287.28008483943,6357.9946519899
4500.25178380971,2913.08150262529
4289.40448686431,4984.93967200061
3886.08399855988,6662.27156561378
8273.76537447494,2361.69981971582
4182.82891382119,5662.26033459481
4505.75774361506,6158.34439049782
4975.46435024709,6940.86086839292
1720.76300715232,2659.49816802476
4607.41098536261,6297.86632658531
5300.28938231242,1813.04618746423
2110.39075344825,800.418277150089
4119.17015057016,5631.00287437154
3604.0971381992,5477.04550569339
3820.31085387513,5770.18356627072
4299.07820521181,2016.39030100962
3871.1622681388,5069.78938399926
3671.06695474079,5518.41893210877
4662.70524160316,4073.13097227291
4358.52664811491,4266.92722565716
4178.83048581796,6370.32680255743
3989.48459812367,5489.09392038686
1634.04458213848,3231.96447093399
4330.16936812512,5193.11427251651
8625.26087703573,3505.55245322083
3544.00492908024,6659.88454771659
4637.54766398404,7915.58239535923
4693.26746658566,3501.8583897399
3729.00109904442,2607.5539945938
4108.22693242348,6067.41359712105
3628.22162125143,996.715137923582
3174.33149159172,4323.36106472557
3126.99668161279,2755.20299719591
3893.31466973098,3864.21764363187
4413.64444438547,4290.4557375855
3815.65871014419,5499.72154143382
4174.53550910813,5796.38325482555
3972.27191360895,6290.36487441593
3935.77096264766,3593.81228139874
4086.2129471418,3533.40000869247
7663.83468771328,1837.59758624701
3556.15853369331,4604.28072279814
4200.6070373299,4216.11989857104
4005.23836965375,6252.2876046894
4285.38633913117,2634.60594790891
4161.8840774758,4871.95782294577
4506.34846502202,5378.61283729198
3689.5494896989,1357.08517499662
4484.70330655767,2720.36501012686
2692.79550500355,2286.17047175276
3398.56310043422,5158.61731820815
4343.40343409082,5283.93131783052
1583.47671482713,413.621425395017
3972.11570990329,6508.31461979088
4664.22676959333,4759.94262099686
4135.56608154796,2221.95059893042
4610.6505983799,5970.91337722099
3018.03429978708,1661.87384918916
2950.16758636456,3624.95599355923
4469.9187068471,4328.13510051995
4120.31703609306,4770.96814883589
3405.36763081598,292.79714426701
8564.31461935994,1263.71059540508
3917.19694052683,3624.16017997508
4791.79523806539,6092.70372402896
4595.83651033814,4277.55484670412
4728.64312305774,4248.96856310734
3879.25903787558,2470.4190764035
4109.50548540929,6541.67451632678
3295.0589070802,1189.31788235924
4036.46277506731,3009.92275528602
4058.18839744957,3221.62100861633
3253.05961901409,2484.91117159792
3643.24807454836,6648.97276794033
3353.52454416776,6337.87604481319
3319.48004422469,4976.52823532906
4686.23639223067,6378.56740570719
4258.33076154208,5145.77351278578
2140.90747075105,1359.52896121139
4563.95466623594,4289.94408273065
4072.36909727967,5427.60188679477
4319.50216205521,6523.94292704726
3873.90616822045,5671.12591780694
4693.81730413817,4654.69014309219
4552.64674416475,5659.98706476039
3766.24800159106,5178.33801859279
5354.76442300641,7152.33204845293
4066.70837313955,4688.67544254571
3528.46121700339,1974.84625250008
4592.53431782701,5424.36239270967
3067.44838719301,523.193052556793
3650.04828729662,3761.40884622815
3915.12617435466,6974.39159845061
2708.72803891046,5175.26893517422
4634.62744631891,6320.54236232574
7741.88470825396,8297.09339789436
3451.03150663686,5125.14325075422
3478.77643829296,2380.05660048533
4329.34368976498,5264.43811357142
3991.69898740963,6532.07020498951
8245.28553329432,5748.53084023997
3985.95511159832,4177.81513271897
2904.84982072646,4921.34477924063
2385.19810512408,600.654690450488
4204.23805902384,5071.83515770814
8602.78463681812,2765.83040681525
4703.0138143371,3364.04140602822
3710.87860105482,5399.18601386453
3092.0604101494,2029.80263531822
3760.5965306292,5116.33433014585
4358.57087323416,5333.4315993329
3800.93523435249,5098.88732245088
3724.60395221771,4708.45322838936
3779.50529405809,5756.31687399391
4560.04245981921,5653.22391786089
7934.49762049258,2786.46045741918
3348.23980853196,1214.94904202784
4295.03063112741,5329.56712518543
4787.88911180293,7211.66371456288
4181.1452035685,4732.83379365035
3944.03726188282,1292.29698471567
3439.94712475537,6002.62540684009
3535.0887228938,5411.5185872873
4300.05160488804,5763.3070941637
3962.82857036084,6012.62804782469
4413.44981968599,2038.21364913452
4140.19647767986,5762.17045924649
4477.22278196794,4472.54439760934
3688.12014732111,6115.15226364385
4359.03588746423,4304.49326338409
4046.34342447565,4631.55996081117
3608.23936343156,4949.3627453788
2994.3230892248,2126.01869648897
3781.88579648296,7474.28388875258
2911.27887352826,3300.95816812309
3881.64037278814,5223.4055084891
2502.27476897504,7105.90000465862
3829.37232793549,1635.2196969523
3386.39472943701,5273.2470341798
3110.45261042926,3533.00210190039
4639.66325941139,3696.45024528067
4194.81132169508,4437.13830450931
3022.99632660754,5723.01321720651
4315.43649842519,4680.32151418842
4193.31866226506,6018.76579180657
5077.80267409407,6486.83188157142
3884.85320807708,3821.36633811096
4256.37086790016,6259.90280492156
3489.84459438699,3083.00842274813
4133.97558012576,6808.78372187106
2565.59939899066,560.019992160242
3707.29463344038,3543.91388167666
3435.01063974042,4128.76942061242
4268.29813949521,3287.14792702241
3756.70339055118,6315.48416780206
4127.25053385142,4491.5830324726
4158.31605037269,4962.54779498948
4045.67356228862,5628.84335259989
4020.19112309772,2544.24347199074
4213.02513023751,5366.90566678682
3967.02723071393,5538.02588443064
2879.51930897243,1427.72705624397
4937.96031743009,4345.86668979947
4966.05071059365,6062.12832932707
4137.42979291839,5150.20630439185
2303.37553993752,1583.33239755273
3897.01167730817,6150.33128347359
4053.34323780013,5938.23512335122
3834.73950820452,4405.93792974505
4206.62390603136,4915.77535271735
4782.91084573612,6612.08921859002
7867.4843014947,5174.07563765325
4241.69289119894,6193.23925159826
3660.17523137914,4109.90119641569
3653.02993891958,1005.18302577127
8213.2838725003,2328.11242705438
3869.3916124002,175.269099113219
3128.22769325676,3019.0158346237
3353.26205822425,5797.00823488791
4016.69109577798,3004.92164622135
4004.63501985036,5423.05534712593
3262.11626655786,1621.46643559683
4454.17784713467,4986.30338018811
4735.61530502188,6728.42388693749
4643.17652280646,7612.83917773413
5174.43052246397,6337.93270741695
3652.43486266417,5725.91188995855
4452.13163802207,6613.11210544446
3448.52392360153,5600.48414227341
4130.84219157003,4030.22300414824
3521.61858570504,4809.15874376993
4808.94796194559,4541.36789555953
2204.53528298812,128.326074389614
1638.90654420797,600.143194166362
4311.48947738774,5187.94232993006
4047.13961402335,4103.76345243381
3402.58200035855,2537.13950375818
4680.2082991315,5148.21719328673
3602.77949956354,4310.2331005739
2783.12293123373,2722.18371056544
3114.88252130196,1217.67688125809
2057.46644811897,4044.26052994683
4628.0492812933,7090.83959200559
4037.95654945681,6040.81642462939
3816.56980185231,3784.53945136442
1895.00835894671,837.245216753539
5132.73439192597,4058.52512901571
3766.42536101513,4652.07605192471
4406.50200380297,5172.9956653398
4033.88136012933,4683.56058541826
4128.10531425436,5892.54265339254
4157.5697506012,6322.24731470156
3988.4661970951,708.294027681626
3645.17931875923,6466.65661179095
4736.00527800382,6862.20556297991
3411.40365983575,4503.17687777024
4380.70297195763,6129.53103363076
4217.38986381897,4849.56636878989
4068.44626322724,6207.67468418892
3839.20268137145,4699.70097038474
4231.80506058564,1160.27692365282
4215.18587002278,4888.09820791225
3795.89197915222,1098.21657260212
3084.70772856477,7084.53143735718
3072.90299320077,8590.74353618178
3803.53566082121,5594.80096768736
3713.73251293251,2076.46132952758
1881.42897583335,1186.87409614447
4534.73959216878,5938.23512335122
4538.94959807234,5296.09348058676
1970.63879683077,25.460620989252
4820.01283183049,4707.20284540938
4303.32771120157,5095.02242544817
7946.87570418621,1376.40796858919
3559.50817561335,1759.96537911607
4120.49023283403,5222.78052842674
3922.53550567968,6839.41620203196
3067.17139957537,5572.01160673941
3915.84316939684,4391.04792775855
3500.71084423017,6174.82559679736
4516.10302082293,6482.96740742396
8423.38802958152,2973.15274257087
2953.21240033732,3443.3216915036
3349.15885431642,5939.7696650605
3782.15759804483,5568.1467097367
3571.43948600334,3357.44888122288
3580.4176466191,155.718981180059
2988.68928273599,2284.23823467903
3635.89262271172,1854.07879254655
4857.7541176449,5052.62611217835
4723.49267454689,5640.09595370922
4256.24447743597,5792.46169521908
3780.94101175135,5928.17581976286
4570.98851948235,4340.5814220055
3747.03754350923,1871.412475034
3926.41878645127,6489.10515140584
4174.77988600287,5135.8279572602
4149.9717688968,4895.42967227035
4593.36610390867,5617.30616990601
2305.63891843457,4349.5607532804
4180.8155164902,4948.79442792019
4494.76347157254,5145.3185205347
4188.2412351552,4744.65471221828
4159.40701052448,3644.90376721416
2378.7806163635,2251.78726550717
4800.21895706138,4327.79427918689
4958.42774953192,5708.18030067903
3350.66096160142,3310.7899755859
4850.46268590663,6142.14734292758
4251.72194738813,5102.18347913974
4321.60169336445,4111.43573812497
4021.49134062549,5822.18461373306
4185.81597023982,4878.83471790804
3706.72635761358,224.428559282538
4247.70560197015,5963.12734346706
3758.66044750502,5811.95489947817
3804.89051561191,4617.01078015774
7548.68351164424,720.740190596453
7598.49234009199,440.218677172033
3719.04964528736,5572.522838739
3850.93428690696,6457.50686984951
3638.29355014408,5507.50757518776
3974.0143793732,4310.97182869903
3517.00329232615,3377.05583354475
3676.32801346073,6627.94502197195
3776.88808123133,2665.74966006941
4089.86317665257,4416.7926240623
3270.23565142673,2492.29929855979
4946.52802391492,2795.21250399617
4008.3211025009,5148.27385589049
3452.55493668446,5204.36687362584
4041.17724331278,6144.98893022061
4337.29371789436,6170.90446004614
4347.11370138569,4801.37313287125
4186.25209397306,2516.56632718564
7984.81951223357,665.613397111784
7536.64327376804,2561.2361217175
3639.52864110638,4637.81145285583
4552.60243472401,5552.4613170213
3548.73948629427,4577.45605418094
3903.67359974848,7363.74614305394
4858.06489575677,2351.47010546093
4394.28980906071,5650.5527412344
4283.78111716786,5305.98195065333
4516.7445125566,2468.6572499963
3879.78003412639,4816.5468707318
4076.74236068115,5641.0621779599
3830.27884177199,5705.11121726046
4184.81274387979,6001.14795058982
4290.5096542176,6244.50157093546
4362.35512641013,5425.61277568965
1855.3505748479,2565.49850265704
4073.83842903537,4782.78906740382
3856.4345631691,1984.50764929636
4736.86123037042,6880.2779735925
4580.11123119775,3791.07510213838
4086.74181199376,6013.65093467913
3489.26307324278,4875.42481315641
4064.91617428888,2963.20718704528
4120.79241339819,6955.40962619111
4583.50291459488,6112.08360308054
8626.15463571617,6826.68572181711
4219.25054654054,6454.15362770164
3558.53338135711,4973.06166797367
4366.48166677466,3327.89637337543
4414.30824995283,1272.57639004485
8631.22650452099,4029.08636923103
3379.10113417307,5701.13299505023
3734.77575860843,5620.14775719904
2497.16103210181,2229.62288462158
4220.46665027488,2713.09063122777
3875.60920191916,6071.90347418613
7978.12215637043,2205.75355136018
3820.95398204476,1376.23745220884
3847.48402945116,5421.86204960496
3886.67605720313,6817.19473568736
4289.02284302511,6959.67200713064
4108.94473602929,5654.87220763294
4481.73920893312,3794.59875495278
3475.59331834751,3679.45738412628
7254.09057713024,1319.86038145801
4589.26892030995,5010.17271344951
4188.73879995505,5634.24236845664
3882.0580427011,5768.81985808321
4197.74927015876,6355.03931663411
4089.65841475241,6614.1349922989
4542.82987268256,4271.53085078501
8431.89721219555,202.491502737546
4089.00698317997,7739.85812973232
3479.97185495765,6011.71848617777
4006.20500393872,6025.131031914
4246.59095725254,994.328225740204
4461.4026392237,8079.54198216673
4450.58991063257,6171.69985077503
4199.8716472499,4229.07745205618
4002.43805665727,3463.04218046061
3414.94065275297,3057.88870650675
4085.17010059603,3320.9628158094
4094.62699860109,5729.60595343948
4247.30728972022,5288.25036137381
3864.95357976668,5741.37020940365
3883.50728041923,5275.00864915937
9065.97766641443,4952.8863981932
3942.92986085247,5827.69737765258
4008.50471007622,4855.81786083454
4141.1406750385,4225.72420990831
2684.48122717268,1958.36504620054
5702.40379656691,426.692726942928
4498.21210194858,6189.82934684663
4480.34762235839,4626.10385949542
4095.84462013464,5203.45773483417
3683.33636823897,380.829502747827
3903.68783127333,5386.96718850452
3698.42709428836,3827.56116755186
4198.78980147654,5340.08099816962
4083.2898775458,6040.93017269216
3946.97573884707,4763.69334708155
4255.5665805479,1169.42677130807
4049.40782847847,4189.01107122453
4415.20129275542,6316.39372944898
3039.4750366829,6583.27543886771
3511.00027852423,1905.79568127959
3572.11210930299,2448.42510618444
4352.32627158585,4326.20265201859
4162.37352221439,6830.15271202775
8720.64826421768,3559.65614842344
4296.12597176593,5644.92665210736
3623.34147345883,4167.30125973478
4678.24700577781,3988.67916706633
4373.69719043271,4352.91357257302
4502.09723162287,5978.35858964187
4529.19399594993,6385.44430066946
4535.5363697011,5860.54604218888
4521.27771106834,3246.91113552424
3839.69811441669,5996.08975606614
4734.60718723168,3773.40059831787
4374.86867310373,4435.31960407072
4189.94844137472,4628.32046672607
5410.39908474281,1900.56707608938
4926.47929745308,5003.92122140486
4248.60429323633,4906.39811465037
3825.7150166725,3824.5491695923
3567.19465903282,2056.85437720571
3732.22595655031,3157.85591661744
4019.58966297198,4665.94274420151
4161.26004607621,5813.43277858369
4257.62443697345,4673.61502989268
4382.49286205259,6013.13927982428
4591.71031214209,6933.18858270176
4444.21446700802,4935.78021183129
2937.14508329076,2718.14861432383
4615.84698576895,6021.94820043266
3251.92431837472,4056.5360179106
3976.64807900622,6743.25680346497
4335.54982362972,6755.58937688775
3910.54952612794,1588.56089702914
3858.66046069397,3492.02637084946
4322.76004842362,1506.89369937038
4729.08370966132,6715.7500693264
4043.16593227188,6317.81452309549
3834.44989704354,5121.44918727329
4109.72490140456,4983.17763416579
3697.12934727735,5440.90068446822
4023.18644909791,738.073873083901
3876.086287946,1107.08236724188
4627.4352372707,3799.03154655884
3862.8698239807,5274.66782782631
3411.67640971075,2814.93299295318
7762.5546830683,1636.29956355194
4620.93704058179,6138.90827169774
4340.06746086106,6899.08953518547
4127.12364511742,5376.79455970865
3942.1871246238,5639.07306685478
3819.413820956,4248.05900146043
4423.11866534101,5387.9334127552
3986.93941546294,4280.79434078922
4514.08299747072,6184.43033098988
4313.7711257255,5281.60138539234
3962.06620588551,5428.0564561906
8372.37465860089,2787.31293360709
4201.48122767891,5203.17357610487
4053.86838924044,5612.47547150787
4014.32653129602,3835.51761197232
4230.27423586355,4208.6180235464
3561.99657032134,6708.36194236453
4374.44426554714,4065.00411718591
5624.16404616401,8017.36788305326
8648.34237045792,6870.21909285939
4492.19418756598,3939.12180010494
3662.85965534436,2588.23120100123
4982.78814495183,7547.76682872388
3948.68368008229,2778.27651687317
4196.38814197377,5622.13686830415
4586.06209159644,7219.16601244276
4224.53555901443,4547.61938760419
3803.03180354443,5220.79141732162
8191.19898761962,5621.34147757526
4644.3166320614,6278.03230099315
4308.59025751415,4746.6438233234
4615.51376088809,7280.77179409763
4297.09187357729,6990.24740183253
4059.10374277552,6455.63150680716
3713.39904778105,6086.96388683915
3474.43628813296,4160.02688083569
4582.98445681666,1986.38301233871
3865.04195395073,6271.21249148989
4450.91138789377,6416.41760216343
4572.84174379985,4617.18119082427
4267.5820435171,7399.6068055498
3829.78255156803,4405.99459234881
3868.20929149246,4860.64855923268
3716.38660328016,1823.0486170212
4350.62879917048,5540.98121978643
4647.5813483309,6549.06264328865
3093.53316533524,1954.27307592754
3887.02303675605,5600.42747966965
4141.15054269634,2556.57604541352
3110.79060502613,1550.8246600633
2411.99577198675,4500.96027053958
3491.00402102652,4878.26640044943
3970.91705280129,5301.4354109845
3089.19392761951,126.6211220138
3275.95759176235,4454.58573505953
4100.24193518067,4322.90649532973
4177.44746421449,4303.92494592548
4106.8063925129,6007.85401203031
3414.61482345829,881.915011285404
4347.45489244183,1899.77147393286
4738.08660576236,7287.07994874604
4442.27321525397,4750.1674761378
4349.21005077671,7110.16238559815
4161.57902709407,7287.87576233019
4717.33901677002,5564.22557298547
4667.47037110085,4651.28023834056
3901.89855187532,473.408400897483
3890.54835988699,5919.19648848795
4134.31517115895,5986.03087533303
1703.3450452194,319.167058489202
3136.11146097054,1007.39952728812
4104.17059886848,6474.21557227459
8776.61902135482,1202.50282625611
3990.8939049537,4427.13608637996
9319.84397025643,2782.87993057339
4074.05763171541,5220.166014404
5031.79617853954,8136.03206098365
4818.12718822774,5426.1244305445
4663.29151697874,5766.37617758226
4608.16205842459,4368.20148135159
2385.94604015004,1275.19069263995
3787.76775703988,2146.47812499874
4195.00016732298,6089.97588479871
3801.84886118761,6750.58826782307
2018.6928215528,3319.48535955913
1376.26497783835,1271.61027150798
4112.46433147432,4673.67211535169
4037.42872704743,5105.36588776582
3892.38653122682,3930.76744889239
3935.61392689991,5849.35052653857
4320.30396688623,5812.01198493718
3918.99751713428,4758.8626486834
3322.72351527289,5478.86420613198
2019.82154450105,322.576963240831
4448.08962821406,4125.75742265287
4131.42809604691,1317.24618457671
3930.60995336128,3451.56229465337
3711.02855554983,4011.01395861845
4661.77167877151,5052.00113211598
4508.52952642827,4401.90262207581
4380.36328152704,4619.90945290977
4090.45674667467,5708.23696328279
8713.94835301215,615.089964470432
4051.62151056046,4888.66652537085
4652.26597054903,4571.31831019906
4344.09807938793,5095.42033224024
4207.04889544709,6262.28982281875
3508.72896246249,5018.01540980721
7868.44094908677,795.644399926427
4111.93086653053,5551.6088408334
3477.48346248872,5571.10204509249
4330.08887897755,5043.53303284067
3681.32662717434,1439.09340541606
4115.19730757493,4166.3350354841
3613.90611615687,2794.92834526686
4930.15773030812,4036.87240298497
3002.75193982063,283.760886103811
4253.74198728521,4378.20369948093
7163.58853138868,3223.72386778422
3666.72139123879,6888.97356899335
4508.63112627373,5941.81543876938
3579.76781667897,5108.49163378815
3883.10901989491,4580.24055601495
3647.62432276414,4583.30963943352
2791.97010026036,1866.75218730239
8194.58462154609,4256.81125946504
3840.86133274592,792.689170284444
4238.9853881635,4391.84331848745
3989.81745114397,7468.82736458157
4659.86913866759,5921.58350638515
3474.82700356297,2828.856770689
4052.74605635513,5307.34608169609
4104.06831344787,3571.1362456583
7962.076690007,4113.82275602216
3912.1406179064,4034.37163702501
4214.52431189117,4579.67223855635
4747.31143621712,3567.95383703222
4303.56695325165,4496.86872312183
2022.09338998231,668.398110373422
3924.70523615582,6535.8209310742
3516.42481776426,1140.10165387234
4468.09107882801,5994.4985517531
9280.85249056025,4152.92291260313
2022.34421849741,1162.89112053411
4051.72340518515,4978.46068383042
4369.81365917614,5687.09589210689
4036.93760151616,5434.8196030901
3586.01876137977,3244.35370696052
3828.90965747954,7426.31772610423
3409.13647908659,3697.13231080205
4063.68567723701,5793.03001267768
2878.57481674383,1133.16809630632
3858.12961617064,3740.09694153047
3967.68487750818,6888.17775540921
4534.35160951476,4696.63188696617
4071.39572600246,5664.30610830368
4561.72357468348,7211.94787329218
4108.451999958,5819.57052256558
3783.11375136654,2873.75384991878
4013.90506711597,2185.86244030901
4109.79759273815,2833.80121714991
3784.56800669854,5444.99265474123
4536.77222056889,2265.59750660784
4623.41091352405,6100.66016844943
3859.61084811418,4413.43938191443
3785.10855266294,4582.45716324561
5053.66953206038,3496.00459305969
4328.33373992185,6683.98137710354
3119.40230658286,3046.57923136604
2936.40362580335,699.200948343948
4127.12278548869,8755.78224959222
4798.54075543324,4862.46725967127
3285.79277269425,1105.03638210538
9003.75731720713,6086.79347617262
3990.24310873705,2810.5570753785
4521.59289048636,5867.87750654699
4530.89644939574,7017.75413597111
3957.58766187301,2794.13274311034
4453.42529279391,5653.33766592366
2856.88168503543,3418.65675608568
3768.99558237211,5501.02858701756
3954.09251184346,2011.04815918426
4236.14114421899,7230.36152809308
4227.85644201003,4474.30643544416
3793.88369902557,5399.41350999007
4914.73435227165,7136.92996875634
2882.21711623737,1221.88249388006
3884.66921557836,5177.31513173835
3685.63236020782,4243.05789239575
2067.41753003163,1677.04790419115
3726.22588311879,5802.12309201536
3658.42990172759,5456.07484518402
9083.69086074875,1660.39618151126
3623.56295254144,6026.72223622704
4772.87049568383,5783.42570134041
3711.34845629003,6295.3659834806
4772.07622818807,6201.19569601873
4648.88920184241,6158.79938274891
4519.16181789665,5374.18004568591
3795.06663765279,3831.93729655416
4840.50967521892,2112.60636218037
3323.38186030488,1904.77279442516
3805.77496429331,3831.99395915792
3683.30813952336,241.705394167053
4096.59424206114,3550.67681714853
4339.27594433678,5325.3047442459
4660.62776216986,4253.34469210965
3784.5821044758,1832.82376188026
3602.77307964678,56.4907502648082
4223.69142973401,5076.49544543975
3399.55488751843,3047.8864883774
2546.31203624821,3824.71958025883
4199.63054309048,5197.26290539328
4301.34892729327,2157.33303074362
3837.83038971371,2994.12361450786
4212.32116377821,6815.48978331154
3499.45354528869,2230.58910887226
5121.25396258534,5474.9426465255
3889.8511498747,5662.2032491358
3498.14393923796,2840.67790068455
4356.13513935659,4394.96906450978
4383.62747908315,4554.72335583675
4878.91742000034,5822.58252052513
3670.09480589099,2721.89955183614
4794.76230995211,5425.72652375242
4255.80373054673,4532.33147882562
2322.92684700659,2430.01166281117
4038.12253715004,2955.19386859343
4410.52472880767,5346.84414506912
4856.53400452017,6149.81962861875
3409.28024438586,3582.04802543457
4374.59740582178,5376.39665291657
8012.88633460833,2157.1057460457
4347.60797997376,4061.87837116358
3909.31079600347,1350.89055698335
4493.11587480521,7238.77296476463
3892.15736400717,3620.06820970208
4063.20916819854,5417.31550993612
3860.58808244706,6220.91639640336
7776.68160113767,4623.71684159822
3691.94643547909,5272.22414732536
4952.95140957361,1773.66187215397
4027.62656987105,6839.07495784365
3875.50156644333,1916.93474575377
3877.9544924143,4357.85801903393
3543.07956004851,148.615012947498
4262.66595115532,5309.22144473843
3934.74945117377,5989.72493881397
4287.07373834087,5367.5877323082
3292.88734494449,2845.05381825924
2161.06882225561,2037.24742488384
4160.59321821884,6529.56943902955
3895.63739725616,5690.67620752505
3390.48469644075,2781.17497819758
8968.61534338305,2933.02948770784
5152.16976096942,7115.73223497668
3733.4009121181,5936.87141516372
3887.08584127512,6204.60560077036
4098.15990203559,597.813103157464
3118.21039949096,1845.61090469887
5069.06747633303,3320.3944983508
3968.24656807605,5403.78963899238
4685.35698328265,5534.84347580455
4030.92317481435,4457.19982622701
9162.26034861167,3624.38767610063
2761.7923386861,2382.32987031975
3358.89022305214,5259.77782583981
3736.06059479658,4337.00068373208
8791.00617496887,2255.70882511364
4047.55140379257,5561.38398569245
7302.4006421934,1158.0036538184
3744.03287810265,3949.23776629705
4018.8155839485,6303.43617596384
4263.09346966337,5231.8165223054
3588.11013926384,6574.46651825933
3925.43799006981,5492.33341447196
3751.5331137648,5392.8207737571
3552.92565621391,7393.1278173796
3764.71903175547,4134.11135101016
3941.0557657122,5308.88062340537
3822.45020008187,1653.86053073731
4304.50394346293,5842.98528643115
4367.47304325889,2778.44713896732
3905.34618011536,4847.23601349646
4210.93644050246,5157.87859008301
2718.62318731512,442.605615783864
7634.53307033143,3943.83875044031
3928.53401253767,7018.20870536694
4100.76234724225,5516.42982100365
4261.45742590614,3743.45018367834
3180.08450781769,5592.64144591571
7973.79703345113,6328.44214414245
3799.05663543209,4933.22278326757
3776.74357728685,5812.92112372885
3848.4672777845,5450.10751186867
4356.87767750514,3265.77935972097
4187.01358802968,3476.22723007129
5080.30560450863,6994.56686823108
5094.11278075966,3332.72707177357
4039.03134312655,5703.80417167672
3843.73476443111,6291.27401320759
4073.0988821877,5442.6622994478
3975.82834089898,6480.80788565231
3150.96607366792,6588.95861345376
3754.74597462874,6676.25200595336
4464.97835884588,5789.62010792605
8214.88940667203,2689.56233072705
3612.25846141881,4920.8902098448
4555.38125813634,6023.99439699679
9011.34698285354,5233.46481207746
3934.08358659301,5540.75414651614
2703.33406436811,1451.25535674468
3064.36984055173,1097.76200320628
3098.63149959627,4549.89265743861
3659.38293439981,2460.30289878376
4980.4123946667,2077.82546057033
4477.675650098,3271.74669303632
4272.01344566016,2978.83591715692
2496.26953048319,1384.98960449964
4440.39017306227,5292.96773456443
4482.27552034521,6115.6639184987
4435.43393077589,6082.81525396239
4342.35209545346,5637.48143968649
8063.50756709727,369.576822353142
3740.05617956876,4095.46576382503
3439.00362870063,5531.09274971986
3447.07882310507,1141.63608986782
3314.69019163354,734.152472048146
4198.88183276866,3114.2658829714
3917.52755328426,3942.7021155231
2099.32041475778,1538.54896067191
3905.0429966054,5223.91716334395
4473.26067696899,4206.57182698227
3655.44857996484,1852.08968144144
1222.0075919616,443.287575591427
4411.96464180784,6699.7805178817
3891.25585590951,2376.70356976509
4055.763996652,2966.84437649483
1541.27221127967,2116.47104775546
4308.36821137511,6665.51105969888
1553.38764920045,818.831773380267
4017.08969179639,6666.93185334539
3862.62313176595,3266.29080314819
3899.24498799934,4718.1712877894
3742.08061936703,5227.66788942864
4044.80604669415,6624.53511722032
4295.35145999665,5832.75557217626
3244.56306412555,3113.64069148141
3495.7332516711,630.377714678284
4214.93583175037,7258.54990489778
3894.02735593541,5270.63252015706
3710.06560846037,5723.24071333206
4635.89874484491,2178.6449354413
3899.30775987885,3830.57316551141
3349.77598693965,3917.98030607379
3757.65950426237,5235.85182997465
4304.8047117934,4518.9760185484
4673.61440588722,5820.82090554556
4473.26972709416,5221.30264932121
4616.22607010533,3255.43589740331
4498.21045343204,6353.05020552899
4166.32577051359,5315.81375811615
6995.50058046612,6075.37004154151
4580.65776435827,1374.07793043719
3858.24695439348,5375.82833545797
3828.12197042025,4667.87519270287
4573.55339243553,2566.2374422098
3951.27919669153,4584.90084374656
3947.25269581817,2359.7107086107
3811.68175191746,6110.20824003819
3877.02059170277,5765.40995333159
4302.06028352199,6225.86084286428
4185.24150793072,5755.97562980559
4491.31538342676,6728.19639081194
4155.00025797481,6337.36438995834
4270.39606268062,7288.15992105949
3182.0756111954,4601.95036750471
4419.63053345168,4466.29290556468
7559.02221999336,1858.68220624678
2928.3504452496,4841.09826951458
4114.56347694939,3221.22331325188
3787.98021459723,3668.77310047556
3967.95139306292,5882.36960174141
3670.37497467986,1260.81223979449
3730.56629309165,6683.41305964493
4102.53438456821,5529.61487061434
4623.7774584148,6259.16407679642
4176.78766026129,4442.36690969952
4171.03412825068,5763.07959803815
4550.33929001323,800.475098324568
3763.34533585525,4866.78630321456
3001.60490507832,2292.53571186019
4495.10964141992,3098.40986816185
3982.44394215577,5205.78766727235
3619.62027423134,4279.54395780923
3639.71622885237,6908.06886646037
4547.72015823021,4575.01237367999
3233.11451453634,2388.69489899955
3353.63038359671,5690.16455267021
3712.49906691985,4176.84890846829
4678.26928518896,5920.787692801
3900.20612960177,4409.00659030837
3848.54591421401,5581.72966613945
4117.55650942655,6435.74039575599
4161.94993035636,2335.72783871415
4265.68218321425,5468.00951181472
7542.17554577381,1863.45603061353
3391.4652954287,3140.91992949444
4392.19479262731,5129.6331278193
4504.0330696493,6656.19048423566
4694.71290265881,5269.78004396915
3814.33882857897,6521.21508781701
4381.58406803191,5989.55410529218
4550.89340836636,3485.09302471106
4072.7112170903,6716.71629357707
4395.80373570683,7666.43185236477
4129.8332432987,3717.70548737459
4025.90314813254,7975.3123911165
3328.98977003297,3382.17069067219
3582.24845005532,4115.30021227244
4459.69021222145,2020.14123852194
3615.83698224295,4638.60684358472
3710.89391693264,5307.80065109192
3934.37531012872,5681.92394952043
3442.77801724677,4809.95455735408
5279.07388978662,3789.19973909603
3144.80179667839,460.905416808177
4236.36136003705,6914.20661044226
3263.73572308059,2437.28604171026
3618.43215129046,4996.36268377647
7948.39931852851,1381.52282571663
3736.83441896956,5989.26994656288
3755.73537215723,5197.83122285188
8558.88504537823,886.404676922857
4466.87520487695,7154.09366343251
4547.62033167471,3436.84291476103
3904.45696714137,4727.54852585638
4567.81828996994,736.653079437389
3882.23738367452,4682.76519468937
2330.04936246866,207.435856698872
4658.75847415768,6609.47470456729
4156.32378017845,5057.05890378441
4319.75619967261,5124.80242942116
4333.75756578464,5843.72401455628
3446.56216100766,4716.86424220566
4689.35745273735,4609.67973865489
4668.41656373026,2843.57636200896
3389.99700993194,2317.08711064297
4341.85739026488,6053.43315678147
2033.90553944047,5133.55468742578
2666.31758957351,2683.76540807823
3440.34537262977,7308.2776825257
8099.99239325558,7329.36293680834
3543.07104435568,5699.93969752926
3977.82762811476,6316.39372944898
3897.098132009,5277.28191899379
3604.16531801855,4722.66116485448
4585.13776112062,5323.99769866216
3736.01428618122,5560.41776144177
3896.29088127362,4591.94814937536
3914.77406244573,5876.3456058223
3435.80984479918,2881.5967577041
4000.57771023611,2203.19612279646
4290.59352834115,5777.62877869159
1916.37248686264,268.529983498892
4002.64124331516,4933.9044259337
5073.62977832368,6757.35099186732
4179.45963190749,2457.17715276143
4331.09302631065,5319.73531772262
3039.43826057991,1527.69405492703
4137.81764106027,5412.59855960075
4330.11196290576,6248.763951875
4159.31512993417,4553.359224794
4825.65896541468,4826.49242625738
4618.85718397226,7188.93101621868
4175.81827479398,5772.85474289721
3060.38321658465,1407.8359451928
3779.59017784089,4266.8705630534
4410.62492150659,3499.75553057201
4448.8659907852,1938.6443458159
4478.4745378516,4641.61884154428
4682.83052275134,6043.48760125588
4503.86303922033,5713.465568473
4150.71513655673,5478.1821406106
3635.33563197254,6864.93340221017
4233.82892519993,2054.80860349683
4310.55313755714,4535.91179424378
2113.33464742096,3981.461450771
3798.50969929263,7078.39369337529
4344.51676289334,4867.63877940247
3667.82973705085,2522.93156729306
3817.78453287077,2246.21783898389
3104.4098116832,4164.45967244176
4150.86167709728,6025.75601197636
3253.3509980021,6595.83508556078
3757.70654424945,6117.25512281174
5118.91478140227,7683.70887224846
3536.40628546383,5411.97315668314
4370.3270830091,5643.84667979391
4312.4504742393,6051.04613888428
4937.10297546203,3331.70418491913
8263.75045239786,1209.43627810832
2477.28153106018,520.749266342029
4646.16474471693,5376.2829048538
4388.37293456531,5689.48248714883
3881.7306749472,1786.61942563911
4686.58476832706,6889.76895972225
4143.05475754606,5598.43836856453
4719.61732398341,3602.33704327781
4304.45512023237,4473.85186604833
4542.23170613187,5988.98578783358
4035.22483088946,2369.03128407392
3575.90687742691,1349.41288930546
4056.07388425873,1792.64363298585
3379.19923181132,5960.28575617403
4328.47407400388,1602.31415838461
3821.99208327058,6440.74150482066
4730.36043526697,5228.86118694961
3976.37902542516,4105.12716062131
4129.32351825709,3816.81979844212
4345.40458058542,4187.93109891108
4145.14671300769,7274.46279373871
2436.20122762351,1971.20906305054
7220.34011781278,1658.69122913545
4557.03554902035,5767.34197897769
3807.24953012416,2753.66845548663
3117.3876742305,5479.71668231988
4292.68238725974,4698.28017673823
5184.08813020688,4397.35608240697
4695.28173487458,3335.05721563938
4203.31161751969,6095.82947005129
4436.30068380807,5870.66243123625
4357.92255938255,5756.31687399391
2783.25813108525,2356.69871065115
4852.45771813799,5215.67656019418
4572.50649186069,4523.80671694654
9034.81472781635,2393.63934546046
3586.52763433765,6364.58696536762
3559.89276898843,1944.04336167265
5235.91911782031,5298.25300235841
3524.93405451771,4232.03278741197
3897.35079512307,1472.39685077583
2509.81063031952,956.02356560195
3895.59861811329,4689.18709740055
3439.54761576209,5110.87865168534
4854.8213773725,4866.67255515179
3842.22963894914,5063.7649652249
8287.22106478013,671.353392872311
4118.23584377861,5864.52426439912
3639.17825339803,3337.38735950518
4112.57577498375,4610.75928811308
4355.53124695037,6157.49191430991
4491.96227764045,4549.77890937584
6548.63276799166,3117.84619838956
5170.04580992102,4586.54913351862
3980.52231884623,4117.23266077379
4368.78332197624,5268.58674644819
3577.8565136962,4879.34594990763
3622.8919135361,6868.9116244204
4022.04556424172,4022.4369703943
8424.81075039087,386.455856159396
3638.33112493039,5255.17462356721
3462.04390461917,4775.74176177502
4467.96863325155,6670.22801003425
3787.36905201031,4939.07636852015
4004.67618771343,5274.66782782631
3837.00015121073,6911.70626733755
4482.95942383667,3957.47836944682
2621.46857458668,2145.68252284222
3758.383952164,5920.787692801
7923.80978698347,947.669320103221
4217.08776062196,5525.29582707104
8258.93263424197,2914.95686566763
3688.60250124984,6089.80547413218
4447.29268295022,5480.28499977849
4631.43088151039,6931.93819972178
4489.40412970985,6541.50410566025
4375.0896984177,4602.06411556748
8411.46235474574,5040.74810815141
4060.58404992471,885.836359464252
4181.01721063905,5915.16160367396
4188.94720840473,6108.1053808703
3790.46948193246,2974.34604009184
4761.63416099953,5977.73318672425
3972.28186181658,5849.12303041303
4738.68416899498,5489.71890044923
2127.89207108239,153.900360026832
945.122671003115,1724.9570870943
7380.73421013757,1613.33958050983
3152.80618426995,953.409368720655
4232.76221309368,5121.67668339883
4200.02367857914,4662.53283944988
3331.11526833648,4285.34088045805
4314.56244880014,6204.43519010382
4201.32310135998,2525.37524779401
4174.24256316693,3318.12122851638
3761.21528007337,5192.94386184998
4213.09444881509,4312.44970780456
8898.16705387065,1632.37810965928
4343.82752003827,6904.03398164638
3704.00732926516,5856.62490543766
5590.85763593764,4854.28331912526
4283.91348124884,5810.7616019572
3987.71829064428,6471.2602369188
3460.67943573859,2306.74364832531
3584.86472721166,224.485380457017
3729.08139167328,5617.4770034278
3969.07187404511,5921.86766511445
3965.05793096811,2026.10857183729
7988.42695291478,169.642758915877
3607.38788073362,4493.06091157812
3812.88709146015,2913.13837665667
2255.92992137993,1421.98700762653
3608.07746613015,6018.59538114004
4054.41067612605,5634.07153493486
3901.17219437044,3648.19992390302
4136.5489182158,5180.8383616975
3476.50133967502,5710.62398117998
3834.81853602621,5324.67976418353
3696.27723447927,611.793702067762
7753.29694941633,5425.04445823105
3798.16816032906,5652.42852713199
4336.15732435233,4847.463509622
1324.03210007325,49.2731198619493
4499.89520964601,6507.3483955402
4028.73227791846,4959.87661836299
4079.95480208125,4924.12970392989
1576.71511179184,1332.4202395787
4539.30312156083,5996.14684152515
2797.56839785045,3591.76608483461
4613.26593678192,3610.23640223927
3904.87594151883,5178.16760792626
4257.22698525913,6824.35578937893
4289.86235217144,4646.10871860936
7608.16910358992,4355.18684240744
4020.67955189682,6226.08791613457
3531.27052751424,5600.65455293994
4104.7586928448,6032.40541081309
4304.92864457783,4979.76772941416
5035.99139840318,7258.89157194134
4557.18228480227,5396.17401590497
3920.2384736704,6836.80168800923
3725.57749305164,4882.4150333262
4385.84877891714,5991.60030185631
4199.67469962657,3880.9259232017
4194.42377225783,5673.39918764136
7762.84690124032,4744.82554574007
3424.13597830079,3621.31859268206
4448.49590690303,2364.9961878323
3458.73023012425,6653.12182367234
3732.30789092744,1553.83665802285
3762.3708087937,1459.09815881619
4992.78146874273,6791.84794617568
4543.13778327564,4040.96437325797
4163.06578665702,2525.09108906471
3625.99687255825,1707.96433165372
4574.61477621767,6876.2430887785
1619.46175311941,935.848295821478
3436.33573284884,2827.49285107387
2060.76320493155,3060.73029379977
4750.60542733826,4643.26713131633
2610.19691025125,2257.12961876016
8358.94378025047,5306.37985744541
3575.60644654019,2684.27685150545
4731.97713211519,8197.69450524227
3690.71534921937,2905.1819322362
3919.60622620795,5615.71496559297
8210.74457516423,3841.65535595421
4091.29449659343,7104.99086586695
4711.69294028392,5606.9060449846
4082.35936853488,5377.02163297894
3894.93638277531,3603.35993013225
4037.77804315846,5483.52449386359
4954.94459092698,5693.80195354738
3653.53959167207,4910.0921781313
4146.688375089,4761.07925591406
3749.90278351396,4113.9931666887
5162.32704310454,6823.16206900271
4126.49870052526,6693.52902583705
5156.71568259292,5609.34972548555
4642.11119964677,6084.2360476089
4669.62580301026,4297.04805096321
4101.00440134718,6102.70636501356
4424.24410270432,2836.41551974502
4450.54942078836,4542.22037174744
4622.21483975127,2580.04747188285
4596.12429687859,5957.55791694378
3848.77463243536,5696.98436217346
3894.67797324536,2731.39032653827
7694.21969181324,4611.89592303029
8309.77139988497,2221.32561886805
3631.33215575325,1549.17647600506
3246.61322794577,3724.12739008578
5453.28210240459,5323.25897053702
3902.4433082356,5426.29484121103
4227.68353910454,6720.18328378772
4227.85502044982,6201.3094440815
4531.38963775261,4249.0252257111
4114.41843152021,5317.97370274305
3714.59432789965,5524.50001348689
5593.29968442682,7188.36269876008
4445.62034715466,6677.04781953751
3925.03094145857,5470.56694037845
4437.6507576893,6176.30347590288
4441.30074252944,6135.55502954987
2467.43808073608,1143.51155862397
4305.49450450461,6278.03230099315
3263.07247549828,2186.31722113247
4311.38493097707,5641.00509250089
4010.38022216454,5477.50007508922
3900.17750914698,5290.18280987517
4221.73840548963,4188.44275376593
4038.94725989168,5760.23801074513
3289.16257631141,2918.25323378411
3993.3602143682,5971.59544274237
8386.79829587258,1838.10902967423
8370.69627906569,2639.60705697359
3321.01555583864,1835.55160111051
4250.23075972474,5066.89071124723
4427.46295106492,7009.51353282134
3747.37851497456,6009.55896440612
4422.85683645723,5564.62347977755
4054.41955003258,5297.85509556633
8251.48501654332,3537.88967432992
4022.67358205161,3759.93138997788
1171.82108237559,2107.09380968848
4522.08733080198,6349.86737404765
3966.96910856083,1882.04009608096
4175.69292131929,785.301043322582
3305.54594161304,6985.985020893
5039.37341152139,5207.947189044
6876.82232251564,2094.98852096362
4613.6747867132,5234.54436153565
3600.01927680183,5720.00121924696
3987.4568222929,4775.05969625364
4443.84049113488,4656.79300226008
4142.86859594533,4855.19245791692
8396.21243700503,823.946630507711
4480.74432016098,939.54235930241
3935.09911075169,3031.29153401509
4351.28120948365,3029.98448843135
4549.09372484383,1624.93321437985
2096.13260461642,323.088459524957
4684.04479972129,5187.77191926353
4140.305230829,4536.99176655723
4313.04407939656,4350.98154692691
4321.81730467601,1396.98103944792
3907.06971737418,1311.61977830824
4678.3070442657,4357.6876083674
8313.24912719442,1220.74585896285
3518.13769142916,2968.43558080787
4037.20025511535,6271.43956476018
3062.54803741653,7070.49391155859
3679.21657637834,5052.45570151182
4056.08754818959,7303.84531377488
7664.3038858376,1280.02139103809
4200.00051986293,6498.42572686906
1369.40174125353,4094.27246630406
5118.14750594323,2841.41662880969
3022.90816609204,1082.07639906327
4683.58646012073,4616.95411755398
7399.00322027695,3989.75871652453
3971.5086454595,6127.14401573357
4071.08241595209,3914.62748678117
4318.95574870639,5706.92991769905
4497.74217866268,4844.67858493274
3190.00779151853,4025.05148441704
3770.61533625539,5308.25522048775
4273.24076053914,6077.58664877217
3738.74436962453,4277.21402537106
3399.00736054409,158.049072188957
4574.14772014543,5480.28499977849
4212.84985766385,5141.73820511654
3675.6961834324,7081.86026073068
4169.11197587751,6121.68791441781
3026.77277604358,2994.74880599785
3325.35990571775,1502.23351735259
4217.96387036875,4720.55830568659
4178.05671969696,5945.33909158378
4167.98470925389,3998.39722646637
3808.54458416207,4594.73265120938
3249.55267606106,4496.52747893351
3718.95106548113,3770.84316975414
3443.06487039803,2448.25469551791
2261.63087064491,1618.62484830381
4115.21310090242,1869.42336392888
3452.06952578552,2327.88493092883
3673.80002529044,4969.14010836719
3100.92119661077,6209.94795402334
4027.3833696774,4467.42954048189
4429.43813153231,5053.42192576249
4387.38596436893,5383.21646241983
3879.05767017266,5584.23043209941
3727.5937052362,5852.02128030981
3776.36442384143,4903.55652735735
4743.70901556672,5138.15788969837
4110.73685254195,5818.83179444044
3825.07841027577,3117.7895357858
3410.96320571305,1909.6034928233
4333.4274737323,6563.95264527514
4031.44449357265,4303.01538427856
4310.3066586665,6524.17042317281
3681.10241419542,5193.00052445374
4438.06487487122,6349.92445950666
3406.73030719823,5194.6488142258
4552.23274135548,5473.69268640077
3645.75816911994,5079.16662206624
4202.99210693208,5629.6958287878
5124.41030004128,4478.62547898746
3069.02378313915,1257.45910336043
4425.1345574605,4278.17982676648
1355.49009016765,1327.30538245125
3736.95210109322,1238.02266741891
4038.61158344907,6619.81816688495
2464.9096782986,1779.57233143793
3830.8232433594,2735.70958150919
3867.90287291858,5378.61283729198
3059.2088671679,4281.07849951852
4870.83742093779,4770.34274591827
4229.9174503807,3192.18224883165
4116.79722516056,5189.47687163934
6879.60322832294,751.997650819719
6037.7980209215,4640.82345081538
4918.65632330345,6398.28810609183
4641.47646441184,5876.23185775953
3699.70520840012,1137.54422530862
3104.48239048157,2007.29722167194
4668.93297546471,4974.19830289088
3850.7147205562,2243.09209296157
3693.95821149283,5383.89852794121
8683.83482400672,701.246880623545
3959.74446286547,5572.40909067623
3829.70118013471,4400.14100709623
4354.70934423652,3602.2799578188
9229.172623382,5480.73956917432
4267.25830282129,6495.92496090909
2138.09723921683,32.3940926628083
3909.57994203073,4354.56186234507
4809.6463086635,6377.54451885276
3810.41032017324,1647.49539634369
4961.03694080886,6935.74601126548
3618.81415633521,3890.81481612352
5142.35821381822,3132.39516761537
8428.13563076078,2495.36817055073
4172.38282840041,5712.04477482649
8721.74125693257,2226.49713859925
4317.36242157252,5746.88255046792
3916.10102908763,5054.16065388763
3478.04321411051,5215.33531600586
3539.8929654746,6211.36874766985
8069.2327982792,4668.0456033694
4601.59711280447,5014.88966378488
8484.18741077434,920.446956121575
5152.0715417636,4840.35954138944
3642.72950063766,5808.94290151862
3580.06763628392,6148.74007916055
3392.61074701875,2373.86198247206
5217.86933883926,6731.43588489704
2850.066740459,5623.04642995107
3966.88728958744,4184.69160482599
4143.34863450088,3508.73507327454
4230.38646468569,5983.132202581
3572.41391838317,3971.51589524541
3519.21779432208,2463.71280353539
3529.02028086115,6526.50035561099
4614.15125152942,5541.94744403711
3574.32493601115,5841.96239957671
3713.57605123618,7643.64249141682
4296.78404422185,5903.51109577256
4297.55719920561,5316.83706782584
3652.52419387196,4887.92779724571
3785.35329048391,4875.70897188571
3839.73637071092,4828.4815373625
3336.1347359354,4465.55417743955
4660.73413293705,5318.25786147235
3071.69115259345,2669.38706094658
2126.33407893667,1767.06934734863
3514.35658310654,1841.57580845725
4374.33370701537,7065.09489570184
3545.86253183978,4304.09535659201
4016.11519090649,1487.45726342886
3906.02137142571,2602.60975956051
3350.84874353704,5795.47369317863
3633.8286508962,4308.18732686502
2794.3031541957,1583.16188117239
4016.79713188226,2898.53253339948
5093.97557897267,5018.58372726582
4331.93574198561,6795.25785092731
4019.47849152643,5679.70776514503
4109.59314141844,5414.70099591339
3593.91685377871,4414.63310229066
1734.20932823417,1119.41483495084
3688.74144061591,6233.98769795128
3874.21991963797,1002.4550808272
5154.37806988937,6230.40738253312
8069.41832442404,1294.05881112287
4215.20317519652,3902.863230817
4117.48719254695,5815.0806455005
4430.29017131013,5678.57113022782
3681.5893038554,4585.3554131424
4050.08149165005,4640.53929208608
2560.29300534693,3873.70862976162
3615.33634912543,5876.85683782189
3205.1804759699,3172.23426374909
4060.10182429013,183.396033485578
4462.61409071281,5719.43290178835
4185.68066496039,7484.34276948568
3570.20738544084,5445.04931734499
3991.45832220806,2686.15242597542
4788.23312838536,6486.77521896766
3857.92243684223,5794.28039565766
4015.70831111796,4411.10944947625
3837.50505989137,4777.39005154707
3171.61101303415,3731.45843158863
3422.65259595063,7230.58902421862
1466.50630164408,753.702603195534
4305.80049923369,3111.87886507421
4053.30167842692,5460.45055133108
4568.97110489782,5898.56664931165
4082.69559509269,3680.53735643973
4634.66045954741,4865.30884696429
8252.5545492755,1727.68503203836
3450.40304372776,5801.83893328606
4203.62211027242,4879.57344603317
9870.77893044136,5030.00716189692
3912.86516443915,6289.05740597693
3856.64704155358,6112.36776180984
4733.52066315652,5832.58516150973
8811.53717306356,5790.24551084367
4371.21782856461,4401.16389395067
4161.01713604062,4221.0639221767
3863.41067449006,4240.55754929104
8059.81481664385,2107.54837908431
3352.66646513599,3843.87196318487
4647.8760162385,3472.93107338244
3878.49222257612,6281.15804701548
4910.51410193655,5537.5713150348
4590.73960194152,6035.70156750195
4081.30783574227,4611.3846910307
4106.7654974164,5607.41769983944
4230.54388922701,6563.10016908724
2464.98833472696,2272.19003141318
3756.61891863345,4414.17853289482
4132.16603082843,1698.01877612814
3989.43290222498,1560.14502409889
2040.14878940254,3117.7895357858
4048.41709249551,2493.54947011214
5059.46010104395,1219.15454893599
4257.45525501133,4945.49827123133
4361.38339855987,692.267443634826
3321.48554749539,115.027448501107
3531.29785392869,4600.98414325403
3183.10543163491,6285.30667989224
3813.16343277903,1759.2834193085
4183.4879286996,4705.09998624149
1685.85935238306,1070.19860646395
4938.92277855426,5839.97328847159
3675.82432929281,7250.65096879157
4072.63451160487,5495.79998182735
3635.31951703526,4788.07433519779
3970.17025094416,6442.84436398855
3889.64322680346,6584.80998057699
8543.28963601856,1171.47275644457
3592.96786776773,6078.72328368938
8391.78547593857,1381.35230933629
4646.21171155134,5891.00811168326
3778.10020882003,6383.73934829365
4627.73722692984,3957.47836944682
2825.67791346622,2370.56561435558
4083.05260400498,6493.31086974161
4621.91101688081,3266.06351845028
3737.41050492156,6290.53528508246
3890.21353282668,5974.4370300354
3591.43274926048,5743.87055250836
4598.50064410566,6405.22166365786
3793.06974130089,4952.65890206765
3445.35327583984,4444.6968421377
8315.1437537542,933.4613836381
6919.65074348208,1471.48750055654
4377.6519434425,6659.42997832076
3813.80555209818,4665.26110153539
4339.64093876113,4986.70128698019
4616.61312363473,3839.60958224533
8577.52502145131,1238.30682614821
3978.51315600219,2229.67975865297
4494.59523752061,5171.6319571523
3895.58170413992,6113.90230351912
3615.08565037992,2351.0155360651
3892.84508592089,5191.57973080723
4219.09973067449,4807.39712879036
4345.24431648499,5596.39217200041
4282.42713428075,3337.38735950518
3844.94930972557,5904.02232777216
4506.77973764177,5355.19849628166
4791.9748702833,6420.8503937695
4041.85068321608,5562.29312448412
4266.09101911999,5116.90264760445
4821.04901397626,6616.06744080026
4050.89484770629,6189.71559878386
4279.21466309332,6969.04924519762
3905.93177502062,2715.25015299942
3498.49928952476,4435.94500698834
3607.53340240468,5554.84833491849
2849.36309287615,5005.85366990622
3479.62679514578,2941.66778622206
3861.47670452385,4710.95357149407
3586.05973272401,5276.99776026449
4519.94786336445,4817.17227364941
2672.12752129085,474.658731020558
3558.56024049473,3230.25951855817
4192.57085669705,4737.38033331919
4310.77344622007,5618.72696355253
4012.04639339983,6123.33620418986
2949.64386527647,2871.93536090782
4065.53041470581,4814.04652762709
4247.18176682341,4696.57522436241
4839.91787950951,5952.61347048287
3792.11759082506,4813.47821016848
3546.42155794792,700.110245706335
3811.84782865653,5078.3708084821
4037.4728537928,4728.96931950289
4386.29190514061,4719.08042658107
3802.48046359273,3604.26906892391
4186.30643196945,3479.69400885431
4121.41629074128,4453.05119335024
4419.95065856966,5345.82125821468
4485.38133733777,4631.84411954047
7593.92564707535,4900.88535073085
3183.05640330899,1149.70617663724
4361.19294569398,4584.10545301767
3874.58263422282,2441.2642639205
4698.64682646601,5443.91268242778
4622.92161453867,4752.27033530569
4075.08527717666,6697.05267865145
4060.01172114295,4421.56665985668
4768.99946315068,4585.01459180934
4382.60638423135,5736.42576294274
3550.18887407065,4433.72839975768
4060.98355751015,6666.81810528262
4671.57707203805,4435.31960407072
8916.70361424138,3240.6027694482
3734.76791177668,5580.59303122224
3624.36384395319,4691.97202208982
3851.50010173901,4587.45827231029
2847.61503440931,489.889607197024
3371.61739604022,3901.95366917008
2763.55899078189,3643.36922550488
8748.549241397,3743.05227688627
9393.48180006216,3190.30667436168
4272.95206020484,4920.03773365689
4432.997220907,2584.19610475961
4028.25657088286,3087.4412143542
4200.34950465414,5467.72535308542
4219.72221703945,3046.46569473089
4172.7079431786,5323.03147441148
4232.41783852826,2185.2941228504
3479.96415034921,3251.4008011617
3828.1416669878,4904.80691033733
3481.3090501756,5367.98563910027
4161.89710223769,6846.00851540968
3411.17719420971,2677.17288327289
2874.56964294569,3731.5721796514
3522.7047724991,912.831438747982
4162.73151135655,5077.68874296072
4305.5247336137,4713.34058939126
8443.88814735536,1676.0249116229
4047.09597861902,1236.43135739205
3533.48144906932,3433.1488512801
3420.90414777398,361.279398028893
3778.04117530258,6325.88471557873
4246.0215572005,6426.70397902208
3962.24739661114,5932.55194876517
3558.44354550111,4445.03808632601
3172.25151911189,4875.76563448947
2942.58461560073,7529.92149138159
3924.77571957259,5335.13655170871
4247.17806724742,5855.43118506144
3622.07918376872,2514.34993138261
4405.91451901771,7134.08838146332
3044.89639110075,6288.26201524804
3731.75252011852,1735.24356966676
2827.21222893403,5889.98522482882
3204.10076436248,6020.35699611962
2624.33732562114,1340.31980996778
3660.87564905295,5332.29496441569
3470.19954966802,6316.45039205274
3293.28090343924,2030.08679404752
3244.55558498083,1901.41955227729
4896.1190991475,5927.03918484565
3204.59202567583,4885.59744195228
3698.56458577753,3187.35155043351
3891.06534355515,4310.2331005739
3788.86978335256,6730.07175385429
3823.28293243321,6651.01896450446
3224.75564553913,5405.43750590918
3837.90687520731,3771.69564594205
2829.65458167662,3996.69227409056
3615.45471736128,4908.78513254756
4195.5860129594,7544.75525361958
4452.15687970312,6481.66036184021
7734.18714702113,6045.30630169447
4081.34425117723,6353.39102686205
3715.9728850317,1856.46581044374
3393.18374176341,5161.0609987091
4383.21891198985,7393.92363096375
3472.90193109975,4950.55646575502
4032.88576326289,2992.58907279858
3649.83437927891,6248.1956344164
4431.24007503164,4851.04382504016
3968.05648664819,4020.39119668543
4593.38958850021,3073.23327788908
4338.66694157136,5786.32395123719
4302.8277286536,6281.55595380755
4551.38546196276,6921.14016800829
3914.71547186004,3275.21326039171
5149.05527090582,4244.6490967088
3671.41641058901,2877.16375467041
4375.7309799952,4897.36169791645
3636.73157880946,3838.52960993188
3874.40872652193,5137.7599829063
4614.0791236283,5766.37617758226
4640.90570765295,5514.83861669061
4415.4106433692,4218.05192421714
4035.15089541147,4913.3316722164
4536.58991669329,5116.05017141655
3997.5320983804,3504.58622897015
3570.087086135,5628.38836034881
3457.65710764233,4911.85379311088
4411.1926335251,6964.67311619532
3911.92356352363,5720.05830470597
4237.17131434567,3340.11519873544
4500.13764469603,6319.74654874159
4398.6681060499,2644.32421873658
3910.50561567528,5898.73705997818
4023.17470927015,5530.41068419848
4689.25099225924,5883.44957405486
4100.90178590534,2341.01310650813
4148.77687344995,5438.6274146338
4616.00582091382,6631.46867478635
1725.23258084697,1281.10115192392
3682.12114639678,5138.10122709461
4032.07178038081,5378.38576402169
3553.08789881839,2821.63926582129
4050.92041772077,4138.08957322039
2982.36506577975,3815.45609025462
4286.73308914112,1280.81699319462
7840.04110081823,2954.85283583274
3828.71816487299,1512.86103268573
4061.49752556825,1992.40721968545
3680.31324232593,2351.86801225301
4451.99152670323,4866.04757508943
4226.27424753607,4418.61132450089
3673.33702671235,4506.13221312603
2666.58589546412,963.695851293115
3892.37805136135,5142.87484003374
3845.84995089397,5172.88191727703
3981.80763516967,4650.31443694513
4201.07587466127,4506.30262379257
4168.59729456034,5014.88966378488
3633.683143708,2750.08814006847
3237.13631488143,1140.44258091922
3710.55031033767,3940.20177241839
5048.67262006864,5599.91582481481
4735.10653279029,5618.61363834501
3275.31800057308,3187.18092833935
3475.74867855145,4084.38357338223
4357.11918451299,5284.89754208119
4242.32324156628,6648.85944273281
5175.17211846632,6395.78776298712
3395.31154148015,4412.30274699722
4500.90933378918,6339.52433458525
3238.54919872071,2944.16855218202
4071.32576529224,4709.02154584796
4235.27633285779,4400.7659871586
4404.60089936304,4045.85173425987
8923.37199782414,944.60044811228
4205.6822368814,6318.04159636578
7934.99870191963,2818.05873897551
3836.20839711363,963.525334912771
4670.45441255707,4374.7937947293
4225.93256377393,3766.06913395976
4140.20860682623,4449.30046726555
3769.79991238581,5903.45401031355
3691.94676645866,4397.07192367766
4657.86698591195,3873.25363751053
3953.67407793915,4907.59141217134
3155.14441334188,6291.16026514482
4470.53163626896,4352.00443378135
4202.79028571565,1087.19125619071
1856.55145496067,4250.21894608733
4543.65892831187,6261.66484275638
3868.04084155419,6233.70353922197
4504.27277589247,6191.13639243037
3808.73730311033,5102.18347913974
3627.21937733015,756.430495282693
4083.94326366094,4156.84404935435
4798.46211416543,5389.52461706824
3639.58016004244,5395.83319457191
7924.2402875479,417.826985160074
4406.67513427027,6461.08718526767
4248.07536087359,4148.20596226776
4199.46050453301,5563.03185260925
4076.19121746028,4647.35910158934
4005.19327772961,4283.692590686
3456.45233744129,643.33532102033
3240.36606599142,4367.63316389299
2239.08618858695,4.09188561936591
5360.55442922503,6367.4852152644
3703.59850033344,5086.44100096533
2796.52632247039,2997.07873843603
4087.63008785968,6271.26915409365
3785.34758413128,2606.19007497867
4162.97855338113,2622.38712254891
1740.61318450179,1520.47644434551
3124.57605693544,3888.65529435188
4185.74488697236,3848.81598679053
7860.05128079284,1914.54772785658
4235.30614062619,2393.29831269977
7297.88806901929,2400.00458556789
4089.66067281557,5321.38360749467
3263.25789368728,718.751079491336
3268.58926669695,1367.3717632829
6473.38261768284,4317.73497559853
3248.78815354814,5397.02649209288
3608.77479268627,2389.09280579162
3493.72864392897,3823.58294534162
3516.3326240179,4928.05084068112
4789.66329255921,5242.21664722682
7294.66425336254,2203.48028152576
3357.58217910895,4586.03747866377
3502.11314390439,213.971507472828
4342.18877190969,5272.90578999148
4065.32658971252,2958.60377334506
4057.92295270155,3260.89178729145
4229.85015368523,6527.29616919513
5160.99439241952,7882.84663317519
3728.28969081751,3618.98866024388
4477.97775197837,5335.8757026891
3698.04796254361,5152.02500483043
4322.53739407433,6770.87686281106
4095.48204434385,5871.28741129862
4278.36931630328,3576.87608284811
5041.9426647288,4571.14747667728
4003.44912034675,6005.58074219589
4022.64180343664,4131.0993530506
4737.32575120069,6176.36013850664
3522.84057903553,13.639618180627
3965.88319643964,3206.50372193191
4118.69386286399,7796.86070911458
4959.06861805442,6713.81804368029
4212.31930686368,5886.4044865554
3565.51565678964,2860.0575683085
3949.15640843751,5956.87585142241
3101.30632371053,3583.29840841455
3130.90612192535,1147.43290680282
4605.65785849253,6240.92125551731
4251.85052776081,4272.95164443152
3778.71229622448,5213.63036363005
2433.39818591917,2622.27337448614
3266.82657828744,3488.90062482713
2313.19925583543,1350.37900784232
3899.95923503357,4551.25636562611
2697.10702582474,3147.7397389977
4330.1579074459,7016.27667972084
4212.09874369873,4520.73805638323
3666.40280569287,4747.21214078201
4593.75819158928,4184.06662476362
4400.0772633173,3368.07650226984
4525.95563000696,8672.12625796979
4146.11337691715,5254.60630610861
3632.9086457407,4615.76039717776
3976.41573010675,3312.38139132657
4717.66304157742,7480.30788467169
3860.95247790376,5706.53201090697
4117.33344005924,5081.8944612965
5192.70323386701,6221.6551245285
4760.15973057825,4117.74389277339
4449.86081156505,7901.54444670539
3522.63060268254,6166.58499364759
3781.14871135213,3508.507577149
4203.51177634012,7066.06111995252
3911.84176662551,5421.69163893843
4635.22814283111,6434.66042344254
2829.60098002774,213.57369318034
2700.19063763469,1224.26940606343
3797.35157346814,1744.45039706721
4352.43630184701,6331.79496343507
5052.18456618166,4713.62474812056
3886.16005829388,1292.86530217428
4250.49844600671,1360.72247015998
4331.05634240722,4659.0662720945
4051.68049399709,4842.23490443178
4475.55155549768,4783.07322613312
4154.90258520089,2118.46015886058
4787.46714021538,6048.26163705026
4261.29306032918,6050.0799146336
4952.24351658973,7428.87515466795
4101.16461645813,1330.43112847358
4093.21068910672,5707.10032836558
3714.73908929134,4583.02548070422
4050.19901367738,6347.02578675463
5207.21558437095,1738.82399079873
4125.45924451355,4051.64865690869
3304.40407166111,399.868137611089
4459.37107466509,5338.37604579381
4472.28796752463,5463.40588668687
3751.33687320895,3898.08919502262
3813.8033910997,5927.32334357495
3755.38741256359,3647.8024399662
3921.34539254552,7368.00852399347
3618.98661745418,4657.98629978105
4474.08302256654,6500.81274476625
3750.09067655035,4674.97916093543
4360.54186880694,6578.6151511361
3802.54361900215,3445.0835179108
3734.9393696081,5327.06678208072
3895.8341842427,4816.60395619081
1992.39961864783,1402.49380336744
4136.38431429489,5978.13109351633
4110.21107590625,3042.6010091558
3174.60417531655,5583.0937971822
3860.01813355857,2967.81038931788
2995.95417831974,6710.23772826213
3825.81815672357,1929.15357111378
3826.15967885172,6144.07979142894
3642.24588528625,5656.34966388322
2920.62055326037,3876.09522480356
4007.21123518915,6345.54833050435
3745.28494331527,2943.88439345272
3684.5926066725,4997.1014119016
8129.65748546238,3995.10106977751
4199.99513170667,5249.32061545938
3679.02415534818,5576.95563034507
3032.17638893133,2429.21606065465
3805.89598516479,3914.45665325939
4098.43954584797,5698.23474515344
5247.57747584017,7271.33704771639
4385.69898308217,5915.27535173673
4322.53652436255,4040.45271840313
4597.91146631024,5712.84058841064
4376.70135352832,3766.8078620849
4370.75061650955,6506.66633001883
3714.91394408928,5400.37973424075
3926.36712810691,6174.08686867223
4301.64405658733,5829.91398488323
2872.62980880385,1741.66557809175
4500.38213958409,4983.00722349925
4481.13881779241,6810.6590849134
3556.61908811406,2522.64740856376
4517.42629734434,4953.05680885973
3931.46481088891,6155.7869619341
4370.73378444319,5691.52868371296
3996.42128153184,3256.79981701844
1577.88770329596,2555.60982116284
4104.24349244697,6003.70537915354
2251.80175823495,2062.13985642731
3262.41569808006,2855.45415460828
3707.60406957289,3580.00182887044
4364.88521246963,5255.91335169235
4559.38244307428,6169.82448773269
3649.29677472164,7182.22537763345
3774.76968284865,7037.13359216743
3640.67894114581,7309.35765483915
4210.40940783297,4456.85900489394
3492.63715104179,4234.87437470499
4493.86737270101,4144.85272011989
3635.9087028623,1251.71916045681
4210.44041614815,3615.18084870018
4520.62458912208,6148.28550976472
3608.08200668119,6294.85432862575
3325.84643833266,3253.21950160028
4125.50394176028,5143.27274682582
4391.62797562472,4677.53658949915
4068.58335721305,2910.58094809295
3623.68603681202,4462.71259014652
9083.06514554024,803.259864443113
3886.1536993168,784.732725863977
3802.47257010288,3911.5584033626
3668.83601313303,5149.694649537
4114.53988722654,9018.40242378192
2119.66100454927,4655.3155460098
4068.41553847722,5057.00224118065
4312.60423069466,4491.81052859814
4177.01685647052,5416.74719247752
4069.13183003694,5868.33207594282
3674.04626513216,5315.92750617892
3663.94303297511,4444.24227274187
4596.04640931446,5109.68535416437
3748.31225860538,5808.09042533071
4310.00142339188,2661.71477525542
3825.00459929685,4363.20037228692
4104.12263116121,4945.21411250203
4640.38434459483,6451.82369526346
4110.77392126122,2578.00148674635
3829.75601019132,4386.38764002694
4390.087236497,6565.54384958819
4258.99891803075,3355.57351818054
5720.82969226768,6650.50730964961
4364.17346588774,6518.54391119052
3772.48052178418,5401.11846236588
4588.72417839643,6394.19613581883
4049.94592896569,2985.37156793087
4658.10251472345,6249.33226933361
4579.91400684884,5072.74471935506
3364.89169579686,2238.14764650065
2009.53871597668,175.041774772623
3673.59421782771,6931.71070359623
3426.66071248325,6270.18960463545
4646.21275711195,7295.14971837403
3370.23863950988,6527.63699052819
4488.01395443782,5213.06204617144
3375.90020338376,4302.44706681996
4368.26641959604,4678.50281374983
4232.2914220837,4785.85772796713
3294.73948316209,1931.7109996775
8458.6434566439,2729.51496349592
7936.78724734424,1875.90214067145
3117.59355106747,1163.5163120241
4195.8264316774,6345.09376110852
4136.28998508106,810.761633753934
3551.18452749443,3140.1812013693
4043.6815407768,5591.7318842688
4429.86265024538,1397.15155582826
4847.09158129713,5015.57172930626
2566.58654057086,1116.0618042306
3812.01690594797,5769.0469313535
4281.55524871763,5322.3494088901
4735.32954808569,5481.87620409153
3774.42546800235,4305.28865411298
4738.22410033891,6525.53455421556
3970.81983856098,1144.36403481188
3951.13826957244,4451.91455843303
4333.09648804676,7095.72695300749
3872.01883997567,5452.38078170309
4931.62610964796,7321.91730153222
4103.74530469211,6406.41496117883
4357.44217042255,4637.58395673028
3103.04972823142,3766.29663008531
4736.39741858466,4294.94519179533
3983.56315223497,6128.96271617215
3788.34604816644,6751.2699104892
2733.68551069007,4686.7434168996
4293.21366411964,4687.93671442057
4255.7555740282,2153.98000002338
3714.46879089521,332.636187543827
3929.30225747484,4595.13055800145
2672.72297643567,1128.5647883199
4436.32365739352,6868.6274656911
4897.9930830074,6363.39366784665
4429.95369800263,5373.0434107687
3894.45664474615,6463.58795122763
4068.80518241339,6583.67334565978
3754.72580827466,6617.20407571747
3606.1580948129,2300.60590434343
3898.53088328295,3526.75060985574
4040.74695872164,5051.71697338668
4228.75721552119,6037.349857274
3907.51220236893,5358.32424230399
4652.98576100262,4527.27370715718
3211.37229951453,2126.30285521827
3738.34985774494,3665.07903699463
4764.55828058118,5398.90185513522
4137.46246905393,2978.60842103137
3663.90966384799,4465.55417743955
4399.48881743339,3663.99948753643
7300.70573029357,1524.17050782644
4922.72269293267,5777.00337577397
3413.53917555824,6680.74188301844
4055.85801870988,4879.40303536664
4254.75537051376,4807.45379139412
8127.36278647641,1889.31447498005
4622.33855084351,4960.33118775882
4591.39040301525,6547.24394285006
3731.99248906059,5056.20642759651
4498.57274644059,5650.49607863064
4534.41680120289,4527.21662169817
4279.62138601951,5062.1170983081
4721.69120499312,1394.1394521549
4087.52372406985,5234.71519505744
4324.49143360154,6426.36315768901
3742.37225259113,4796.20119028479
4526.35332872305,5707.21407642835
4776.06140200538,6802.13432303433
4808.48352872485,6091.68083717452
4795.61345993688,4846.44062276756
4353.92154165878,5858.21610975071
3428.59827837559,6625.33093080447
4041.14003627705,5337.35315893937
3826.48561623244,6493.08337361607
3570.30080184797,2480.591916627
3794.08605106561,3356.65327906636
4909.15513533723,6055.47893049034
3741.62741784322,5226.01959965658
4672.86091972129,4631.33246468563
4964.6548160217,6051.72820440565
4213.60636082095,6045.30630169447
4604.54098900193,6636.52686931003
4241.06105452042,5122.8699809198
4494.23000228718,6255.98166817033
4387.69652252071,3467.81621625499
3203.43094549318,1602.6551911453
4264.82890634712,3277.14570889307
4587.73167636448,3679.62821764807
6593.19187600643,5538.76503541103
2424.47354569437,495.28862305377
3877.03304105696,3442.58275195084
4363.91145521856,5290.3532205417
4224.88264691434,7430.63676964752
4527.57047035079,4248.51399371151
8365.48181056606,2491.90139176771
4558.56821856871,5355.36890694819
4813.5243092588,6105.43420424381
8445.32120568256,3686.90259654716
4526.83479843278,2737.81244067708
3613.23532333781,4055.17230972309
4104.76020307356,2802.82791565595
4817.47870586283,3889.50777053978
2736.81369111844,7647.05239616845
3873.74035516147,4675.26331966473
2504.36399640661,4470.27112777492
2200.11644618522,691.130808717616
3967.67466533565,4717.14840093496
3870.08151048265,5530.12652546918
4849.0928141985,6870.38950352592
3308.22707273906,3716.62551506114
2650.32660802329,3263.79024861586
3674.32877019464,4440.60529471995
3977.81407208563,6608.73597644216
4239.1396664458,5115.99350881279
3976.8372201183,6804.46467832776
4360.22453923483,4907.76182283787
3003.51984749259,7479.11458715072
3268.67895158197,2023.09636245011
4454.80248027625,6016.83334330522
4417.08711436589,4845.75855724618
6990.09153810526,5608.95224154872
3633.50042179516,4935.32521958021
3669.64415416452,2725.195708525
3455.89432516077,4594.05100854325
2720.39732296389,5803.08931626604
4228.37728180327,3996.06729402819
3734.84026966047,5183.33912765746
3740.51427443105,84.0541470071428
3245.70032593119,3480.14857825014
4049.23709684597,6154.08200955828
4050.68820267338,5897.88458379027
4378.45782429362,5321.61068076497
3080.95573800933,6425.45359604209
4544.44642665756,2454.56306159395
2996.24350958664,2507.4165852442
2620.80223491498,3850.46427656258
4163.90303346375,2994.74880599785
2906.08780625386,2815.44464780802
4116.66589784715,6952.6251243571
4793.59258975145,5460.16639260178
4292.96053389045,4112.68612110495
3575.1724794672,3680.76485256528
4350.41575800736,4701.29217469778
3873.52541416939,4063.92414487246
2311.65884026506,4380.76112804466
4771.08451236238,3882.00589551515
4425.8949094379,6787.69931329892
3971.01849018538,5305.18655992444
4792.23724097389,7209.39044472846
4446.52838423243,2625.45599453985
4358.73788305539,4755.79398812009
4345.2136749645,4995.1693862555
4308.40462960006,4761.98839470573
4139.74168300398,687.777777997372
3959.8931320495,5326.1572204338
2398.69691459542,1581.91160390622
3993.83073034254,5689.19832841953
3799.48189042804,3759.30598706026
4382.79298103428,6257.11830308754
3534.76973236029,7032.58705249859
8664.99167133812,3336.76216801519
4250.51708779191,3764.13668545841
4114.94647450484,5359.06297042913
4319.43198719766,5290.0690618124
4773.7335552424,5055.75185820067
3422.42283138094,5145.94392345231
4378.24306943153,4597.11966910657
2384.92638742767,3435.30837305175
1999.39871121459,1866.01345917726
4251.4935544599,6449.6070880328
4594.56626343249,2576.18299773539
4122.74296313478,4614.56709965679
4762.50220123964,6710.69229765796
4328.0619493084,5426.86315866963
8136.16690348388,331.044903945425
4524.67179969818,5510.00791829247
3671.73953747885,6618.68153196774
4586.67044467105,5386.62636717146
9034.24442234798,725.684531343553
4218.1701411299,6872.7194359641
4348.89123467349,7270.99622638332
4006.29859863407,5249.20729025186
4535.88169477213,4326.48681074789
5210.98613628873,4037.83862723565
4316.65073996672,4290.34198952273
3778.68830121319,3814.48986600395
3920.71682150925,2420.69129877558
2692.21261792733,3814.37611794117
2980.78761352185,363.666336640724
4298.11689409119,5417.82674193572
3971.42088935791,3574.14824361786
5006.79378051003,4198.44497189527
4501.2910994341,5723.97944145719
3535.80984542936,5512.6224323152
4142.56545121261,6124.18868037777
4168.37326557141,5196.2966811426
8196.72885731687,2112.72011024314
4230.72272061797,4981.58642985274
3293.56122441023,1073.38112080385
3942.62190087354,4671.62591878756
3424.11273016705,4717.37547420525
4077.32915166129,5347.58287319426
4803.58465999376,3658.42963815791
3562.47195529608,5447.83424203425
3814.74434649533,2559.81532807099
3846.45043894633,5126.79154052628
4250.19230618648,6343.615882003
4225.71911688672,4993.12318969137
4507.78759304952,5115.36852875042
4444.87467852372,2001.44342499174
3801.35509062718,6064.11744043219
4460.29989543009,1509.90580304375
3904.19853687973,6175.62141038151
4805.66022270372,5941.92918683215
3825.22916798623,6105.54795230658
4545.68457321136,4936.51893995643
3915.81271762744,1158.74238194353
4154.86809775786,6502.97226653789
4090.54964247026,5623.50099934691
3212.1653001128,1508.71229409516
3909.14492112436,5208.74300262815
3621.77017580414,5714.94344757853
3963.26400912241,3517.48711985153
4122.01250441502,5424.07823398037
3673.11708306837,1770.53612613164
1402.36887353646,4379.11326112785
3816.67130415168,1245.41079438077
4202.62948844209,5392.5366150278
4308.22407550396,3358.52864210871
2795.40420585431,3180.81589965955
4330.42640210404,6833.90343811244
4447.31890202499,5004.83078305178
4098.26256734252,5763.64791549676
3401.7551422939,971.936454442885
4239.25206881231,5917.43487350838
4294.65927657644,5545.07319005944
3852.75337430276,1859.193649674
3591.00852246333,4133.65678161432
3806.39643436849,4263.74481703107
4527.94842685834,6528.94445896719
4003.89298130518,4531.42234003395
3534.34127146515,982.1094003802
3933.48714465622,5649.41610631719
3995.1185490982,6123.22245612709
8041.38614008024,1696.48434013267
4061.75982337992,4383.43230467115
4371.38173896453,5948.80608179442
7805.64812334008,3852.05548087562
4254.87312691805,4289.31910266829
4205.38244058381,4138.26040674217
3393.12802480687,917.093819687518
4180.65252853906,3996.29436729848
3125.43794032016,1037.97492199001
2572.98893510977,3652.34897963503
4639.76686684923,6722.51321622589
3845.18907156076,5606.56522365153
4180.20554161178,2251.44644417411
4977.32680468504,6335.2048681867
4238.05764640901,5260.91446075702
3754.28971445764,312.119937859574
3617.12476283553,3485.26343537759
4526.73407733488,4922.42475155408
3926.89988944905,3257.02710171636
4639.73943701929,6357.53965973882
4760.47562180909,6614.02124423613
4466.48889033998,3818.41100275517
4829.03197632923,6513.48613952208
4023.40633582177,4764.14833933263
3547.03808103602,5440.38902961338
3919.888451109,1040.24819182442
4339.15869009663,6723.53610308033
5013.12184890468,2677.7412007315
4676.96523749167,7524.52247552484
3132.31603317527,5499.49404530828
3713.62991260166,2429.84125214464
3998.88288389316,2000.19325343938
3913.1990593221,5319.05325220124
4621.07074929925,5027.22223720766
3836.58780222417,4330.40837035437
3853.66904122458,5974.89159943123
3260.66865832162,4733.6296072345
4148.82719351043,6495.6978876388
4536.09712897338,6637.4360081017
3302.84892491443,3222.87139159631
3969.68566775177,5432.94424004776
4456.31728517571,6211.42541027361
4945.90055817045,7060.49169342924
4168.51861962492,100.76267764728
3594.95891648312,4191.79557305855
3795.52588221723,4163.3797001283
2515.48771389753,2309.6989836811
4119.82471176037,7167.73328243903
4004.63103224101,2985.5419785974
4201.64221062847,6126.40528760843
4312.64097103493,5661.18036228136
3996.04524489389,2565.27121795912
4370.01216731764,4816.37646006526
4871.6922388206,4543.35700666465
3959.67154161808,4958.45582471647
3551.24833576553,983.700604693243
4035.37231716825,3532.6610691397
3537.44607834046,1550.65414368296
4079.98196613501,4462.59884208375
4545.23176346694,6704.61121627984
4122.94228087668,4128.82608321618
4411.01538606599,4885.59744195228
4773.84401897148,6944.89575320692
4415.45970313305,8489.18469890279
4981.22487306126,4573.36408390794
3595.83297174244,4130.64478365477
4801.4626520745,6119.35798197963
3988.11761301378,5530.35359873947
3597.7986817834,4431.28471925673
4995.33571715681,7245.1377820168
4458.95680601418,5652.37144167298
4274.09471525746,5891.12185974603
4109.44612112993,7746.39378050627
3850.20123344189,4506.53011991811
3047.10558516322,234.658273537425
3581.75370591113,4692.59700215218
8946.89248290753,1836.23366663189
3564.95157468267,4970.61798747272
3850.27449109919,2594.31228237936
3785.06644823704,5572.35242807247
3676.38932278027,5205.10560175097
4093.45232963256,4427.53399317204
4881.91272991088,5571.21579315526
4351.83927415123,5280.63516114166
4218.91283846729,4579.50182788982
4851.01048191734,5418.2817341868
3638.92940452897,2065.26560244964
4289.18767817898,5349.11741490354
4337.78493603841,3176.09873789655
2941.68206424427,1199.14979553586
3568.5716773483,5416.17887501891
3794.02037808672,6991.61153287529
3868.33759960563,2058.44579294638
4867.20795638952,6849.70257889061
2829.85934209139,6286.04540801738
3848.45109245664,5897.03210760237
4251.38132101444,3118.52826391093
3534.62247296417,4051.42116078315
4826.39204028222,4498.9144968307
8942.61048394764,2173.643614949
3499.4781270128,7008.83146729996
3635.28593819629,3998.17015319608
2336.16182985047,1241.20528747262
4722.72606614679,6009.6727124689
4647.97240243287,5321.2698594319
4398.91654842937,5298.25300235841
4680.63887675474,6191.93220601452
3646.60783440929,4975.84659266293
3801.90081900891,5546.77814243525
4131.42352705054,5778.99248687909
3394.87203527059,2813.91010609874
5129.23552411782,3790.84760601283
3726.33070496058,1863.96747404075
4235.46695781119,6928.64204303292
4394.48000329197,4669.46639701591
3914.31533394439,6039.22522031635
4180.12779587131,6026.89264689357
4164.10624863988,2045.48802803361
4285.79711258378,4513.00868523305
5190.54614918373,5452.77826563991
3823.36885711309,2809.47731449267
4365.72915352399,4355.41433853298
3997.41228898432,6204.88975949966
4420.38285492663,4727.43477779361
3852.60148442458,5185.21449069981
3841.99234184199,2089.41909444034
3361.63362856136,3378.19246846196
4287.74508917699,4317.62122753576
3939.50995303827,6134.19089850711
4326.9255064431,2730.4811877466
3955.17339331137,6804.86258511984
4688.94519825156,5921.98141317722
8791.87029773863,3924.85720103606
3886.4073764427,1479.04614389875
3322.98824861597,341.729266881505
4537.76168717969,1914.7750125545
4202.60272311622,6419.71375885229
4429.34008267203,5938.74677820606
3904.45625063705,2638.58417011915
4528.1639322829,6100.60350584567
3490.12332322128,4934.64357691408
2384.15157484166,735.630086869137
3585.90418172154,3982.42767502168
3963.527961243,4554.15503837814
3982.40334536999,6609.75886329659
4349.34003889718,4967.09433465832
4079.70056468828,3317.72353315193
2703.15172803639,2341.75204606089
4222.19547539185,5633.61696553902
4398.40056130922,7308.73267477679
3486.2457905191,4822.85544823546
9020.68584141902,678.173202375569
3495.54053406573,3754.8731954542
2881.94838355352,1896.24803254608
5149.6962786976,5367.70148037097
4109.22349600484,3491.34451675571
3608.57479856358,8719.75159928508
3384.94293494686,4687.93671442057
4039.90049091359,7340.38761893687
3640.45813884336,4770.00192458521
4282.16090706594,5141.16988765793
4722.54534887562,6940.69045772639
4230.98195615811,5509.95125568871
6903.63607796531,2237.01101158344
2955.19956576387,4909.63760873547
4344.18170769468,4120.41506939988
3857.44994498993,6015.46963511772
4764.27391906016,7484.28610688192
3368.8443268902,4596.4946890442
2618.24043130433,2947.80574163157
2654.69329291018,1401.18665206988
3810.76991555519,5342.69551219236
3499.53718082855,6105.77502557687
4012.91776274106,4896.79338045785
3940.13013396134,4850.81675176987
3923.03057317741,5976.42614114051
7432.9758141104,2228.65687179853
4400.02437841273,5692.38115990086
3977.13167074501,4449.30046726555
4004.93164364202,6852.3737555171
3073.46484862335,2395.17388716975
4737.27723599393,4638.94808777304
4201.3848063304,6434.09210598394
3829.03180963225,3515.66841941295
4108.23090764185,992.225366572316
4129.11989503453,4526.98954842788
4003.63029756599,3416.89492967847
5004.97292506512,5436.92246225799
4066.24777559361,8246.91147372586
4182.68532647855,6332.36328089367
4541.1167929786,5894.87258583072
4094.69067341817,5631.74160249668
4356.40764168754,4562.6227147982
2689.63144334321,2987.87212246321
4144.36048224105,5430.15931535849
3788.70420440247,6545.65273853702
4356.95880888038,4289.20535460552
4400.06655038911,6503.8247427258
4856.702704072,6000.52297052746
8374.28813081855,940.678994219619
3956.08931316487,6554.97331400024
4148.02297892128,3002.93253511624
3702.14907267081,3391.03648531195
4328.60969842621,3953.32973657006
1476.38023950129,1936.54169807564
3366.6524500728,2464.67902778607
3778.71084314015,5073.93801687603
3770.75767843078,3538.91256118436
3989.08798775574,4188.21525764039
4265.82391460027,6975.86905470088
4324.41168136801,6094.23826573824
3682.19882387632,4994.94189012996
3623.46665768862,4868.20709686108
1777.60885958766,2979.74505594858
3918.72167503716,4274.65659680733
3551.36614932426,4667.19312718149
3872.78405407419,5946.98738135583
4437.05308698387,3993.05529606864
2585.95809606434,1174.5985024669
4291.47935929649,6332.81785028951
4391.83516950931,7299.35543670981
3917.83094563161,282.794767566946
3182.26216270713,4340.97890594232
2797.99803899127,3069.31192971023
5067.34851824769,5883.50623665862
3834.88462662199,5738.92610604745
3704.42129573941,5937.04182583025
8247.77966866952,4580.58180020327
4278.56257170664,6075.5408750633
4401.96530073814,6497.17534388908
4535.35745652051,6476.7159153793
4169.6728406671,5064.78827493459
3959.29327582115,5498.18699972454
4474.31948368195,5221.24598671745
4559.09913392545,5607.87226923527
4292.90094953331,5139.40827267836
4429.44974359419,5201.63903439559
3691.17456529298,6159.76518414433
3916.26520397782,4997.49931869368
4484.90816497954,4758.8626486834
3652.91217726725,6182.44121988477
3878.29933564263,3573.12535676342
4188.96751535567,5811.44366747858
8340.77471025766,642.823824736205
3890.08272884317,3834.43763965887
4761.51502788436,4945.8390925644
3841.27349437333,6026.09725616468
4424.84397347387,6667.72724407429
4161.79724554777,1043.43081187814
4579.68420973654,5603.83738442128
3831.98269028271,2112.72011024314
3645.32903645582,4040.39605579937
4076.26168494275,4184.40744609668
3520.46442467483,6217.96106104757
4915.8158370088,6281.10096155647
4223.73947572922,5384.29601187803
3760.0213462444,1838.73422116422
4418.76544412618,5209.99338560813
3582.73752853494,1084.97486038768
3527.78976735103,1609.6455170289
3263.14961576694,5671.58048720278
4338.04282897791,6507.51880620673
8666.48552391304,2227.40648881855
4216.67053522035,1143.56832694155
3346.1202036785,973.414122120783
4403.61890798376,3720.54707466762
5205.50663724891,5714.37513011992
4861.11051848832,5449.14128761799
4809.90902005996,4907.81890829688
2277.49412878936,5451.86912684825
3984.33447673428,5676.46827105993
4157.8443150969,5876.51601648883
3694.25342631594,4439.86614373956
3443.76421954387,502.847266395977
4204.00348064329,4302.6745629455
4296.28799961103,4297.21846162974
3755.60167923962,8189.73806082181
7890.23468599778,1175.33723059203
4042.85647590025,3878.70973882629
4146.32661308664,3573.63701161827
2974.52502612503,1699.83747656673
2936.30686622213,4023.06237331192
3823.27209045053,1979.73382492961
3805.0909615934,6151.29750772427
3964.02334044165,4201.40030725107
4189.69063140492,6027.51804981119
3576.088175726,3195.25112082259
3974.12803599861,6601.85950433514
4293.07025787045,6193.4667477238
4474.36173911891,4291.99027929478
1955.36596739777,2146.70540969666
3835.14371784179,5383.3302104826
2045.30735037515,3281.63537453052
3496.37696253219,5107.18458820441
2687.83294862267,2746.4507391913
3868.33814848723,4349.21950909209
3528.84900754018,6792.01835684222
3787.03575186486,4467.77078467021
3816.87661367066,979.324581404748
3996.30346354272,5520.57887673567
3426.79521531482,1199.66123896308
4158.35554742457,2467.52061507909
3746.45453661481,4966.92392399179
3841.63698066623,2655.17912448146
4371.52047807097,5416.86094054029
4182.96705248069,7034.97407039578
4357.20796012091,4583.76420882935
3716.21910271431,3561.30443819549
4372.87650987512,6069.00522428934
4614.19487132246,4957.31918979926
3126.84112006283,5871.17366323585
4466.84317654941,4763.18211508195
4257.05489502381,6679.26442676817
3540.6301629399,5248.80938345979
4079.50192247944,5280.63516114166
8184.88990648975,3692.58577113321
4431.18144623564,3666.49983064114
2508.09182501674,1096.45485190873
3630.49027581019,2413.47358248025
3284.1453387679,5738.07362985954
3577.05294281493,6223.13258077877
4291.07887910824,5829.34566742463
1014.87989331785,6556.56451831328
4347.85597052351,5943.91829793727
5668.80633804248,3750.21290772259
4105.17055332812,5763.36375676746
3333.54315694172,4645.54040115075
5028.35092935073,6424.31696112488
3582.54180730528,3107.44607346814
3525.99550613154,2445.24248613073
3705.64706055161,5364.0640794938
3822.51985119563,3949.7494211519
3508.11840367613,5941.07671064424
3881.81310057879,5970.4021452214
4821.26271646959,5626.51299730646
4204.50120066731,4907.08018017175
4531.03909964626,6275.41778697042
3721.57004475213,6062.86705745221
3522.5403855415,4864.91094017222
4474.86989079779,3217.24509104165
4373.53404698578,4619.45446065869
3894.0582867685,4992.49820962901
4350.85019538207,8798.12190025829
3526.55588763481,6643.28959335428
4177.80636336662,4400.53891388831
2065.68514614377,1965.98045786032
3592.28810778566,4439.12741561442
4137.87540849995,3220.88228049119
4389.85031277679,2760.37451692712
4312.09638319998,744.666345032336
4531.5395168506,1897.83923685913
3686.76996503753,6940.00839220502
3979.91632935858,6503.59724660026
2406.21368101902,1798.83825099911
1822.35346075712,4701.06510142749
3816.76035128531,3770.04735617
4604.21087663497,4785.17608530101
3049.26332417452,1620.50031705997
3531.40994636074,5082.00820935927
4899.00027975852,448.913929002996
5578.92459978468,6881.52835657248
1796.34578573122,2536.74159696611
3836.79660373263,3915.8774469059
4972.31378556332,5690.96036625435
4285.63155821098,6683.86762904076
4248.62945911437,4914.46830713361
4859.31440024761,3259.69827834285
4158.77355284556,4017.15170260033
3892.82221014517,1862.54668039424
4823.6969622739,4882.81294011827
3651.2281249026,4137.63500382456
3136.17354027902,6701.37172219474
4727.27564261737,6500.98315543278
4769.71297327455,4176.84890846829
3687.88219462107,6887.49568988783
6112.53296143446,4247.71818012736
5116.35778597355,3533.96832615107
8333.59490935026,5091.21503675972
4367.50565020906,4889.85982289182
3746.99830812368,4775.45760304572
3754.81771596758,3314.82507182752
3428.61519169887,6006.49030384281
3886.86291358389,6432.61464973367
4115.12678959235,4132.06557730128
3786.3103514765,7448.14128565675
4065.84720225857,5081.83779869274
3106.61480233266,1003.87587447371
4855.67540267939,6626.80838705474
5026.15585333339,6093.27204148757
3660.52696913007,1142.43169202434
3482.48822208842,4919.92398559412
4442.35075260436,6214.15324950387
4088.91278050424,2826.69724891735
3949.62139567025,3963.10488142911
3749.77220716921,6915.91156281807
8509.02055980844,4288.80744781344
2640.99829283804,2194.89885704293
3876.68295678194,3053.11488213999
2905.73342417287,6305.36820160994
4369.09171149261,5143.61356815888
4058.62840487948,5385.20557352495
4696.52845151747,4536.42344909862
3909.42016763886,4505.79096893772
4656.84582826411,6890.96268009847
3611.44221871684,5623.84182067997
4097.75275729277,3241.56899369888
8402.07417512407,5926.86877417912
3572.52562436468,3774.87805456814
4275.84394523886,5843.55360388975
4122.76439410843,4924.35677720018
4233.20943720002,3989.47455779522
4658.09983874261,4768.12656154287
4326.21305567552,5865.20632992049
4542.29610443361,6519.56722090021
8995.23473302967,2949.28340930946
3181.67675567532,1193.63713733016
3545.58325166663,3831.93729655416
3567.09937152316,3850.18011783328
4148.90749598225,6374.47585828944
4754.50983853162,3048.73896456531
3682.95535597464,2074.4155558187
4042.40755308374,5667.43185432601
7887.40089461912,1976.5512048759
2418.11868794189,4043.35139115516
4000.3134567619,5155.15075085276
4225.24214931072,7375.28248003731
8421.5714253638,5221.18890125844
4652.19420473068,6256.03833077409
8554.09670030365,3235.31750165423
4415.11533814026,5465.56540845852
4007.44507266867,4910.8875688602
3923.3949268863,5142.02236384584
4541.63791238661,8771.12682097456
3079.39008865095,4419.69087395909
3040.57533954735,7956.8987363156
8959.65642763478,1156.07131103085
3818.39516035739,5738.52862211063
3664.0303479,5064.84493753835
4346.68197376821,3756.29398910071
3272.39484114268,3321.70175536216
8552.02333199622,2504.91581928424
3617.60401674511,2451.38044154024
4020.11465644087,5700.28051886232
8166.81296150597,5065.07243366389
3931.37381323073,1525.59130147296
4581.9429580659,4487.60481026237
2858.03722125736,5192.71636572444
4171.97692248234,4159.11731918877
3849.57878943814,3855.91995502309
4539.21399670115,5130.65601467374
3229.38429454049,1957.85360277332
3674.82149721547,5249.26395285562
5158.39290080631,3753.85030859976
4834.51561386756,5633.56030293526
3916.97358004487,6282.12427126616
3669.90770418207,1495.24319146898
4338.15899932701,6307.35731271506
4040.9648139327,2585.56023580237
4500.01810647983,6788.49470402782
4272.43034597377,2650.34842608332
3999.83378383841,2112.09491875315
2940.81662836406,6539.51499455514
4482.83961611463,5725.22982443717
3076.19462316346,3116.65290086859
4215.05258424466,4381.04528677396
8292.96157774546,1640.90287153835
4235.84631330341,5485.39985690593
4677.19062234767,6792.75708496735
3532.98124744921,1199.60447064551
2668.08329959758,4846.15646403826
2960.92432436681,4245.04700350087
2212.71429747993,2139.99934825617
4351.39685280044,6759.79467236827
4172.35794343428,2859.60278748505
3426.14074719998,1826.34498513769
4235.61508042482,5186.29446301325
4410.52323045193,4271.36001726322
4304.68471373519,3666.44316803739
2886.82077105541,1184.43030992971
4020.2552048673,4877.35683880251
2717.66655653447,4325.9755787483
4147.76205106475,4353.25481676133
3829.42059944418,2736.67580575987
3732.02559942819,4886.62075166197
4975.95189366073,5481.08081336264
8145.49112967042,544.845937158256
3894.3930906258,4355.75515986604
4258.03004535103,5313.42716307421
4039.65797259723,6196.25124955781
4293.34205367377,5199.47951262394
4263.13609764082,6012.62804782469
3501.17393197858,4259.93700548737
3970.05369046089,4239.47757697759
4856.51987735855,6949.32854481298
3060.80914531508,38.0772672488567
3502.7272960735,4738.8011269657
4354.62860617948,5266.02931788446
4203.22298176949,2824.59438974946
5202.25577408265,6066.10655153731
3918.18330990292,5210.78877633702
2770.04002041494,3843.70112966308
4371.48162401222,6603.50737125194
4596.92473012774,5295.97973252399
4354.39052171751,5709.71484238831
3795.49035305323,4099.55773409803
5054.60226497332,5050.63700107323
3264.15494930152,4418.32716577159
3057.74799654152,872.196740457736
4024.02826688184,4612.7483992182
3514.27283873543,2555.38253646493
4135.60431727222,6486.09315344628
4535.84466959548,5765.69411206089
4236.48112149039,4433.3304929656
4216.02542584433,6320.48569972198
3284.67618577035,2655.9178526066
4496.66935567095,5248.35481406395
2961.39847709437,2510.25817253723
4254.83874598267,4951.06769775461
4343.2414438794,7230.92984555168
4506.36715424177,2142.72718748643
3527.35947545347,6494.39084205506
3767.50934595021,6334.75029879086
4100.48999636042,5033.30331858578
4718.6199538636,6263.31270967318
4413.4049015898,7103.85423094974
3923.94588817896,6008.70648821822
4262.26065570902,4912.64960669503
3857.64878712687,5558.31490227388
4062.97661348691,4879.06179117833
4085.07656984642,6755.81645015804
2900.78550378774,1558.49694575446
4143.35644098633,5325.93014716351
4154.71109247305,3851.71465954256
3741.79243521244,4561.99773473584
3793.96176759742,6026.04017070566
3767.72870543589,3986.6329705022
4450.56321354277,1784.23261916954
4278.94802386191,7401.93673798798
4514.38830957688,5713.57931653577
4200.52792685995,4000.04551623843
3495.32839616849,3856.48827248169
3531.94100016128,2569.76088359658
4890.63858209515,3851.94173281285
4701.74850030467,6419.88416951882
3821.18478375928,6935.0639457441
8625.49833696772,2333.62497954627
4935.33202320911,6085.08852379681
5287.07470842516,5485.45651950969
3438.85207083144,2740.54027990733
3563.18734430445,2983.04142406507
4447.54243216218,6560.88356185658
3487.69613261138,4189.86354741244
4437.45377961259,5381.45442458501
4000.87748761093,5823.88956610887
4143.42607604233,2770.83172730754
4190.51479486248,5495.00459109845
4174.64626701232,6714.04511695058
3904.59341392755,1410.62065845444
3782.3301629325,5535.01388647108
2662.54325184075,1461.88297779164
3109.91910242741,1865.95658514587
3343.44996923051,5581.72966613945
4861.21969617447,6022.74401401681
3890.57777752391,4596.09678225213
2814.73686423959,3084.82712318672
4627.11270864893,4790.57510115776
3820.31807874821,4647.6999229224
4298.02671105293,4712.82893453641
3534.67370742365,235.169743393098
4098.46272540182,3245.26305717981
3533.60794193521,6572.93197655005
4376.89878560915,4426.45402085859
4206.84391233323,3900.70370904535
4310.1597073664,4291.5352870437
2802.81249032114,1069.23238221327
3263.07581151104,3289.19391215892
8049.51244131046,4151.33170829008
5147.71231431806,7266.39302411073
4568.79244007185,6356.00554088478
4462.67417430021,4850.41884497779
4201.0231549058,5745.29134615487
4531.9613279124,4761.13591851782
4008.9334143476,4300.74211444415
3613.5089320607,2944.05480411925
3718.84905438406,4242.48957493715
9097.72546388723,2160.28815467179
4034.66674449097,5803.37347499534
3948.04756300435,5982.56388512239
4311.76934298002,5364.17782755657
4301.94077174673,5047.17043371784
4119.9057303662,918.912414412291
4248.56149701046,5451.01665066034
3594.72378860993,5511.25830127245
1438.58043118999,5322.57690501565
3776.71221436828,6184.54407905265
4805.85489699349,3114.72045236723
3260.80564778477,3367.50818481124
4289.218032409,6426.30607223
4056.92697775783,2470.81677176795
3666.39960411985,5376.68081164588
4408.13405548547,6647.4386490863
3874.7370716575,6137.65788871776
4222.11794159287,6589.24277218306
3901.197387396,6238.1929934318
4025.69276908812,5864.80842312842
4023.58502399942,7202.62814353946
7538.41212220808,2777.59466277942
4619.67729416393,5737.27823913065
3811.604975773,847.815963769114
9417.17068167066,2867.84339063482
4499.6668703492,3667.12523355876
4427.6915008739,2785.66464383503
8021.36128224255,2730.1970290173
4940.87081035233,7704.33828856951
3760.8875948948,5421.86204960496
3698.32123437196,4728.85557144012
1880.85046273956,155.434822450756
3379.52988861867,3043.56723340648
3574.58028484016,3102.21746827793
3354.14669944361,5167.19874269098
3706.19048986699,5350.59487115381
3032.86501222509,2756.16901001896
3905.22942551186,4457.48398495631
4323.9186299468,3847.79309993609
4121.35140693961,607.133520049965
3523.35916760453,2051.91014217242
4200.68063717072,1012.05970930591
4440.44738606367,4397.58357853251
4448.58624454638,6780.53825960735
4521.99304381925,5602.302842712
3472.68112872999,870.037165829182
7197.12448628213,2205.98104748572
3429.07129594615,1463.64469848503
4552.00948868658,5965.11645457217
2503.16549762485,3296.92307188147
3714.36668035227,4332.51122952226
4397.1647457836,4442.31024709576
3420.67767999504,5397.53814694772
3445.64763149243,2830.6185970962
4309.76113427988,4778.35627579775
4227.7910389185,6028.08636726979
4346.52941978341,7183.98699261302
3516.39609764089,5248.97979412632
3583.68601702609,4928.61915813972
3441.37135258936,1193.01194584017
3498.91950163882,6535.48010974114
4007.28624186465,1126.40516083444
3604.43014398247,5922.15182384375
3086.03445910623,191.011484788038
4521.15811642294,6385.614711336
4202.19653979618,2489.79874402745
3986.17513149468,4800.12274989127
4099.17268871237,4853.54459100012
4042.46234743106,3184.28267844256
4162.45382072616,5152.3658261635
4210.72229734543,6230.57779319965
4225.63941849962,7630.79784028395
4217.31360766116,3771.35440175374
4100.02710271234,5185.78280815841
5126.16439093596,4739.76735121638
3326.71917003573,6719.50121826634
3149.63454691078,5615.37414425991
3776.36034285253,5391.39998011059
4665.27373905105,3925.59592916119
4271.08246646515,4422.07789185628
3417.46656845103,4693.39281573633
4102.24679769051,5417.25842447711
4479.21508668973,6253.42423960661
3705.85494639308,5606.28106492223
4240.84696693647,3550.39265841923
2575.15835869878,2413.98502590747
4573.38950722244,3233.55567524703
4097.8907772682,5452.9490991617
7822.72622495513,1245.12663565147
4616.00703993669,4655.59970473911
3088.33595154,867.593379614418
3814.5879177003,5425.15820629382
3032.2460346519,5535.24138259663
4228.78929427053,2529.06931127494
9079.55017131376,3310.67643895076
2887.04707579958,629.582059664856
4205.79352046081,5307.40274429984
8075.96545576283,8055.61514059106
3875.31832242416,3019.64102611369
4074.65462076473,1887.09807917702
3567.92219527765,6403.51671128205
3882.20847445507,5677.15033658131
4546.41081586405,6361.23372321975
7088.95911394999,3726.00275312812
4512.55648366206,6263.71061646526
3498.81026036044,4468.16869146228
2088.5478187975,317.291616161497
4056.54058196941,2373.46407567999
1480.53167181081,3930.31287949656
3489.53212769049,4360.81335438973
3682.27129259634,4964.48024349084
3863.57719086502,4645.65414921352
2097.30399455597,3701.84926113742
8499.35984180572,3458.66626288593
3848.45003484538,6347.02578675463
3151.82780350003,342.809080624235
3114.26417924451,474.488214640214
3908.12125403459,4824.61706321504
3715.64079709446,3838.92751672395
4292.09835300571,6261.66484275638
3148.80761549085,6262.11941215221
3984.25861647141,4985.11008266714
4560.93884412026,7019.97074320177
3381.11102578737,5584.74166409901
3343.18880533903,5984.72340689404
5026.32749584301,6645.16537925188
8182.64295788037,242.501049180481
3907.93665216396,6015.86754190979
3655.43948164942,5220.56392119608
3259.17709686739,3189.62482026792
4662.93813785831,7283.55587307639
3703.21565705071,2342.71805888394
3856.88449913803,6554.06375235332
4001.24020831388,3660.87374151411
4379.68198994011,7589.14067799451
3470.26923793552,789.392907881774
2928.08316571837,476.136345841549
8493.45082405884,4944.07747758482
4216.73427427105,6011.49141290748
3969.34594210644,5920.84477826001
4387.44448036578,2911.66070897877
4156.20929755221,3828.8682131356
3971.65230546733,5131.62223892442
5196.37615600707,5128.78065163139
4073.02550330167,6144.81851955408
4058.5200339192,1825.7197936477
4708.32403868099,5388.89963700588
3430.28599292462,6859.76188247896
3951.38103969622,6609.07722063047
4986.33219722025,6202.44607899871
4445.17175880784,5804.96467930838
4060.68276201617,6142.4885871159
9338.36123291141,3194.9100880619
4156.72535366211,2151.70673018896
4194.67960692681,6157.20775558061
4093.86963798426,4335.92113427389
3892.20341237096,5323.31563314078
4339.11264846905,6453.24448890997
3820.66995993818,5817.06975660562
3907.96784197161,5108.49163378815
3835.32106567925,5549.79014039481
4281.6859570795,4586.37872285209
4014.86105591609,4682.53769856382
3986.12983730836,6166.9262378359
2005.29748229672,3533.79770405691
8630.98574421084,5662.94240011618
4381.00323080647,2531.91089856797
7292.54932728283,776.207963984904
4207.95772239412,5899.24871483303
4134.28562935072,5446.1859522622
3560.84187491142,1946.08934680915
2417.35581721622,5933.40442495308
3437.58597378164,3295.78643696426
3937.48644621441,5757.68058218141
4687.83686070984,5813.03487179162
2937.01211871021,4782.50490867452
7766.47665654812,7547.93766224566
3902.94227105431,6010.58185126056
4562.45492426901,5065.58366566349
3726.72255539837,5879.07344505255
3771.60780004619,4945.55493383509
1859.11581835746,1556.73511934726
3374.30031488123,4834.79011486616
4392.34159516362,3123.75686910115
4712.9458973081,4679.01404574943
3821.56033444284,2984.17805898228
3909.15044662439,2956.61466223994
4612.42811171339,4120.41506939988
3923.25667627344,884.301923468782
4334.55369467701,6221.42762840296
3800.86663613404,1833.8466487347
2604.04930199914,349.572042524561
4105.73187012392,3614.10087638673
4062.31942689218,6793.43915048873
7513.25035670746,1427.27238113432
3626.57639183986,687.720903965987
4298.46182284396,5777.51503062882
4003.31561801758,6504.79096697648
3969.04860518539,7354.8797141313
3999.23696927292,3379.89742083777
4310.85467458229,5111.2194730184
4296.08046160642,5299.73045860868
3785.78749434962,3522.03365952037
4271.49742440988,4050.85284332455
4392.82278850718,7068.56188591248
2845.86275980628,1639.19791916254
3959.8353704696,553.541162560766
5159.17196167093,6334.86404685363
4607.70084460816,5867.30918908838
4662.08189245906,4908.10306702619
1514.29130977214,1411.18897591304
8796.19108887598,2834.02850184783
3898.33745226938,5201.75278245836
4164.2298781101,4945.10036443926
4248.40491395819,6325.94137818249
4425.95444733081,7034.68991166648
4672.9310728473,5441.35525386406
2819.65464868785,412.030141796614
3495.96641891047,5385.31932158772
3998.66375226966,4997.72681481922
2834.11320514521,1154.70739141573
3882.85415451423,5817.97931825253
4160.29667380856,5561.83855508828
4936.29249625953,6828.56108485946
4279.55684679332,4978.23318770487
4368.23028071635,5956.19420875628
2240.34615396149,942.554462975778
3929.27907695158,4969.4242670965
3640.129556793,6535.76426847045
4896.21926351841,5721.53576095624
3561.85896933197,5166.80125875416
4383.04187804273,5796.26950676278
3871.43957013596,5571.38620382179
3677.54619431754,2878.92558107761
1937.64094320788,2054.29694864199
222.898268659804,1252.96943772298
5003.87929830293,6472.79477862808
2673.55230578728,6539.62874261791
4096.54235752666,6289.45531276901
2950.73386024642,840.996154265856
5157.61890914494,7308.73267477679
3591.73760528479,3746.7463403672
8313.84614927945,3404.73297834986
4377.99998853907,5963.41150219636
4343.46980425069,5577.97894005476
3436.55385402875,3066.29993175068
4028.23270300895,3674.11545372855
5026.57878028589,6990.75905668738
4408.19823108017,7009.5701954251
3516.85803015137,4983.63220356162
2808.21974972146,6123.62036291917
3857.94310590284,3580.22932499598
3808.35525995195,2852.1577864918
3734.98655373186,233.351148668325
4119.74144544446,6074.34715468708
3560.50993569396,381.795647713146
4381.30300804392,4450.03919539069
4502.81895244003,5347.2420518612
3992.34730833371,3657.35008869971
8878.92923105948,4344.27548548643
4640.36899087777,4883.21084691035
3788.22597978232,4938.73512433184
4401.58052292614,6434.88791956809
4339.04155983645,3417.690531835
4156.99301536658,6071.73306351959
3133.0891393723,4501.41526279066
3670.69528974506,4813.53487277224
3539.72512109821,5260.57363942396
4183.34612719147,6154.08200955828
4623.88025410618,7038.83854454325
3891.53422010823,6587.87864114031
4097.69930413396,2760.60201305266
1542.10217465735,5249.49144898116
4777.91512560497,4908.61429902578
3014.17218349003,1481.14889735282
3314.75529589718,6764.68245622542
3462.81720172547,5103.94509411931
4876.37468425037,6942.67956883151
8262.09043342518,6171.2452813792
5086.10329343956,4957.03503106996
3943.78269144259,3559.71323388245
5156.54478364874,6124.18868037777
4105.12916892069,4125.70033719385
8030.68873594604,4335.01157262697
1359.03620521267,1993.65760266543
1640.771784038,929.312645047523
3510.60570921151,1542.24302415284
4243.66756302401,7321.8039763247
2855.26967507756,6954.8413087325
4319.32829640756,5110.42408228951
4128.90582126874,4267.04097371993
2882.11823495309,2088.28245952313
4326.72780005171,5173.22316146534
4276.24356310796,4019.82287922682
3762.05291934744,3242.47834391818
4659.22293545738,2523.9544541475
4608.72505776842,6918.07108458972
4566.05481608652,6777.12835485572
4421.65754601954,2727.18481963012
4295.12174011725,3569.82920007456
4485.92868319401,5332.80661927053
4868.84568512457,7085.89556839993
3909.84547423132,4555.85999075396
3856.40222254801,4443.3331339502
3771.87210577284,5478.92086873573
3754.10885484021,2724.40010636848
3003.70186690818,562.293261994662
3595.91675355576,5715.73883830742
3774.98768217189,4483.11535605254
3717.25261671502,4062.39002601843
2981.31566446851,7639.32260216302
4235.07331539994,4055.62687911893
2933.16439195235,893.053970045771
8834.11100929257,1405.22164259769
4454.43531156079,4050.17120065842
7025.02901129982,895.043081150888
2798.72784111756,123.893203498188
4178.12739318971,5318.42827213888
4497.57973307531,5575.7623328241
3808.85055601796,2450.75525005025
7848.9393340239,1155.84402633294
2120.06480085544,1029.84806690301
5595.90399345808,3020.94807169743
4782.02039304257,4838.48417834709
4143.30302315346,4635.99275241724
3433.37655259991,4666.45439905636
2767.74644375128,1213.75553307924
3502.98875615097,2900.52164450459
4438.78508039823,4636.56106987584
8511.26546396335,4040.33897034036
4394.79027303158,4456.51818356088
3720.08863725546,5221.13223865468
3811.91453719027,5921.01518892654
3640.54712579307,3293.17213436915
4330.03562224714,4158.66274979293
3706.90978756189,2491.10578961119
4489.60204578735,3408.59745249732
4237.6690870691,3512.0312299634
3677.74806551114,3907.52351854861
4206.92820087418,5766.03493339395
4202.51267142584,6406.64245730438
4153.1250597448,4495.33418141254
2422.23363788378,730.742567296517
4933.1780228362,3340.96767492334
3877.18094146151,1595.49434888135
4284.21325609113,4114.44773608453
4250.33088045358,5689.48248714883
3984.75724500026,5532.51354336637
3513.16615547389,6000.35213700568
4322.19648760011,4143.0340196813
2918.60451735658,3860.864401484
4180.42744679296,5614.18042388369
4124.14868856027,1962.229520348
3755.21666106543,5620.88690817943
3883.83135581045,4958.68332084202
4143.64440146928,6371.80468166295
3774.88729145337,4017.03795453756
3978.4507778727,6381.2956677927
4740.63905996359,6716.318386785
4335.58379480289,5021.88030680993
3671.53457032378,6207.67468418892
4341.70166508328,6303.89074535967
4177.07172368151,5293.36521850126
3802.1447236048,223.63290426911
3946.73996954058,4406.22208847435
7401.37427611949,2544.81178944935
3371.45635986788,5200.33198881184
4106.2142894184,5552.34756895853
3833.91818245175,7660.52118165318
4524.92636818859,4945.3278605648
3998.99489095614,3407.06291078804
8605.57301992604,2506.27995032699
4340.6162510951,6465.0654074779
7640.83471763384,3469.86198996387
4026.43817679934,3820.96843131889
4245.5174794195,7188.98852453295
3844.13292851831,5915.10451821495
8770.06807335394,2999.86366312529
3772.46437775192,2381.64780479838
4486.29246830345,1842.03037785308
4339.56283263314,4096.60239874224
4700.43182404487,8422.63489364227
3047.38645375076,2827.26556637595
3250.48135202116,1149.36514387655
4266.69235518354,7326.29385338978
4342.07547929281,3823.35544921608
3965.02755535786,4468.33910212881
3845.78490412931,2871.02601068853
4013.34720387953,1409.82505629791
4666.25491693153,5705.67953471907
4342.67604151979,3986.6329705022
4509.05064690342,4699.13265292614
3823.68453469087,4362.80246549484
4184.9733296169,4319.15576924504
2708.73249053891,537.969306480518
4605.23115307819,6450.23249095042
4960.76228815997,7130.22433017111
3086.97015832827,4267.438880512
4929.97014240647,6803.95302347292
7749.35694479739,2957.75129715715
4439.33357186411,6810.54575970588
3605.34386618735,5990.63407760563
2923.26335746165,1648.00683977091
4250.54889441727,5014.83300118112
3102.7295188447,2463.14448607678
1680.98618760341,4903.89734869041
4470.75147492753,4131.83808117574
4252.99573771712,5634.98109658178
2927.75083559406,640.607428933171
4028.68685883918,4815.63773194013
4032.92808546804,6025.58560130983
4519.83869655474,6309.85807867502
4147.20702970531,3967.93557982725
4124.67218416739,4006.92198834544
3677.93765355642,5131.73598698719
3935.02656443988,4848.31598580991
6972.02678766709,705.452440388602
4421.36449335642,6633.85569268354
4705.54329813019,4889.40525349599
3728.42557978253,2669.21643885242
4331.0850159008,7975.65321244956
4454.8533285089,6289.51239822802
8008.83352837211,5048.19332057228
4362.53929136415,2224.22386876484
3566.73893608668,3917.86655801101
3157.45844964573,2124.76831350899
4227.97508585574,4901.73782691876
7208.24418064184,6670.73966488909
2907.59364347119,977.221827950673
4327.12525261861,4263.57440636454
5024.15106282815,5567.18090834127
3854.56555475235,4537.27592528653
3954.41825930805,4292.27443802408
3049.19559309138,5682.26519370875
3325.77356899531,4913.89998967501
2605.7373679616,3875.47024474119
3774.33401809537,3097.61426600533
4026.37553463662,6670.51216876355
2397.81112530366,3645.07417788069
2188.67152879442,1238.02266741891
3868.36431528058,5924.25468301164
4536.22204107822,5611.39592204967
4129.27597764764,8178.88336650455
5523.70203937891,4645.71081181728
4085.64617256136,5104.57049703693
2655.05741007656,4263.9152276976
3339.75185550259,933.97282706532
4417.87254100143,5161.85681229325
4628.33236311794,4728.85557144012
4220.82060581532,3735.03916986204
3534.56462892932,4712.26061707781
3372.53944591625,3662.57869388992
7304.70058694684,2205.81042539156
4180.11330482722,2838.57504151667
2891.40554583813,1996.95375935429
4230.79258513188,5131.62223892442
3568.36021097806,2923.36809091156
3642.05206256576,4620.3069368466
4266.05751036466,5327.46426601755
3906.26445345086,4984.71217587507
3780.72526844253,4596.26719291866
3820.46154982704,8461.16715561988
4556.94359823506,5264.49477617518
2583.7532586403,3408.82473719524
2676.89285886698,2118.57369549572
4675.00158814497,6371.52052293365
3573.20294619216,5197.43331605981
4684.96243213438,5151.85417130865
4374.61011987613,6822.59375154411
3732.47597864372,2178.41765074339
3862.96808419928,5010.05896538674
3318.12882733027,3420.3048344301
8285.44333693552,5953.86385346285
4512.66514206445,6561.67937544072
4104.56594002889,4827.79989469637
3613.98965798129,4613.60087540611
4060.7557813092,4233.39649559947
4719.18338743096,3444.28770432665
3932.74052183778,5377.41953977101
4283.49439419326,5373.95297241562
3205.53330628818,3939.86052823007
3748.34309762452,5031.99627300204
7835.165319729,1502.51767608189
4419.3554580294,5929.88077213867
7283.19216236237,1081.50808160466
3630.47568363107,5445.44722413706
4355.07273792685,5071.89224316715
3893.16699597764,2783.90302885546
3988.3384159893,3335.11408967076
4042.862451372,5344.96878202678
3875.56963943775,5733.86833437902
3333.16177713633,6822.25293021104
5038.52053203773,2234.39692041596
3084.8697216263,3462.36032636686
3140.05423492913,821.957519402594
4218.9525565761,6106.17293236895
4735.00571865922,5331.55623629055
2636.79242937427,682.776563218887
3983.23463262895,5525.92080713341
3551.25780912834,2803.90767654177
3295.81422747193,3023.10780489671
3658.1040601673,5726.36645935438
4044.62004025566,5155.66198285235
3680.54959479182,3546.24402554246
3575.54464733531,2447.06118656932
4413.68844391331,5533.13852342874
4435.99855335845,6929.03994982499
3920.78126246822,5395.03738098776
3586.58819527619,3085.56585131185
4034.65198413363,3332.55666110704
4208.23652380085,4187.36278145248
4094.49585333172,5195.61461562122
2352.70328785877,1664.99959521149
4640.07199608191,4379.90865185675
1703.12309043296,3611.14596388618
3998.21164154778,5353.55020650961
1785.01150729474,1256.49298482357
4345.27422009501,6516.38438941887
4072.97112971454,5960.56991490334
2980.17239558536,3107.78710622883
4852.33999263116,5392.59370048681
4468.74109825003,3848.19100672816
4573.93088273849,6513.77029825139
3800.68516180957,687.436745236684
4466.58921337839,6098.78480540708
8939.66518960576,887.768702251797
3279.95764443782,6161.86804331222
3596.60040335354,5605.25817806779
3612.48171145844,4559.83821296419
2721.42826471868,2355.67582379671
3059.44942155351,1846.97482431399
4182.46587946208,6693.13111904497
4634.78624422405,5148.3309413495
4410.16569284973,4326.14598941483
3489.16536026952,3107.67335816606
4299.76940775014,5055.58144753414
3002.21567111054,4125.07535713149
4148.30330003319,5606.84938238084
4102.20899015686,7404.43750394794
3534.95778967774,3863.76307423604
5408.88846574627,4908.84179515132
4202.33610011469,5646.06328702457
4182.7708865699,3503.67687875086
4583.50877144714,6051.67154180189
3178.86428512666,533.763746715461
4343.47567128145,3979.30192899935
3911.69063325332,6782.64111877524
4456.97860221083,4291.36487637717
3994.71734828719,6303.83365990066
3945.00764646593,4327.22596172828
4005.64522748716,3559.37198969413
3970.13713898431,3787.38103865744
4415.90169144866,5538.87836061855
2766.45017682138,940.963152948922
4281.55745056055,4069.55065685475
3777.18784573529,4850.41884497779
4071.5809693226,4456.6315087684
3876.56882483883,3643.08506677557
4062.03111412515,7126.58692929393
3981.8891898967,1937.28042620078
3938.33994495679,4912.64960669503
4248.41459857236,2769.69509239033
3515.76097104935,1889.25760094867
3982.72324289843,2730.1970290173
4426.8170180635,3118.86929667162
3553.04473676509,1046.84071662977
3106.44168458038,549.22196044675
4955.3492128156,1195.79665910181
3899.18122907148,5146.11433411884
4079.30512436194,3600.40459477645
4531.09198621726,5104.17259024486
4136.8610828997,5398.04937894732
4261.2052480814,4183.04373790918
6662.03029262542,2591.58423172148
3638.07359179197,4486.58192340793
2165.44398740232,2057.53644272709
3357.98684628294,3988.33792287801
2794.3228385983,1071.05108265186
4233.25284076213,1002.28467016067
3679.42364758929,6097.19360109404
4233.95237386548,5568.09004713294
1860.23826110242,942.270304246475
4155.4345594093,6094.18160313449
3654.09913577512,6322.81563216016
3211.10100648659,4752.04283918015
3419.63958905563,5100.70560003422
4019.48578845391,5490.96928342921
4122.86325555125,6023.14192080888
3818.56457375009,5323.59979187008
3530.16296577328,1180.56583578225
4057.20628000776,2826.81099698012
3685.01917431795,6322.58813603462
2966.18408730634,3174.79169231281
4008.61910433793,6406.35829857507
3563.75087505753,2021.90285350151
3548.55452019141,3221.39372391841
4127.55560263516,5010.74103090812
3760.95964733989,2941.44050152414
3942.05875132101,3256.34524762261
4379.03307548934,6732.68626787702
4390.93860285873,4671.2850974545
4017.51159488146,3483.50160897039
4578.7714886235,6423.18032620767
4171.37157622845,4589.90195281124
3392.24571719423,2618.29515227591
3698.83626148772,5715.56842764089
4828.78048103356,4554.83710389952
4581.36881169828,5445.61763480359
3985.56385694643,5548.42643220731
4196.89905869269,4644.11960750424
3450.47092775826,5924.5955043447
4262.59795248841,5136.3962747188
4209.47632145761,63.4242285454779
3584.38926190064,6689.03914877197
4744.61185951581,4508.00757616838
1958.90811485428,942.21343021509
3286.42817914819,751.940776788334
4071.64747281681,4291.59237250271
4199.5816174531,5504.26808110266
3002.40676247151,1978.42656791824
4394.49385575446,3728.10561229601
4536.62615045895,2572.14790149377
3963.35312139886,3061.46923335253
3806.32204591276,6394.76445327743
4780.53588424409,4957.2625271955
4041.21851364913,7317.82575411446
5086.81027569712,6111.45820016292
4071.41040368355,5078.48455654487
4849.71627637525,5015.40131863973
2816.8655228068,5875.66354030092
4048.0247988866,6073.60842656194
4277.40706452065,3232.98735778842
3826.95742069288,4399.6864377004
2418.21596454885,3709.29405070304
4421.30884041042,3411.49591382173
3729.39878325336,6399.87931040488
3820.95215989282,3230.54367728747
5048.88257674625,5717.67128680878
3834.20015107576,3247.53632701423
4092.91059156409,5266.65429794683
4037.25076191512,4754.88442647317
4410.97528133246,6645.39245252217
2505.8125313448,5104.79757030722
3685.81138275338,5122.75665571228
1776.05600791219,339.399175872606
3794.5707152344,6018.70912920281
4394.76396543302,5311.38096651008
2651.27062555535,2685.12932769336
3642.7368484702,5482.33077348737
4354.67688651247,7822.77581608486
4235.80639236402,6095.03407932239
3865.10864627599,6791.05213259154
4107.26517442782,5714.31804466091
4225.95296876092,4619.39779805493
3815.64441033286,6384.98973127363
3653.41718698772,822.071161751552
4050.47820124766,4795.57621022243
1960.30064206303,2343.1728397074
6449.60688694518,4581.66134966147
3749.78923787465,4253.51510277618
7094.2787343393,1754.56636325932
3236.05892498939,3907.29602242307
4549.37571468528,6997.80636231618
3408.41525052482,5296.94595677467
2955.41283715364,5928.74413722147
4204.14585320826,6609.70220069283
3522.64593000215,3122.22232739187
3338.36946136761,1802.19149314698
4004.09856780436,1437.95677049885
4358.70118987478,5538.42379122271
2385.72189835549,413.337266665715
3843.69813523101,5284.15881395606
3597.39199478973,4744.93887094759
3133.37042935694,3423.14642172313
2212.63333080522,4539.20837378789
4325.48204684871,2790.49534223317
4792.26568570758,2360.62005883
4050.37414895663,5281.82845866263
3397.77607050668,3458.21148206247
3974.24522374359,4563.75934971541
3982.82501672948,4839.10915840946
3870.16852977352,2986.96277224391
4734.50891596112,4208.3338648171
2534.02881076117,5332.636208604
4204.07754589269,5482.72868027944
4236.52162050601,4685.20887519032
3779.58309197417,6106.17293236895
5030.92587885327,6739.44899192127
4536.91485278466,6158.91270795643
3980.57581584342,4095.35243861751
3712.42386167133,375.373665716602
4303.00899836456,6612.60045058962
4515.81014998227,3942.30420873102
7586.47526147518,603.723615298336
1217.64596309677,1279.33932551672
3861.78919987479,4108.93497216501
3873.57005612285,3004.80789815858
4064.99127211385,5440.04820828032
3623.39577492815,1123.10889843177
3446.60549238969,5952.72721854564
3982.94881886202,3451.39167255921
3515.99367376586,4716.69383153913
8197.64880008678,4986.64462437643
2437.75482860787,2420.57755071281
4000.72095227437,5033.07582246024
8345.72527065696,2312.54057097413
2981.75312058985,399.186177803526
3061.74131465004,4842.23490443178
7773.43477408058,3195.59215358328
3813.56369096826,3968.73097055615
4730.59132863179,5142.53401870068
3226.80917375781,724.434254077385
4193.51072790728,5541.71994791157
4588.56762238557,5879.92592124046
3178.37722557295,1341.11551783811
3448.27170352438,1563.27077012122
4050.72001855876,701.531039352847
4302.18795090469,4590.86817706192
4787.5081845996,7204.90141337388
2366.39420052613,5501.25608314311
3574.37110127663,6393.40074508993
3307.8213455392,4646.56328800519
4652.2559535848,4012.43475226496
4170.65501897431,6196.53540828712
4200.83801297016,7037.2473402302
8031.831118074,1940.57679431726
3111.77454740833,2989.23604207833
4802.27853116305,3300.78754602893
4298.91609523188,5219.14312754957
4478.69102979787,5513.4178230441
4688.07259348591,6685.62924402034
4098.33604487169,5112.18569726908
7651.39464205167,2184.83955345457
3587.94081383467,6783.89150175522
7961.16839879823,1023.53970082697
4171.99395413381,4951.52226715045
3826.9026475815,1309.74430955208
2033.48919114008,1336.1710713772
3916.75860899681,1965.63942509963
4144.71402606975,6792.53001169706
4067.58347548543,4780.00414271456
5016.30312563183,6628.05877003472
4013.85255970363,3691.56288427877
4204.64407795296,2134.31617367012
3429.14189071069,4370.30434051948
4130.31366634189,1404.99435789977
3586.71095588436,3373.87321349104
3308.99981888225,5283.30633776815
3553.31695583028,6991.72528093806
3243.84701820096,735.402749314314
4246.31167041718,6357.76715586436
3853.57783713341,5645.04040017013
4190.4096366096,6336.45525116668
4058.23375095769,6393.05950090162
4383.70363994505,5059.04801488953
3607.0504420092,2626.70637751983
4043.76480361337,6281.78302707784
8329.43229769876,2327.65764623092
4324.88945189376,4038.52069275702
3570.93334512636,4707.31659347215
4396.30092793071,6272.12163028156
3586.76721495399,6097.36401176057
3984.8401231736,5053.25109224071
3933.94468185241,2947.6919935688
3474.37935322877,2763.3867263143
3957.19743552141,3010.54794677602
3541.25969023214,1329.46500993671
4066.19101348577,535.184540361973
2058.11120537436,1984.9622186922
4374.35003246813,5392.02538302821
3862.11397440978,4199.07037481289
4287.73277952518,4966.52601719971
4426.49711209246,3324.71375332172
4418.54218147592,5487.21855734452
4643.46535429599,5475.28389071382
4460.92810814913,6764.51204555889
3894.60254344002,3878.08433590868
5060.27055688605,6117.36887087451
3179.65738927979,4560.46319302656
4078.01596163661,4778.12877967221
3111.70399752271,5328.37382766446
3663.93800807153,219.768350836288
3585.25410054249,5233.23731595191
4107.52493995948,4261.41446173764
3660.0926012128,5387.53550596313
4726.47520613908,6469.95319133505
4175.17551634825,4258.7437079664
3102.821928067,2770.604231182
4162.15257064883,6900.51032883198
3548.26468998825,4478.2846576544
3656.06678154648,3620.977771349
4985.51593201326,5484.6611287808
4057.04386854825,2925.98239350667
3868.54903207082,451.585052772583
2495.73933393717,6135.83918827917
4580.18124571763,6665.11315290681
3302.57692791008,4193.27345216407
4077.99127437405,6453.1307408472
4589.91313712984,4951.35185648391
4465.86677210424,4753.29322216013
3851.35965659496,4504.25685008369
4189.94793060625,3697.53021759412
4150.61897362706,378.442590564449
3504.80766391061,4353.25481676133
4083.99331893243,6271.89455701127
4415.81440117681,6917.27569386082
3091.12715602354,3504.07478554293
4553.68582928026,5590.9364935399
3845.11421687833,4539.66294318372
4433.59367004147,3368.58794569706
4891.62477469452,6141.92026965729
4241.97193811604,7987.2470577472
3338.51784349216,3731.45843158863
4627.96566334586,4628.37712932983
4846.07391896315,6834.86966236312
4267.40885116667,5765.52370139436
2402.77526274623,2555.15525176701
4441.04041139023,6118.67591645825
4370.10830542239,4162.18640260734
4500.75435808404,6072.98344649957
4922.48376624009,5801.32770128646
3857.77808486111,1682.27640366755
3520.91272270388,3486.4000702948
1688.05609814003,6441.70772907134
3609.38869108124,5784.16442946555
4559.2214588007,4855.81786083454
4825.97438189866,6817.76305314596
3997.31653385078,2088.56661825244
4017.2802180041,4711.18106761961
3151.63234287679,4352.17484444788
3914.44514450854,6153.28661882939
3827.85785060334,5945.11201831349
4509.0611080855,3003.04607175138
340.004555681173,2129.31485317783
4322.88821170199,5462.83756922827
3533.30815294473,7319.30321036473
3370.52678101851,5121.62002079507
4006.96770918767,4646.73369867172
4321.37656373959,5122.35874892021
4064.09535507772,3024.92629390767
3362.30503572304,5699.65553879996
4533.15811293849,5123.43829837841
3713.16080880277,4462.25802075069
4286.20594706494,3866.83173479935
3427.12994308278,2013.37809162244
4678.51766789382,5219.93894113371
4115.1146760731,4908.95554321409
3835.2196321714,5681.4693801246
4703.97061569602,5945.73699837585
2378.58700463557,3577.44440030672
3777.62075074005,4130.36062492546
4123.23511508946,6578.16058174027
4082.97676428824,6486.03649084252
4344.38544583477,5251.5938852938
4350.49216883695,492.844889695913
2411.89647452011,79.5644417270102
4088.23934529196,4496.75497505905
4713.3810158348,5549.39223360274
3651.03215552025,3215.71054933236
4391.79882551333,7448.08377734249
3969.91358378448,5192.7730283282
4438.04978986953,5837.70001863717
3552.98132158201,4181.11128940783
7603.0830194759,2765.65999614872
3879.21315939721,3360.23359448452
3052.0672139767,6580.37718897093
3778.74263532871,1725.35488817256
3683.31418877055,3944.06624656585
4585.11876265721,2820.729915602
8269.7719674504,5927.32334357495
3970.68068368143,3436.04710117688
4614.16284508234,6177.32636275732
3699.66163691357,1017.9134002723
7729.30944784048,2396.25364805557
3446.40310646456,3791.24551280491
4749.52816179071,5576.16023961617
3803.02076279969,4314.3250708469
3894.20337976049,6158.34439049782
7911.45326013785,4797.56532132755
4847.16358996225,5407.88118641013
3358.38030510155,4692.31284342288
4155.5523061415,1154.36635865504
4039.3970876139,5451.41455745241
4127.04200324603,6167.4374698355
4187.99888101047,3879.10764561837
1838.46275012313,739.494666730413
4224.66084523976,5082.57652681787
4163.87883450983,5083.03109621371
3565.12849732874,1849.0208094505
4541.70424231837,4863.26265040016
3533.65460655945,3522.71551361412
3729.91878407022,5673.39918764136
4347.54812106526,5987.90623837538
4321.84343343424,4578.13811970232
4385.03732717133,6199.60449170568
3734.84570059114,184.930495909502
4836.20159428039,6878.45969600916
3930.61336624779,3441.50299106501
3899.32021024338,5513.81572983617
4143.22508904894,4770.00192458521
3529.18855703403,6049.22743844569
4805.16667216559,5484.20655938496
3977.51590633337,6473.59016935697
4176.2865851652,3772.15021533789
7738.90684914981,1847.08857237676
3898.35365828674,6766.444071205
4457.77746777871,5003.01208261319
4164.90677321937,2902.16972284902
3786.62180108415,3599.15421179647
3413.31171800862,3023.10780489671
3901.58133138058,5269.04131584402
3958.35705808509,5172.65484400674
4281.34628055742,5316.55290909653
5102.35910467554,6832.76680319523
4410.13217806949,4724.19528370851
3760.68543869075,2661.31686846334
7169.85933013664,1117.08479679885
3589.48481986164,6744.50718644495
4194.9564965645,2913.70669411528
4799.865906156,7055.31975084279
3964.17269867856,5276.31569474311
4305.80725823915,4231.6348806199
4954.75208942492,3200.13869325211
8202.18221016275,5135.60046113465
2196.31416860938,3599.0404637337
3898.26529584067,339.228685920716
4397.01925206342,5637.25436641619
4564.36118967846,5156.85570322857
4691.40897882797,6425.34027083458
2042.18825872116,137.873815622712
2083.76737653692,1253.42411283262
3728.74769171171,4603.03033981816
4149.63772005781,6425.05611210527
4177.33010543398,2838.23400875598
4316.30081031566,6595.38051616494
4379.62700939522,3042.37372445789
3897.46962691047,7005.59197321486
4013.0690503099,4999.60217786157
6850.41990974419,2040.25963427102
4848.26546019939,6832.5963925287
4252.86978740558,2282.53328230322
3770.00684251507,5853.44207395632
3767.97765946384,34.5537003269294
3073.82001890769,5753.41820124187
4266.50455231908,6137.43039259221
4163.08331011531,3896.27049458403
4205.70474017304,2408.58601005072
4013.83600124457,5819.68427062835
4668.78041246832,7601.87115820936
4684.0419750562,3808.12462589652
4212.15188076865,4686.23176204476
3939.54325319817,3629.50253322807
4159.1230134378,287.113969680961
7823.68262641144,506.541329876908
4261.50463060485,5168.61953633749
8682.82940887032,224.201221727715
4284.95026380326,3378.24934249335
4526.29388437281,4125.70033719385
3707.40022718218,2754.86196443522
4215.3587896995,6137.60080325874
4191.04885923566,4721.18328574895
3864.67796222897,5852.24877643535
8322.07841915704,2238.31826859481
4162.05251669872,4709.24861911825
4274.34990070237,5561.49773375522
3525.01543300636,5494.72043236915
4033.14201827345,3011.11626423462
4133.8131802629,5001.59128896668
3193.73845948608,4479.81919936368
3420.64395297839,3965.32106580452
4474.08845499542,4787.96058713502
4000.13141088722,4519.03310400741
4971.63057664235,5449.76626768036
4539.3900698771,5923.62928009402
4502.0987324769,6280.53264409786
4443.449933966,4511.75830225307
4101.19987524595,6336.56899922945
3303.65443907375,6621.80727799007
2858.9415892471,3028.05203992999
3776.53308740471,4049.09122834497
3891.89688632304,4905.48855300345
2664.59706896708,818.206581890277
3885.77534209778,6568.27168881844
4754.13508971282,4648.72280977684
4703.55102846316,6125.21156723221
3447.52436650718,3918.09405413656
7828.59501558132,4762.55671216434
3768.68275760146,6519.85137962951
4363.0391285272,3924.00472484815
4327.27940957038,3775.10555069368
3505.9161171503,6127.5985851294
4645.67599632622,3379.27222934778
3619.25789366106,4441.17361217855
2932.4849001859,3484.69511791898
4223.49875920195,5059.4459216816
4383.55989094789,5751.20201686646
3789.58491753914,2715.0228683015
4351.72807587271,6275.0203030336
3946.89987576894,5936.58725643441
9356.34659290815,6049.0003651754
4420.93621590566,4967.83306278345
3688.0267467217,2723.4338821178
4281.23933478368,5600.88204906549
4672.71830408466,4509.03046302282
4010.20234137052,3961.85449844913
7992.74230507935,67.8002716553126
3946.65776906392,6361.17706061599
3458.42332216185,1608.4520080803
3194.55696820667,2262.64217125205
3039.22298788362,6285.6475012253
2691.92835490337,2178.81534610783
4244.46559536611,1420.56621398002
3978.01835537776,5116.67557433416
5056.134099177,1304.06113496603
3936.20146249778,5502.33563260131
3940.15606228031,6690.85784921055
3801.34574112691,3662.18078709785
4533.04111514501,6916.02531088084
4012.88238550023,6317.75743763648
5139.0263130926,5888.16652439023
4369.78174170927,3723.38866196064
4409.21608456361,5544.95944199667
3283.14652571802,3828.01573694769
4036.00795620583,7447.91378953121
4168.49004742894,2195.35342643876
4464.09149027666,4599.33627633723
4429.9995654193,4916.05951144665
4104.21400395424,7990.60029989507
4044.6517098191,4044.94259546821
7883.47786392255,3048.22730971047
3716.41866764221,6523.82960183974
3793.58376109817,4107.40043045573
3849.71158576525,4853.14668420805
4088.4786763669,6401.0730307811
4467.1019807572,4690.49414298429
4358.39397482017,9198.27489943035
3708.81085725597,3624.33059064161
3943.34316840276,3763.90961218811
4315.44945874219,5739.43776090229
2777.57205231837,4617.69284567911
4267.22768998425,5258.12953606776
4804.71035125879,6722.34280555936
4866.74156708274,4825.24246613265
4821.88416414603,544.391262048609
3403.74193040408,4864.34262271361
4134.19384040206,4799.55443243266
4306.16123640193,3827.84532628116
3363.21516904183,1818.67269944652
3785.25084005897,2127.49636416687
3617.49991113559,4979.02900128902
4195.34824837757,5598.09712437622
3938.79496111682,2740.3698692408
3822.46725868798,1847.14523498052
4011.82609910809,1793.49610917375
4827.14127774913,5501.82440060171
3757.23402067477,5956.87585142241
4693.66745512187,5013.58261820114
4201.84765161882,4590.69776639538
3004.56880426651,2236.32915748969
4533.84917077813,5914.70703427813
3128.37188570323,5551.09718597855
3760.77726965126,2577.8879501112
4192.99298007702,6807.13585495426
5243.71996124329,4999.82925113186
3834.20494176792,6636.18562512172
8311.25516219895,4348.82202515526
3232.20876270288,1176.92854061889
3441.01578523688,4799.95233922474
3800.7305128549,5658.73668178041
3871.28086814854,2176.14438090897
3083.40911303941,4860.98938056574
3963.64791017487,5048.81830063464
4111.47275010478,6277.63439420108
3230.7231341144,5139.52202074113
4091.51297381398,7129.3718539832
3652.62334814303,5243.12620887374
4484.90368442205,6220.68890027782
4870.82296660189,5112.92442539422
4561.41753689494,5460.33722612356
4782.60477211751,1704.15662582383
3810.14969045275,5357.69883938637
3533.21177556912,5907.37556992002
4311.03303540598,3695.541106489
4471.19884096203,5771.26353858416
4273.39083752795,6002.51208163258
3824.71353705767,5073.25595135465
2872.05443230179,5415.21265076823
4593.27742001541,5772.0022667093
3644.74968358155,6609.5317900263
3910.57359747551,6896.58876922551
3800.41326248908,4143.65942259892
4000.42248242902,5015.57172930626
4362.96414494476,7736.22072885514
4353.9940805945,4427.07900092095
3708.26950520316,5140.14700080349
1925.63622926841,2421.54377496349
3640.6999648076,1886.3024770205
3939.17808262899,901.237804877969
4344.17030060311,2996.85145373811
3645.8913256025,5145.94392345231
4945.99272728089,5754.8960803474
3535.82555233247,5767.1149057074
3753.39331265934,2476.2157876247
3987.10877412897,3136.25985319046
3984.18956663837,5429.9322420882
4334.33396482132,3428.1475307878
3951.92552736213,7003.83035823529
9064.20199252718,3048.51146843977
4452.22941811074,4637.24313539722
4653.95850442356,4640.31179596054
3819.25146503125,6614.64664715375
3914.11564337177,4633.32157579075
3888.8109320236,4930.55160664108
4436.80856716913,4545.97109783213
4695.03669628251,6084.74727960849
3087.83365838347,4136.78252763665
3220.21929595533,5927.15293290842
4157.45225397658,4891.84893399694
4106.93460373645,5248.07065533465
3542.670336416,4792.50712680386
3050.01938824314,1868.85504647028
4186.90499642206,5506.99592033292
3957.43604376049,6493.93584980398
3686.08382614877,748.758209591528
4939.40147999805,2842.49638969551
5191.59736331644,7100.27349267633
3984.28825744288,5341.50179181614
4498.75112859315,6748.42832319617
3893.29748658532,6454.94944128579
4423.11563910114,6605.38315714954
3441.54777030314,3960.54745286539
3811.04631140976,5898.73705997818
2421.97109669209,5776.83296510744
4041.56997932602,4691.51702983873
3882.77461971986,5412.14356734967
4631.49974115344,6264.16518586109
4467.01891329851,5581.04760061808
4747.83502627835,5332.46579793747
4432.18209349641,6765.53493241333
3998.91480493273,4981.13186045691
2821.02377954629,3421.4983433787
3891.09639145516,3056.9226936837
2419.41495995397,2159.77671124457
3876.80393410956,4640.141385294
3472.32639703851,3695.76817975929
5281.30587537972,4990.50909852389
3895.25240212071,4428.84103875578
4544.14559909953,4312.16554907525
4399.45015495212,4953.90928504764
3373.80481171845,3879.44846695143
7846.27265676754,4546.82357402004
4187.92992803735,4614.33960353124
3170.47060660267,3763.39795733327
3329.47181123778,1476.48871533502
3499.72673990468,4420.20252881393
3347.74467359123,4952.03392200529
4142.64818126435,2301.40150649995
4612.88277025005,5100.5922748267
4475.94803029269,6842.42819999151
4193.93765371929,5807.92001466418
4134.46066831293,4911.91087856989
3406.45582406358,5691.24452498365
4116.19631123366,5758.24889964001
4570.1739938019,6496.83452255601
4712.31750105382,4468.50951279534
3783.88718443173,5499.94861470411
4359.83929393416,3496.8570692476
3867.91987838104,5419.47503170777
2311.85202383789,282.510608837643
3136.81609671056,1985.07596675497
4828.28179604632,5027.84764012528
3626.88510303579,5377.41953977101
3436.26584463321,6370.66804674574
3981.86002030337,4769.26319646007
4000.02604272484,5161.91347489701
2501.1806777538,1826.96996520005
4533.18244395804,4814.84191835598
4345.01945922694,4282.44220770602
4648.24272993849,5669.47805089014
4760.6448816101,6090.60128771632
4414.89732627548,6444.37890569784
3576.58478009576,6421.36204862434
2427.97653541877,3716.90967379044
4775.32214744069,5009.09316399132
4077.79729710522,5685.16344360553
2820.26940732703,895.611398609493
4292.30712937866,4513.23618135859
4504.25735207185,5376.11249418727
3941.87417215506,5049.04579676019
1597.45727235787,4023.68735337429
3346.44290801341,3174.67794425004
3900.86657151672,4911.91087856989
4115.15560388863,4281.36265824782
4366.83645940042,5363.60951009797
3499.14815201441,6258.87991806712
4214.6471333322,5402.5392560124
1905.40364627618,3969.47012153654
5029.57483111354,6066.67486899591
4269.30206787925,4271.36001726322
4645.41347068016,5726.59395547993
4139.5291555628,5871.40115936139
3861.65413098874,4381.50027902504
7408.819396132,950.169874635558
8488.13356247688,239.147965603331
5209.76326312281,1185.68069290969
3753.816908213,4972.09544372299
4547.45438801675,5188.56773284767
7640.7061200518,1219.7228663946
4068.96244525037,329.510441521501
4295.48264766962,3757.77186820623
4345.05523545771,3247.99089641007
3942.4432260557,4606.89481396562
2794.56687967155,3077.72315495416
4175.96521206811,6834.86966236312
4295.97429091806,6233.3056324299
4404.73870904345,5626.4563347027
4621.36845025558,3183.2595801605
3108.98163907071,1050.47790607931
4252.00264738997,7173.01812737775
4305.66200994504,6060.70753568056
3555.27657301967,1472.11269204653
8612.27662019304,5302.23122456864
4125.34840434628,3467.30456140015
3006.6672229344,5501.36940835063
3580.471665436,5109.34410997606
3754.23107352675,5465.7362419803
3969.1419475639,5481.59204536223
4949.47380170719,7187.45355996841
3935.93871040184,4832.97141442758
4155.30771284606,1972.91401542635
3683.91297181844,3939.69011756354
4516.68814113148,6891.7014082236
8912.40093205682,3347.73061039522
3914.01723509365,5514.32738469102
4329.47030860397,5650.38233056787
4463.54695899471,5655.72468382085
4389.46775357279,4002.48919673938
3623.00738252578,1552.01806329808
3684.01169138992,3438.88868846991
3548.7893326054,2069.4142353264
3658.21297569504,5494.20877751431
4259.85235427206,1655.67912546208
3405.02747563882,2866.82050378038
4074.13188874429,5731.65172714836
4028.56587931598,4366.49652897577
4305.80516061417,6681.53769660259
3775.21791958613,3739.35821340534
3695.16920215443,4260.90322973805
8473.44373117136,982.620843807419
4153.47471760111,4065.45868658174
2337.32424540238,1481.20577138421
4114.18817247719,7472.97642031358
3976.15577490709,3666.84107482946
4067.816172679,6210.40252341917
3291.92958035674,1153.05920735748
4035.64793660953,3257.31126044566
4456.69615612015,5664.59026703299
4423.77991223433,4666.3977364526
3856.74928989262,6181.36124757132
4244.95728247413,4346.26459659154
3306.25231114361,3584.83252726858
4699.96507237853,4006.58116701238
3670.29891458741,2707.29370857895
3955.42202337152,4901.90823758529
3806.45625635668,5743.87055250836
3941.43717420453,5252.56010954448
4537.84615251059,1077.47298536304
3828.1914783291,5797.63363780553
4001.78409582565,1995.81712443708
4402.79889303026,4535.23015157765
4123.32440483824,4793.245854929
4406.86002386483,3674.57002312438
3545.88617438565,6408.57490580573
3547.26111266106,5643.50585846085
4531.87542791559,5569.96541017528
8118.88342562241,1392.83240657115
4012.2474763403,4806.88547393551
4926.01313018378,5290.46696860447
3816.3375566513,4418.83839777118
1669.51651427397,201.866350890235
4106.72108416584,3405.92627587083
3424.02670390548,6890.39436263986
4056.13648417372,4908.72804708855
4027.44269985283,1570.20422197344
4354.8074978788,5230.62322478443
4270.72703196315,6574.75067698864
3179.14305974781,4383.03439787908
3552.99803117996,1435.11518320583
4029.08920857054,930.335637615774
3808.68691631588,4749.20125188712
3357.31493502666,2431.54620452046
4472.24035650225,6958.02414021384
2287.11115069268,2229.50934798644
2845.33942212368,2883.92690156991
4043.45753836245,4530.3423677205
4089.40994314894,5564.33932104824
4226.04469030593,2062.36714112523
4082.91520759718,6078.38246235632
4350.91090848757,4606.26983390326
3059.47439419157,5325.8730617045
3580.46380140421,4678.84363508289
3611.72800534458,5280.29391695334
4326.37708400032,2921.66313853574
4446.48162782248,5695.39315786042
2780.49680083134,8334.82984628782
4835.35052463745,3281.74891116567
4524.59449400732,5442.20773005196
2487.99694839362,2141.98845936129
3609.91199307457,5610.65719392454
4989.73853837031,7461.38257501594
4246.24562761249,5905.78436560698
3681.92055529554,6433.29671525504
3836.45270257324,365.939606475143
4893.08907681622,6640.9596609161
4542.43897297673,4069.0390019999
4071.0498296813,5812.97820918786
4308.07809063104,4105.18424608032
2404.93422801648,2426.03344060094
3483.89511824229,6520.87426648395
3168.48602829014,2687.40259752778
3842.3223845636,5417.37217253988
4384.55075033478,5749.04249509482
3737.8225784304,4876.90226940668
2995.71521682529,3917.46907407419
4083.64293834498,5462.26925176966
3979.49836500897,7187.73771869771
4551.22619885123,7160.11765935162
4332.49035856763,5509.26919016734
4301.42896928775,3757.71478274722
4261.91931345774,6095.54531132199
3810.88935792341,590.652313750424
3246.36758608479,2300.15112351997
4558.04743067563,6065.87947826701
4411.40032763071,6967.51470348834
4322.32496223049,2846.64523399991
3934.6562177357,4888.83693603738
4028.59067480855,5867.19544102561
4056.59368049794,4956.63712427789
4477.77172430329,6858.79565822828
4839.78207097189,4937.88264814393
4149.8659769873,5365.65528380684
4789.01479474482,4915.66160465458
5024.01458273911,7128.74687392084
3911.19376962439,2253.26493318507
4736.0520778581,5361.73414705562
2938.24616499907,5390.09293452685
4536.87888828984,5668.34141597293
1756.27842553964,1104.1271375999
4381.50342931566,5426.23817860727
4266.42980651079,2761.96593266778
4612.05241745604,4915.32078332152
4606.87991988331,5378.49951208446
4435.59388492224,1744.67768176512
4318.62742062644,3256.57253232052
4239.82926945335,5395.7761091129
4129.11192260544,3487.08213581617
3808.30394319794,5447.49299784594
4222.56192160695,6405.05125299133
2475.96255294999,1263.82434346786
4191.85942819536,4062.44668862219
4473.76476154437,6008.59274015545
4339.79304225894,6094.18160313449
2990.89902234516,870.548662113307
3642.70103003816,5066.37947924763
3882.31978226165,6219.72267602714
4180.37349399205,7705.3615982792
3299.58877691826,1601.74584092601
5338.7877200939,4109.16246829055
8568.53294160642,4291.13780310687
4382.18316541801,6426.13566156347
4096.28658673424,4671.2850974545
8720.03148580835,1960.29728327427
3856.83326140599,3306.01615121915
4971.8972842164,6219.21144402755
3356.97371857231,4797.90614266061
1327.23424967102,44.4992558525141
3221.69424897743,4222.82596001152
4238.77289488892,5679.99192387433
3901.10675292973,3313.91572160823
4575.48068617639,2860.0575683085
4184.95892221924,3804.54431047836
4515.22839785776,5767.17156831116
8165.70376362891,4127.51903763244
3462.76895193529,4226.00836863761
8427.6074193562,2138.35126991174
4357.61531744172,5656.34966388322
3998.48472649793,1582.02524625518
3744.2507785114,3026.57458367972
1737.51621401354,293.876931581287
4837.87530148409,6239.78462060009
4687.42117296365,5287.62538131145
2296.85708598055,5359.23338109566
4031.45601482974,5813.77359991676
4447.92208247838,5094.1132866565
2817.945178954,350.708677441771
2907.17970987269,1581.22964409866
1553.84197883176,3251.17351646378
3469.10167946666,6083.72439275405
4383.55363604927,6799.57689447061
4744.23795491272,6488.19601261417
4899.46113265455,5706.36160024044
3866.02228224127,3637.45897764854
5007.17351944057,7161.87927433119
1348.3602460343,1019.05003518951
4477.81947544585,4966.98058659555
4732.473627869,7448.14128565675
3890.13498065866,4980.10897360247
8917.3313280251,3395.24199222011
7986.78620273346,5488.69601359479
4169.28656919034,1904.65904636238
5058.6889503869,6039.39563098288
3702.57515497943,4482.94494538601
4369.17387699266,5678.34363410227
4014.08575132563,7984.97378791278
3619.22534946633,1614.19205669774
3914.19650326251,6166.75582716937
4020.12663366592,5222.09846290536
8291.82724487642,2251.84413953856
3959.81817219743,6120.04004750101
3786.38810708389,2034.00814222637
5146.46639659418,6662.21490301002
4187.6377456071,5590.14067995575
4233.13845700886,5913.85455809022
4646.16901573737,4930.43785857831
4026.32309233147,6532.58143698911
3967.03970313502,4988.23582868947
4042.53350676715,5715.17052084882
3741.93684041405,8186.95398184304
3674.8778619042,2273.09917020485
3892.05900528528,7364.03030178324
4430.45241495513,7394.09361877503
4005.46250149267,4106.77545039336
4333.55454365518,3567.95383703222
4040.36380862185,5377.47620237477
1518.87378755025,1610.10008642473
4911.65071167977,5687.15255471065
3684.83470211769,5174.35979638255
4618.24917186413,6546.44855212117
3988.43192135741,4760.85175978852
8766.93838612813,3315.56379995266
1442.68921901794,2447.40221933001
4404.82105862365,4946.23699935647
3460.53150451348,1473.53348569304
4227.28518263332,5069.16398108165
4202.62135601939,3655.81554699042
3635.52845074957,4963.45693378115
3629.26727915073,6155.04823380896
3834.6192846972,4124.16579548457
4123.76386969747,5702.44046348922
4014.2635317142,5005.79658444721
3732.33304675234,2262.8127933462
2967.94742744131,2876.19774184736
3991.64922279329,5378.66992275099
4356.54266363786,5692.03991571255
3962.49829360681,5841.84865151394
4360.65734139676,4471.63525881767
5021.8801206828,7725.13853841235
5026.27136628727,6812.13696401893
3377.62232857068,3989.19039906592
3729.41241954823,4248.85481504457
1770.79075184127,444.424210508637
4300.95469188453,5653.50807659019
4448.39135512839,5409.13156939011
4054.08952151389,4826.03785686155
4498.00566081335,4460.89388970794
3829.00769263771,5443.79893436501
4746.25818568511,4956.58046167413
4051.45008155638,6535.8209310742
3600.73545196922,5196.69458793467
4432.15385086483,4544.49364158186
3557.17458282131,2643.13070978799
4291.53056304152,6537.12797665795
3365.41413746412,699.939729325991
3729.33526591046,3634.95821168858
4024.84507333176,6418.00880647647
3707.96376109748,6665.51105969888
4117.55762877312,6172.95023375501
3947.69512139344,5299.27588921285
4363.00476039725,4254.70840029715
3684.32894186581,3323.80440310243
3870.33156391596,2792.02988394245
3868.90676335312,3744.47307053278
3977.69947854258,5537.06008303521
4139.20234440996,4637.58395673028
3795.97375353407,4667.02271651496
4519.87082456374,5083.59941367231
3780.7907666729,4907.19350537927
4402.29877715821,4164.57342050453
4629.70416357878,5242.15998462306
8812.12734214862,389.695270959135
3775.85681724355,4851.44173183223
3195.07994549907,697.552817142613
4066.17116332089,1438.86612071815
3725.84850190359,4824.04874575643
4021.51828131886,4933.79110072618
4410.16748236234,5675.04747741342
3145.61318504082,1141.40869945609
3652.6138119829,4406.96081659949
3628.52526129074,6174.31436479777
4242.04908452794,4645.88122248381
7675.63576620471,4262.55109665485
3713.60914611058,3253.38991226681
3717.90096109673,5654.70179696641
2692.52940007231,2539.69693232191
6061.82886185767,4987.89458450115
3845.41408812374,6693.18820450399
3331.13276018296,2641.3120093494
3069.73240380092,1377.99927861604
4773.73263289593,1992.74825244613
4244.92447163443,403.903207424256
4545.92003304065,4033.97415308818
4249.60588068401,4765.85329170845
4218.19768998145,2588.79951845984
3513.40646326221,301.26505854315
3937.8871109683,6045.7608710903
3786.17419368861,6703.0200119668
3581.18989181493,6107.87788474476
3896.26414661453,3996.12395663195
3952.37095032482,5708.40779680457
4651.14402595122,3515.32738665226
2952.12531536687,4384.34186631807
3858.3257443831,6189.54518811733
3926.81540176176,2732.58383548686
3531.04828966794,3402.17554978613
4623.91452507529,1656.13380057173
4304.83643188996,4890.0306564136
4073.32856275519,1233.02145264042
3967.23087553199,3907.40977048584
4257.22110220382,6379.70404062441
3718.7007710735,5073.93801687603
3794.36271644749,3542.66349869668
4385.58885601919,7082.14441945999
3777.56257970104,3650.58694180021
4124.90874352771,4318.30329305714
3884.00530705828,6413.34851874486
3414.69757410286,4816.09230133596
4122.20649996099,5569.39709271668
3463.22560934464,7260.14153206607
4268.06221810368,4891.73560878942
4353.16341069543,4921.4585273034
4880.6252194286,3503.6202161471
4100.92926933854,5066.26573118486
4029.89225437634,1470.12358094141
4384.04983956834,2323.45213932277
3304.44268620569,5497.05036480733
5193.14525748779,5190.38643328626
3868.55951432927,5186.18071495048
4822.08066773604,4797.96322811962
3968.94359164021,6923.81134463478
4910.37962648509,6045.98836721585
4523.67525857148,2902.8517883704
8007.2331308818,3074.65407153559
4050.82090734943,5315.98459163793
4004.13155148216,5563.65725552687
4802.27502507445,5724.71816958233
3636.31327656457,5400.94805169935
4158.25635260326,6181.5320810931
3460.5405602863,2984.46221771158
4096.55471980496,143.727480160651
2971.39137138312,5178.39468119655
3830.36632602848,4860.76230729545
2967.3932930112,967.958232232652
2849.33517952984,1267.80256567809
4467.16595847511,6893.57677126595
3578.98493969081,5063.4808064956
4572.76694066067,4154.05954752034
3338.38171292772,718.125888001346
4409.83722537392,5667.60226499254
4830.03944137264,5340.1947462324
3787.00530967568,2892.79248478204
3892.42638773449,5051.43281465738
4641.97395003078,6459.72347708017
3848.57365173443,4843.20112868246
527.310334984792,1637.15203973985
3392.35424405289,4493.34507030743
3909.2794958845,4345.86668979947
3063.69408575955,4758.74932347589
3977.2279290928,4634.9698655628
4229.36752355699,4223.90550946972
4302.90745910455,6172.60941242195
4337.70326715784,7186.3169250512
4172.2929694031,3473.10148404897
3789.96933084895,6040.70267656662
3528.69780120742,6508.25753433187
4997.36923915013,3730.71970346349
42.5985276078504,1366.40564474603
4172.63543699411,4810.75037093823
3275.63868289893,5459.93931933148
3874.08672065447,3976.80116303939
3911.13518986272,6237.05635851459
4450.15999689061,5827.92487377812
1664.05914102612,3206.21956320261
3592.55088688937,6077.1887419801
4641.91111146069,5529.33071188504
3953.85737059557,6512.80407400071
4418.5660540992,5337.92147639798
4528.87648542437,6110.83322010056
4292.90082355408,6456.88188978714
4615.00589987519,7316.68911919725
4116.30588994874,5976.59655180704
4871.37603314014,4518.46478654881
3595.4763084998,4531.19484390841
3441.56170494165,6875.04979125753
4178.72581505046,4752.09992463916
4727.37995547952,4911.11506498574
4108.51372426817,3853.13545318907
4362.64735695482,7512.19032495732
8078.04987545721,3966.68519684727
3804.20993211454,5718.86458432975
3375.37945566901,5427.488138732
8562.13373206002,1421.64608057966
4308.796276792,3261.23282005213
4003.44994562068,275.974958063688
8365.01860044614,7303.16282539826
3527.51016788445,4592.74354010426
4291.08954221357,2681.15110548313
3798.33653132294,4343.02510250645
4146.36986199876,7330.04457947447
3847.61339030822,6683.5268077077
7546.49553081778,1679.66220678625
3751.72447591845,4069.38024618822
5197.94532840221,4753.46363282666
7506.78123510906,4542.10662368467
3929.14487936163,5846.90642318237
4269.68625587781,5948.52192306512
3768.65898277584,2972.69796174741
4778.2951697818,5936.35976030887
4185.71790471697,4642.5284031912
3984.37563466974,3636.20859466856
4128.80501904434,4166.56253160964
2265.95704942803,2967.24207185928
4474.45809713606,2785.60798123127
4118.2168222029,5081.55363996343
4216.26768723565,2888.64385190528
4696.7811136586,9398.09514873372
4502.59410156478,4417.36094152091
3458.24446893416,2661.82831189056
4109.11021389767,2077.65483847617
4063.70443662538,4186.56739072358
4653.35590541036,5683.00392183388
4468.26347590192,6931.82445165901
3620.78039045664,5436.63830352869
3894.60286413706,5287.3978851859
3294.79827511173,5297.96884362911
4694.50133453673,5228.0087107617
3893.57822634592,1074.06308061141
4022.90510153236,4129.96271813339
4408.37218706062,6515.64566129373
4143.8909848243,8093.35158898453
3795.95823730822,4108.30999210265
1550.05898518881,822.980459113939
4559.44194953467,8065.16321217983
4359.16222490656,6817.19473568736
4374.62597156746,6063.26496424428
4211.51638372022,3500.26697399923
3563.82867129445,5947.1011294186
3903.19939735671,5202.71858385378
3781.94774980614,1837.19967945494
3038.13949728508,301.890223604687
5692.50332027299,5471.76023789942
4297.20711382894,4718.1712877894
4341.56162386574,5393.84408346679
3594.88270486857,2976.33515119695
3377.93265071424,5775.98048891954
4147.2569286646,5209.14090942022
4322.90250151738,4761.36341464337
4116.2466510966,5433.79671623566
4023.52529572906,6765.25077368403
4344.94116474753,6077.81414489772
4619.34376548589,9026.30135988813
7326.6324723797,4143.43192647338
3930.7196127934,5516.20274773336
4214.42559145442,3528.73972096086
3972.62006453846,5403.78963899238
4344.71094068364,5549.90388845758
4139.61457329722,5356.61928992818
3926.25257543264,4894.57719608244
4623.15550113593,5041.82808046485
3694.98676434047,4057.3884940985
4070.56254979634,4312.39262234554
2175.33061834636,7246.89939699638
1885.43517398983,951.363383584153
4124.87405106804,6749.33788484309
4198.67426842761,5418.22464872779
4781.45973053589,6182.66871601031
3605.55803426007,4449.24338180654
1658.91105476149,236.135888358416
4661.62414525672,3273.62205607867
4146.65716385321,4791.59798801219
2755.63069999871,1248.65018275206
4116.20321749921,5602.98490823337
4341.95108095866,6069.74395241448
2365.88481387147,1124.41604972933
5264.02854500945,5717.50087614225
4237.57843297676,5817.58141146046
3214.89563121221,4988.86080875183
3952.03877374283,6308.9485170281
4254.63739687614,5434.70585502733
3895.58501794649,2641.25534674564
4158.07557360955,5250.45725037659
3839.78891529103,6741.66559915193
4706.83616973841,5608.09976536082
4431.859195299,2619.03409182867
2359.12594573258,4428.727290693
4540.14075508252,6501.66522095415
2385.2911804531,2042.41915604267
4943.87315157805,4109.27621635333
4675.87254435295,4363.82535234928
4000.35571444256,6046.89750600751
4712.41787889232,5071.66474704161
3867.56975427661,3833.58516347097
4858.7359278483,5910.84213727541
3965.17566869676,4471.40776269213
4176.41488450221,6236.8292852443
4752.5796379669,6168.74493827449
3352.68612810865,1254.21971498915
4662.3156410007,3185.64659805769
4387.26278714691,5189.64728230587
3304.49741007185,4706.35036922147
4027.72376512863,5709.88525305484
2917.55952409721,3411.26862912381
3372.49514289208,5900.7261710833
4087.73387354431,2673.19466106266
4173.86296893377,6452.051191389
1931.85030583617,388.501788438992
3558.8689093055,6103.50175574245
4567.05489261568,5568.430868466
3563.65329273496,2589.14055122053
4444.71493580648,5408.39284126498
4031.33715020057,3689.00545571505
4340.10609698457,7212.85785779435
5364.32877212486,6757.80556126315
3316.30395891694,1030.47315267918
4906.19296474568,5416.34928568544
3474.83517572025,1515.81626232772
4405.19664623991,7238.14798470227
2998.14458939158,2963.66175644112
3916.91711011404,2814.76258228665
3559.84130928596,1711.99942789534
3437.12152774165,3086.98664495837
4081.62973003225,6222.33719004988
7956.32506338958,1297.1845571452
3765.1973081457,3155.41202468886
4163.8837684924,4906.45477725413
3196.9664254392,6400.44762786348
3755.18938367998,5169.41534992164
3157.41970379687,4719.08042658107
4645.03032878986,535.127719187494
2181.90508808761,129.349053743639
3607.57000149389,5073.48344748019
8470.0985389569,139.067271714401
3650.98735250269,5114.06106031143
8331.74250126763,5935.27978799542
3243.38415566642,1171.75691517387
4671.86246767908,6480.75122304855
4395.68869129024,5900.44201235399
4041.31250677274,5740.97230261158
4079.8005384415,4740.56316480053
4445.42557203563,5646.00620156556
3908.81415341353,5532.00188851153
4244.97463310426,4787.67642840572
4313.69921896344,1540.99274688667
4630.3357131206,4811.26160293782
3932.91312595146,4264.82436648927
3749.08207197207,3314.88194585891
2077.46712143204,3064.93601213555
4620.44875674872,3923.94763938914
0,67.2319541967077
4453.91080738712,6006.49030384281
3361.67313482584,1975.18728526077
3868.42182803367,5220.05226634123
4197.31583899852,6029.67757158284
4131.9993958598,6245.41070972713
3624.53213724203,1474.95427933955
4033.14008279245,5438.91157336311
4072.5166297294,2644.38109276797
4561.99417237404,6450.23249095042
4056.15008730208,7049.46616559021
3742.49289555671,6607.88350025425
4111.82841735957,5468.29367054403
3995.94157789281,6062.07166672331
3740.43088879566,2263.43777340857
4787.06314670798,4947.94195173228
4252.55607672011,6035.70156750195
4399.45316811572,6924.72048342645
3843.82979903644,5018.98163405789
2286.14177814772,4740.56316480053
3785.41165245768,1192.21634368365
3777.67493986117,7035.3153145841
3151.18046280257,3290.1601364096
3676.74939760392,6430.39804250301
4133.37989391523,2677.7412007315
4711.93447526307,5398.44728573939
4765.48712496392,3338.01233956755
4428.41878475473,5666.5793781381
4407.73053096323,3599.83627731785
3026.71784705529,1205.45805589809
4129.39674172843,6904.71562431251
4669.65258667843,6191.3068030969
1854.872130291,1519.79448453795
2588.68568081597,333.090836225021
4461.21175710184,2556.57604541352
4058.80062303874,5059.10510034854
4522.09728602897,6913.63829298365
4711.56509992376,3149.04699600906
3481.7189136386,5096.10239776162
4604.92740579739,6131.80430346518
1815.87010699395,1143.51155862397
3522.81343246195,2255.70882511364
7084.5730955417,5565.19179723615
3646.35137837019,5881.97169494934
8587.15430707696,2849.88451665738
3967.6825302252,5653.05350719436
6366.08868157343,3884.96123087095
4376.39749985797,5709.48734626277
4109.68693732796,8282.88546142924
7379.5665389512,1831.74400099443
4352.00134358101,4269.99630907572
3583.43029945974,5749.43997903164
4831.76681160982,5771.71810798
3529.53856640621,4703.05421253261
3968.46853463379,2579.53602845563
3092.13081061796,2466.72501292257
3829.69543244306,5012.95763813878
8491.11776199977,1174.71214481585
4512.85518291486,4738.00573623681
3828.74583822511,3800.50900280912
4465.30179917375,5719.43290178835
7909.89126824603,1572.9321669175
3457.35044556896,3548.23313664758
3476.79649162502,2677.28663133566
4011.05496970407,6358.7900427188
3206.68614129996,5392.19579369474
4622.58810665453,5667.60226499254
4217.46220776556,5796.15575870001
7638.11089616667,1362.25690615545
4744.80548805753,4777.50379960984
4654.45770407453,5288.07995070728
4517.23966029869,5619.35236647014
4235.50545673188,4002.3754486766
4033.76028218341,4403.77798511815
5289.53557282888,6931.88153711802
4043.44904842143,4823.65083896436
2907.53000982294,1482.45604865037
3912.46914350148,1553.49573097598
3978.69175336306,5679.76442774879
3974.67762907117,5999.84090500608
4755.61767501572,5626.9675667023
4672.48640150449,5354.11852396821
4316.6939472235,6224.78087055083
3794.55347934017,4571.65913153212
9548.09026509153,5884.4724609093
4854.33657013196,6320.08779292991
4269.70060908643,5998.0222045675
4025.95906471483,6509.33750664532
3141.02028578048,2237.35204434413
4607.68305976534,6733.53874406493
903.842757769515,1873.62887083704
3753.34854681075,6294.22934856339
2987.07523452191,2173.30279361594
4596.57877976939,6296.90052518988
4356.60649012562,4946.97572748161
4373.15940162382,4275.33823947346
7739.86813785827,1687.22074441465
5061.29400527148,3952.36351231938
1414.95838244305,1227.62243678368
4474.6739076864,5754.72566968087
2630.28972311307,5557.6328367525
3960.43527700065,5636.45855283205
3023.58478552684,4651.7918931954
4059.28158666159,4602.85992915163
4188.55686112912,5377.02163297894
4322.95904150875,6542.52699251469
3814.17155706964,1721.31979193094
3397.47341816255,5418.16798612403
4173.97529566633,7045.99959823482
3788.587404226,3078.17772434999
3918.11897278514,5224.25798467701
4880.24551267586,5927.38042903396
4575.11421083895,5674.87706674689
3070.75879381388,3081.24659634093
3854.40386941917,6804.12343413945
4030.22862098285,1283.37442175834
4787.99961585049,6039.33896837912
4453.76256769371,6108.84410899544
3983.29527508979,2976.22161456181
3987.36913065147,5001.02297150808
8961.21703484437,1934.77987166844
3210.5795238509,6297.35509458572
4896.63158391179,4379.22700919062
3431.14544243013,1155.3324771919
4836.67252918897,6732.34502368871
4121.44181372835,6045.13589102794
3166.16114723597,2605.28072475938
3339.92015245229,2295.15001445529
3882.30255897133,4246.01322775155
3633.24310438255,3279.58938939402
4449.48561673412,6376.52163199832
5134.52588858626,2300.66256694719
4210.48933521599,3803.46433816491
4512.43292863741,3996.74935954957
4103.53041313587,2578.39939353842
4061.94658029954,3443.09440680568
4287.18573401248,4330.46503295813
3608.6621238985,5412.20065280868
8112.66850848967,4023.06237331192
4492.07207912786,5927.38042903396
3931.89895275404,6180.67960490519
8044.74017124324,4885.19995801546
4638.17242965947,6244.78572966477
3651.59980819907,4603.25741308845
3769.4398276836,7193.30756807624
3400.3752434206,1076.56374085756
2696.14639003701,2763.50026294944
2652.97430599477,4974.19830289088
3545.94432977359,5967.50347246937
4166.33805270004,3158.70839280535
4828.10086550334,5231.98693297193
3938.60516499938,5490.06014463754
4103.42668090847,6941.59959651806
4469.67385979656,6535.76426847045
3698.98859166582,3647.57494384065
4326.90979975832,4923.22014228297
3360.63107537225,1524.17050782644
4359.97701959514,4509.9966872735
4361.11011032156,3580.91139051736
4701.72302278689,5550.52886851994
2369.73096356721,3987.88335348218
3989.47877321421,5708.12363807527
4082.79383609127,6367.4852152644
3651.22549322016,3679.85529091836
3067.54672724408,42.6238069176954
4669.37742441496,5934.48439726652
2161.08773225647,3597.9609142755
3933.61521094783,3272.03085176563
3976.50373332628,5059.84382847368
8184.93704620943,5371.79302778872
3718.85038592875,4958.73998344578
4191.97009151754,5572.92074553108
4066.03267874677,5453.8015753496
4480.94397820458,6853.28289430877
3620.01398999954,4273.00830703528
2628.98212114267,5318.76909347194
3551.75018257608,5455.05153547433
4786.38924451375,6481.66036184021
3663.09513937644,1555.93951719074
8580.7136242519,697.041320858487
4482.39743725308,4869.74163857036
3882.7462641554,4550.23347877167
9219.92851229325,640.266396172483
4549.18798309219,6654.14471052678
3630.64763025741,1574.4098345954
2861.03297275165,385.830717526312
4591.22793065582,6410.56401691085
4511.9536903987,5768.02404449907
3349.74863702953,3951.3972880687
3836.99249188146,5233.23731595191
4175.97063600802,4522.32926069627
3821.02238185145,5897.14585566514
4676.49047892412,6745.24591457009
2460.46126745578,750.974658251468
2804.42702226424,3347.44645166591
8514.89260059335,1590.37949175391
4383.423819654,6178.5767457373
4472.51072640643,3542.03830720668
3072.52792080015,3149.5015654049
4194.92668148887,4338.4214773786
4100.74699823393,6127.08693027455
3785.78877752832,4296.53681896362
2749.7474010041,1121.51758840492
4089.58346793354,4426.96567571343
7762.24425244363,1104.29765398024
3740.33681629733,2772.76396438128
3422.29864059753,2501.10821916816
4341.92095751713,7810.89781205792
4578.9435954227,8079.88280349979
4726.23373165695,7088.96422896324
3520.62969603885,1633.79890330579
4597.37759260134,5897.4866769982
4177.15923906612,3312.8359607224
4061.73832327869,4719.93290276897
4318.43920607329,4564.10059390373
3654.78539687388,6358.10797719742
4243.76904687838,5748.7012509065
4261.48275999739,2068.16406377405
3820.1200618366,5101.61516168113
3484.35366706194,3405.52858050638
3986.64511040456,7253.54921868836
4254.24522284139,5581.50217001391
4436.8201411614,5814.45566543813
4118.51886868652,5469.20280933569
3906.06805617379,5243.06912341473
4616.80494649827,4444.29935820088
3791.29524182321,2659.49816802476
2980.07765951712,3539.4242160392
3443.9023797571,4696.06356950757
4319.73853060477,6513.88404631416
4082.47179362331,2921.60626450436
3830.41825000514,5651.121058693
3737.27666538601,2370.11104495975
3904.69434650123,6045.07880556893
3837.7561396736,2477.80720336536
4764.65977985432,3465.65648305572
4060.22981537166,3730.54929279696
3913.56059905342,5544.50487260084
4427.71635520365,2820.27534620617
4496.57863678764,3210.25465944423
4619.94513446718,5304.67490506959
4204.92117652705,5983.87093070613
4288.15491751489,5512.0541148566
4059.7896663084,4745.73468453173
4082.54214163523,5627.87712834921
4406.95405447158,4029.76843475241
4453.76259847974,2514.46367944538
3939.91845877824,5322.0652501608
4139.84645669023,2464.67902778607
2632.97749726387,1925.17534890354
4096.43557629791,3695.82526521831
4322.24344798226,6216.19944606799
4672.18019274287,4580.80887347356
4166.21329500319,6278.20271165968
4185.35880047149,5266.65429794683
4811.13253862534,5414.53058524686
4414.02503777123,4518.74894527811
4159.72270483596,7523.66999933693
4770.8049084679,5343.88880971333
3750.86783186688,5010.96852703366
4206.24644505549,3815.45609025462
3947.88599423708,4684.69722033547
1745.2429281616,1935.29131509566
3022.42441952875,5731.8792232739
6716.49556147984,1402.72108806535
2392.89768097705,3810.11373700164
3956.16038121696,4818.25182310761
3876.91710776707,5356.10763507333
3511.88769241106,2117.20977588059
4380.62496537205,3719.1262810211
3578.77718717075,5998.24970069304
3634.15194933155,5398.16312701009
4726.80591731454,6070.19852181031
1880.6033162309,3217.64278640609
3853.28293816811,3910.64926457093
4229.58687912746,6926.02752901019
8277.88883209983,1537.18504105678
4573.9508907852,7398.29933711081
4585.35049187277,4741.18814486289
4669.22508427846,7286.62495649496
3997.09242919259,5887.4277962651
4909.78556756158,5407.59702768083
3520.40037329288,2279.00984091644
4090.14732056802,6074.00633335401
4269.63813157661,4102.39932139106
3356.57686840065,661.180499791904
3232.46402887529,2973.72106002947
3813.14775047704,4323.41815018458
3459.74235901948,3172.8025812077
4311.75546729553,6396.98106050809
4184.27376038186,5152.53623683003
3269.29518925511,7302.42452012837
3703.75528179084,3056.07021749579
4523.43204301765,6357.31258646853
4600.36436937329,7304.52695644101
8423.72697728842,1705.63429350173
3842.33642817301,5902.14696472981
4131.07166778649,4374.33922533347
7273.26308348887,3269.75758193121
4263.01391114861,5641.0621779599
4222.47847427933,6073.04010910333
8021.5915493224,1561.79310244332
4194.69199732542,5560.24735077524
2727.18605933813,1406.6424362442
4144.51254497274,3112.73134126211
2212.11589063315,3363.87078393407
4281.76492787742,5617.98823542739
4815.66785268359,5115.31144329141
2613.84556986442,1338.16018248232
4152.61713441733,4819.44554348383
3883.98397841106,4253.11719598411
3580.34682641995,4065.34493851897
5201.74444074807,5866.22921677493
4001.45388156255,6036.09947429402
4059.47210881318,4072.10808541847
2582.87136320339,2827.83388383456
3007.19144426583,4157.69652554226
3356.28772581363,2300.37840821788
3488.85549545568,3517.60065648668
3862.5133080029,1075.42710594035
4161.97425961034,4408.15411412046
3470.08957220526,3262.25570690657
4951.12731943119,7325.49803980563
5121.37016542168,7151.53623486879
4108.87355934263,7081.74651266791
3404.80499510004,241.932731721876
3748.2884778337,2598.06321989167
4449.65721736531,4889.29150543322
3699.20093110986,4572.45494511627
4031.9316571904,4271.2466920557
3516.2226250158,3824.43542152953
3681.49409090418,3925.53884370218
4123.63941935551,6194.71670784853
3629.8066669464,5320.87195263983
5320.45421508658,6272.3491264071
3162.84577273452,1350.26536549336
3728.66771653679,4167.01710100548
8568.97006012842,4139.56745232591
8433.46896858257,855.317733079935
3217.76118278248,6276.83858061693
3936.28267261791,2264.17671296133
4221.54176524558,6965.35518171669
4906.27745354101,6412.09813576488
4319.54555954085,4772.21810896062
4199.2939689521,4553.13215152371
4114.30226843523,6605.61023041983
4403.36219610227,4707.42991867967
4316.06001037399,6976.38070955573
3304.82370080346,2581.18410680006
3414.27995656416,4436.11541765487
4081.66935447361,5044.15801290303
4341.52633682901,4328.41925924925
4490.14299572874,4515.33904052648
2594.35744924624,5233.57856014023
3840.5299175303,1190.5681596254
4487.72036706159,6955.35296358735
4680.28215831692,3006.00140710718
3260.25105066751,4965.27563421973
4150.85437932546,4347.68539023806
4117.80917890792,5076.09753864768
4351.29636129239,6513.59988758486
4611.2499642572,7139.88572696739
4688.88766020933,6469.78235781327
3981.82895515315,5549.56306712452
8085.18036299706,6871.75321171342
4355.89289556288,5437.03621032076
4298.15332728816,4618.31782574148
4353.50052805702,2694.39302912519
3999.53595257027,3196.27400767703
7688.99444021876,1429.943452047
3488.970975096,3381.14780381776
3887.61293756077,6834.35800750828
3105.45644863371,6380.32944354202
4244.88466588048,3393.93494663636
4693.14677355982,3481.17167653221
4031.45886741655,4856.44284089691
4822.07034483407,6960.52448331855
4016.6219429168,6533.60432384354
3460.51959769526,4121.21088298403
2889.52083266984,5165.60753837794
3117.24479883536,6082.30359910754
4070.63558350527,5862.59223875301
4036.61282055959,5863.78553627398
7272.08670132316,6595.38051616494
3580.89498426984,6226.71331905218
4053.090017053,5774.21887393996
4116.96437879835,5505.34763056086
3713.63307166424,3365.29157758058
4406.08860912195,5172.37068527744
3983.62820352694,8673.03539676146
1889.17851285053,4405.48293749397
4088.09740444003,4963.11611244808
3937.97142179662,5317.91661728404
3420.7041511189,3891.89478843697
4404.07515192323,410.609348150102
4724.88338835587,4361.43833445209
4538.37097804684,6715.63674411888
4706.01213584982,6438.35448692347
4313.28014529864,3071.92623230534
3631.624581025,6463.7016992904
3868.40768632957,3733.67503881929
8681.36681401698,1670.56912744858
4099.36040806735,3705.59998722211
4763.94336496251,5364.3482382231
3227.44026812382,2688.53923244499
3726.82591939498,3720.66039987514
3806.15799780421,6571.0566135077
4293.82475106559,2803.05520035386
3957.56893751032,5438.45700396727
6934.35313713063,3509.13276863899
3783.30476109726,5610.60010846553
3044.68208030169,4447.70926295251
4182.73219858438,5271.71249247051
3484.71776596464,426.294899436214
3621.59726498254,1841.00749099864
4400.63459098605,7288.78490112186
7815.37442772521,399.924985214022
4451.3261365521,4692.76741281871
4321.47079541456,5812.86446112509
3590.5423088859,399.129330200594
4163.6564949445,6175.28058904845
3782.17203157991,4693.16531961079
3868.24969574846,7314.01836542601
3511.92925259075,4511.07665958695
4292.67058486637,3641.55094792154
3432.23692194276,2775.94658443499
1963.45012870788,794.450943834738
4609.97060709151,5902.31737539634
2102.20391348246,908.171256730185
4231.16805535417,6294.74058056298
3583.73923609531,1881.07387183028
3448.86530135116,3869.2754153003
3493.39070460832,2865.62699483178
4892.6516197435,4386.72846136001
3907.07336579018,5794.39414372043
4633.15554022882,6159.53811087404
3478.64018813128,3515.38426068364
4133.61504964791,6058.71842457544
5307.73067715825,6747.68959507104
4073.75770831876,5379.92030573097
8621.01136466725,2293.38818804809
3385.29545852929,5609.80471773663
3384.16776545205,1322.70196875103
3239.99248965652,2002.7506820031
4533.04716624012,1793.83714193444
4354.14286502736,4925.49341211739
5459.22742615781,5086.7818222984
8473.00350826053,5869.18455213073
4184.29066921776,3823.29878661232
4058.83847632108,4946.23699935647
4760.42938707715,6691.82407346123
3928.57559614624,5053.25109224071
3541.4778265257,4667.7614446401
4706.78020357453,3696.79106661373
2843.4062945603,2518.89647105144
4400.54523732128,6549.74470881002
3740.73961031065,5435.89957540355
4786.46400158358,6409.14322326434
5118.53734259167,5402.99382540823
4205.28049773359,6558.21280808534
3559.33378179832,3079.71226605927
3389.06451044594,494.379325691383
3941.03828874939,1724.38876963569
2679.11429133002,634.924254347123
4342.48698481031,5231.02113157651
4276.32620845536,5592.52769785294
4126.95190635046,5452.09662297379
4273.38989988597,1954.50057205308
4669.56742214548,5680.21899714462
3781.23033837509,938.689883114502
3529.32413498113,6233.76020182573
2893.15967523439,1390.956937815
2599.03192416592,636.686027897416
4636.30416632385,3860.12567335886
3065.83268764832,1800.60007740631
3861.68022691881,5221.75721871705
4284.62171340483,6670.00051390871
4132.67205715041,6478.47795321413
4302.08010332123,6068.89147622657
3947.54539178109,2420.12298131697
3983.06937184672,6073.55176395818
4498.77379368138,3702.01967180395
3437.78388812418,1552.01806329808
4271.75099850304,5796.89448682514
4614.07040177558,2818.85455255965
4365.76458896922,4787.05144834336
3776.04568031478,4843.71278353731
3934.09248735137,42.1691549329456
4196.45541298244,6622.20518478214
4041.76835727337,2492.81074198701
3951.83298018595,5871.11700063209
4066.85979351479,6489.16223686485
3966.37969093766,2952.35228130041
3766.50751342632,2511.4514700582
3921.7111889535,6823.84413452409
3237.76281883129,5583.3208704525
5103.91267589472,7336.75106377021
3967.34230260202,7000.13629475436
3797.02485233548,3145.63709125744
4384.01425016527,6587.13991301517
3482.5890434544,3737.99408236258
4195.85116265625,4978.06277703834
4259.13088732285,4053.75151607658
3899.61685069694,3701.33760628257
8394.2055217079,4872.01490840478
3419.29196865365,1726.43464905838
4354.0361816181,5266.93845667613
3682.1647366767,2415.80372634605
3544.83975901645,4955.50048936068
3851.78775317127,5503.07436072644
3903.39568395455,1840.83708033211
3746.26273679272,4640.48220662707
1189.00332431732,2286.17047175276
1800.70829898912,40.0663783539736
3567.5876039842,4924.52718786672
4538.91089689181,6025.24477997677
4126.7752408426,4809.67039862478
4004.85680398368,4565.18014336193
3798.24471356312,2892.56520008413
3642.12758335736,5391.11582138129
3207.3843376917,1483.42216718724
8712.57382256158,8282.6579653037
5132.86309060834,5976.88071053634
7739.41132802282,6441.93480234163
3301.58911092876,416.974508972167
1702.66780365274,2537.25325182096
2273.74389440262,737.505555625296
4100.42118027051,5599.97248741857
7894.51030025441,1039.11155690721
4442.57702498881,6275.07696563735
3984.09863191033,3729.29890981698
4274.83374579991,4777.21964088054
3329.91193790404,3312.66555005587
3281.49121469581,2350.33347054372
4418.19259842751,6876.58391011157
3416.54185206471,919.537605902282
4134.6727501235,6496.4932783677
7932.37995083856,1414.08743723745
4351.01572043931,4986.47379085464
2782.72166387968,5448.34547403385
4028.11752331793,5335.30738523049
3360.31678123865,3320.90615320564
3945.94689973957,5078.9391259407
3981.90425585134,5996.82890704653
8272.92941765891,4934.01817399647
3782.46282855139,4966.63976526248
3773.6681021054,5057.34306251372
4247.06072858827,5526.60287265478
3190.42916756578,1871.07144227331
4057.85257347259,3535.78681516203
3469.38018238777,4955.04591996485
4626.12715363911,6488.59391940624
2619.34435036995,1078.26869323338
3671.65046510807,4911.34256111128
4120.29223655261,4133.54303355155
4988.26031772391,7208.42464333303
2705.13508706254,446.129162884451
4034.2828515119,4992.2140508997
3433.66066584538,2875.40213969083
4196.964722731,6507.29131008119
3858.64629864612,5922.15182384375
1963.78974040349,7214.10781791908
4741.59475872464,6011.09350611541
4194.39083878019,6359.41544563641
3899.3951695838,3800.22484407981
4096.35326563219,4340.35392587995
3841.96588223791,3820.68427258959
2455.14817340851,4535.91179424378
4022.16975718756,4048.06834149053
4183.64433616557,3211.27775772629
2793.722729862,2438.30913999233
3559.10382970415,5742.44975886185
3543.91286668168,6696.37061313007
4148.13391583341,2829.25467748107
4531.39529200413,6149.59255534846
3854.77696386443,3007.47907478507
3967.05685788581,5845.54271499487
3997.79946237576,6553.9504271458
3929.92826571747,5179.07674671792
4340.63613205626,5882.42626434517
2043.81133932091,3682.29897141931
5320.27609308002,6435.28582636016
4532.35006185643,4969.02678315968
4026.1555595229,5223.57591915563
4400.93113100003,6548.21016710074
3900.29123082622,6579.69512344955
5279.07369973575,6543.26572063983
4151.20701911198,4550.63138556374
3718.66481592676,4439.12741561442
4175.14424197565,1295.30908838904
4176.87300430371,4800.46357122433
3522.26204949143,4932.02906289135
3718.27404899322,3690.02834256949
3593.20645843261,1494.16332486935
5300.08730930234,6329.86293778896
4129.34951552001,5378.10160529239
3871.89105073888,6196.70581895365
4422.23509268602,4545.63027649907
4233.37755701947,6154.1390950173
4242.78095607535,6532.69518505188
4310.71883808146,5714.60220339021
5156.42283800433,5996.77182158752
4385.886918449,6967.06013409251
3882.97350876948,5594.11890216599
3650.19697651214,5471.30566850358
4266.50902202338,4703.90668872052
4570.65702986708,5957.44416888101
4336.87975406862,5526.31871392548
3919.27661854656,6753.94108711569
3303.49198251402,6252.85592214801
4507.79487521569,4760.738434581
4033.41727510793,2175.86022217966
4163.99105807582,6093.84035894617
4274.30651531435,4560.4065304228
4333.13987674217,4557.33744700423
4076.59128879304,4166.0508767548
8439.79020092935,2000.19325343938
4042.48065398677,5212.77788744214
3640.66870114446,6590.03858576721
2662.89877298011,3352.22027603267
2241.86505065204,1586.45814357506
4154.93779313814,5590.87940808089
3194.96612806315,2617.442676088
4227.04026646168,6923.24302717617
2553.98647073124,2011.04815918426
3730.99312092138,1695.97289670545
3982.20993098306,4750.62204553363
4048.5063525244,4508.06423877214
4087.90305471503,5280.23725434958
3446.47968541022,3452.64205553919
4556.67583878955,5189.76103036864
4176.82149753654,4455.15405251813
4202.5881832637,5357.016773865
4310.65175104029,6473.4764212942
4626.48753420041,4873.43570205129
2821.76862195526,676.922872252495
3633.83655790324,7842.32610580297
2578.14169072821,77.0070131632884
3649.66808756307,4446.06097318045
3010.25227378371,5564.79389044408
3157.80508993926,269.496128464211
4687.20301736962,5416.74719247752
3589.85803456838,4861.61478348336
4123.28847493605,4449.18671920278
4270.886528989,4583.93461949589
4003.98650500854,6826.34490048405
3749.77667304337,5241.02334970585
8527.94492852078,5116.90264760445
4288.52766240941,3993.9644348603
4244.2640317794,5912.20626831817
4300.80880269956,4486.46817534516
4077.4559762874,5800.75938382786
3739.16515696439,4102.11516266175
4567.55152282223,4732.26547619175
3182.51316229051,482.785638964463
2167.97470109255,1260.58484938276
3228.02723681695,1529.39900730285
4879.99937663175,6025.9835081019
4684.52723450537,6322.98604282669
8247.16088328547,4106.26379553852
3397.32592610537,6060.02547015918
4976.76021418405,6191.87512055551
4384.31571804179,5070.75560824994
3474.98294444646,3219.46148684468
3991.45987676292,5690.05080460743
2389.73125069614,1380.38619079942
4939.41419955247,5010.62728284535
4510.63070926451,5239.54589345558
4896.55527492109,4063.29916481009
3813.09175090477,8425.58980614281
4387.99859086578,5742.39309625809
3832.71209094831,5521.31760486081
1411.46588292033,3839.26833805702
2683.26997525096,2565.15746989635
3793.79236680109,6790.82505932125
3785.18645230853,5288.53452010311
3707.95952427255,4709.64652591033
4184.46685364943,5488.92350972033
4117.88654550656,2379.77244175603
4766.13126559014,4562.16814540237
4867.1471765024,2593.57334282659
3865.03320810333,5059.73008041091
8104.45435824073,28.8136946557318
4078.14892324852,4539.60585772471
4093.73786238051,5120.76754460717
3828.72618449162,4195.20547781018
4084.13767774178,3455.93821222805
4826.03979438668,4583.36630203728
4089.08588790347,5345.99166888121
3978.57058700609,4073.81303779428
4594.52643736638,6630.67328405745
3555.76558357411,4692.82449827772
2502.78331282352,6033.8262044596
2403.96879720368,2218.65444224156
2126.86302886477,2388.24032960372
4255.81757217669,4118.59636896129
3971.30843021064,5337.63731766867
4081.26975809251,5047.45459244714
4635.90084336754,9335.92104962025
4437.56467233049,1796.849139894
4035.89559569536,4831.26646205176
3798.80962854142,4361.7795786404
3069.7845807543,1988.71315620451
3721.97008492394,6186.58985276153
2306.57644692216,3450.36878570477
4417.05657879387,6692.50613898261
1884.07093670873,523.988654713314
3345.69576223121,3360.51775321382
1466.98372863938,2085.44087223011
3584.63382611305,4695.32484138243
4214.79925829715,4689.6987522554
3961.91737935613,6684.09512516631
3334.43039170057,758.305964038852
4090.99501303288,3241.68274176165
3797.13539904702,3000.60239125043
4578.25167723115,6723.53610308033
4121.3203049389,5177.76970113418
3259.28653035121,4751.81576590986
4537.03209882202,1126.46203486583
2876.91360953206,2740.54027990733
4638.94284996245,5656.52007454975
3835.67787297444,3667.52271749558
3997.6462859441,3234.57877352909
3609.15292453074,282.453761234711
2397.93933665632,2994.63505793508
4295.28167117851,5834.40343909306
3990.38167685045,6040.3051926298
3416.85512635161,3674.17211633231
4431.57296740281,6836.46086667616
8556.08291993868,4919.75357492759
3760.40873345596,2355.61894976532
4073.11995084431,3686.50468975509
3821.83576566599,6501.15356609931
4387.13547436561,5701.47423923854
4130.02182039715,6333.78407454018
3712.68770863828,4279.65770587201
4796.43557405086,6696.76851992215
4753.65640268999,4846.55437083033
3822.49924393804,5749.61081255342
4134.26347731059,4291.25112831439
4338.78046780076,6059.45715270058
3698.97348861244,4730.84468254524
3951.51460144418,6385.67137393976
4022.13771993586,4515.96402058885
3343.82519433253,3709.74904295412
4485.08804892941,4971.64087432716
4740.45180007468,4643.8921113787
4384.76819327585,6167.09664850244
3697.28545760329,7510.99702743635
2670.02482080955,461.81476702747
4352.80027701852,5246.53611362537
4284.94140327575,5198.45620291425
4355.33643470994,6784.97147406867
4474.55559784832,6173.17772988056
3250.80047705135,6200.11572370528
4167.00908258623,4403.49382638885
4899.74668230654,6641.01632351986
4231.83451146119,2766.79663106592
3711.87593793029,5444.87890667846
3761.71856473415,2762.98881952222
4385.72648044317,5042.73721925652
3332.72534795852,3725.32068760675
3351.11773371547,3664.85196372434
2604.29468636326,3111.19701098046
3250.64562359834,4298.98049946457
3974.64979490153,5765.23954266505
8485.66431286486,4271.30335465947
4286.6986634435,4475.89763975721
3671.74123697787,6075.48378960429
3944.64681817176,5768.93360614599
3601.48952890582,5544.3344619343
4517.73981519698,4953.1705569225
4404.77640525974,5092.29458621791
2994.14798547531,1480.6374539256
4043.35990369404,6146.5805573889
3300.95308285646,7302.36785752461
3649.98454055417,4981.0747749979
4921.05990296613,5921.29934765584
4090.42906915638,5068.99357041512
3961.51891397609,4384.05770758877
4426.17615561987,3189.34066153862
3195.55929461033,913.456630237973
4289.93358821349,7387.21714666801
3910.44960488332,3152.74105949
4638.44168153987,6802.81638855571
4697.26314930011,2594.53956707727
3687.7950169484,1347.65116861207
3756.88456117831,4902.4765550439
4878.22601266601,6038.77065092051
4570.33783476124,5585.48039222414
4983.03751848147,4597.51757589864
2878.57845715993,8469.06609172608
4799.05146160534,7153.46868337015
3520.50642297961,6075.19963087498
3248.65649560126,5167.25582814999
4164.14485686779,4570.74999274046
4842.94474147363,6957.45582275524
4639.95135126386,6034.50826998098
3969.7603223151,3959.80872474025
3251.35169934629,4810.52287481269
3752.92774258699,6743.37055152774
4189.45422891367,4214.24411267344
3690.49695990974,5846.45185378654
3599.91290738531,5946.75988523029
4922.1724857443,7077.99578658322
4462.35300181088,6369.58807443229
3597.33434726835,727.67364244867
4448.94095715184,4964.87772742766
3143.99998789607,3715.6026282067
4218.19825758724,4165.93712869203
3249.25830547566,2092.4310923999
3828.69522742977,4536.36678649486
3389.26109192473,5151.17252864253
4086.24945725164,4588.8790659568
4283.8151944823,5544.56153520459
4259.47650570998,4079.43954977657
4752.75986020555,5985.97378987402
4608.89267177405,5477.27300181893
4854.28813599348,6909.26216398134
3876.60264420779,3381.94340597428
4558.24050998874,6365.95109641037
4011.15744525748,6097.5344224271
8103.91250402728,1281.55582703356
1848.22968452175,1310.99469253206
2850.14848281328,2670.92139122824
3815.03093464543,5417.25842447711
3370.47936753184,5215.61947473516
3939.16680026098,5526.20496586271
3689.03875733229,7155.91194101584
3695.04432841181,4268.91633676227
3461.39298454133,5722.44489974791
4182.02230624886,5364.85989307795
3299.86831568542,3040.10045462347
4641.12522733554,6849.24800949477
3981.13146608886,5615.43080686367
4694.9923240301,122.245085511079
3727.97766632006,4525.28459605207
4179.35913826988,5391.68413883989
3323.45378543361,1230.06622299844
3520.08135614911,7155.79861580832
3484.19398499126,6803.61220213986
8195.03711227452,2749.46294857848
3693.83459957538,5827.81112571535
3937.31990641061,4427.5906557758
1608.76357727185,1377.77199391813
5903.03241062531,5523.19296790315
4371.19374819381,6944.72534254039
4005.95003576926,4908.10306702619
4271.40759238218,947.157876676002
3855.6990978809,5982.39347445586
3210.808386968,3685.93637229648
3893.17231860326,4816.20604939873
4446.63033138939,4182.02085105475
3877.68156354943,5106.90042947511
3184.35510113971,3063.5718810928
4033.08700594621,4943.79331885552
3149.16820123721,6660.2257919049
4302.79129265456,6722.45655362213
4064.4972002814,1084.69070165837
3138.18806104461,70.8691832889331
4396.7425556456,3787.89269351229
5134.77215029205,6636.58353191379
9023.01458189484,2343.79781976977
8345.75358680425,1385.33053154652
3838.49579239557,2865.91115356108
4296.16650920995,6068.03900003866
2795.33343957529,6110.88988270432
3857.1486145014,1270.87143766903
4373.4171066153,6323.61144574431
3958.14448432805,3138.58978562863
2143.74492239737,2899.72604234807
2219.40537691963,2472.52172414376
3265.97373010512,1071.84668480838
4069.77669186134,6273.76992005361
3564.06801041193,5892.8834747256
4357.3213527288,5170.09741544302
1865.47823295066,4242.65998560368
3668.81946389922,4590.41360766608
3124.37426107885,4887.35947978711
5225.38728683128,6105.66170036935
4704.84534703215,4998.18138421505
4602.25228823744,6988.03121745713
3183.39281067893,3204.62835888957
4484.4580361039,5351.61775800825
3380.11414138803,3507.48469029456
3575.74528852963,3455.65405349875
2333.70316238275,7355.22138117486
4531.73996174656,4675.37706772751
3939.64858162158,2040.43004493756
4423.31184195206,4754.42985707734
3871.46927522094,5724.14985212372
3080.94192352494,917.775779495082
4849.16512839124,6788.6655375496
4346.48402138008,7996.90845454349
4610.64438832551,7037.30442568921
4393.04824511061,3824.32167346676
4522.34971060333,4886.73407686949
4287.32542899535,2844.54237483202
8307.23211274234,2319.5876651753
3466.1424530915,5837.75668124093
3688.9696396461,5198.17204418495
3398.55462822308,6719.04664887051
3535.05724549259,4585.3554131424
3998.41442923966,6936.20058066131
3370.58528672532,2153.86625196061
4217.68702867212,5109.45785803883
3748.55459974598,3442.86691068014
1392.69903301409,4023.00528785291
3755.38176780735,4304.94783277992
3755.1940110134,2619.26137652658
4137.96511149423,3810.05707439788
1382.09047445334,1730.12871253931
3565.30362689161,5641.17550316742
4035.45313729595,1446.19737364862
3262.66014988187,3379.38597741056
3550.78872772266,1911.59260392841
4495.62215264387,4629.11585745497
8590.20462293931,605.087587770368
3866.06485915868,3781.35704273833
3822.94738645083,4878.55055917874
3583.91242766924,4849.45262072712
3253.45879508502,2545.26635884518
3490.90318775126,4510.96291152418
3383.50434591759,6827.93610479709
4186.23598895285,6413.2918561411
3415.40701211543,6676.30909141237
2040.20793700417,953.011461928582
3150.81246131232,4177.07640459383
3763.68823356758,4277.66859476689
8546.85506264011,2877.5047874311
3361.6507653308,4681.45814910563
8107.6732408453,2346.98043982348
3585.78220959944,5824.51496902649
3550.44489025826,5256.76582788026
3895.12434291418,3975.43745485189
8020.30954243481,1024.56269339522
3417.16498755316,3291.41030796195
3771.28268625585,5475.73846010965
3988.69999459845,1525.87546020226
4039.21327327745,5428.73852171198
3810.80141108233,3113.01549999142
3930.93589730395,3641.0392930667
3917.21134288184,663.851570704584
4215.17467214721,3985.72383171053
4402.8055899463,5378.44242662545
4135.96246879592,5445.73138286636
4710.90510449156,5635.43566597761
4169.03695557113,2925.75489738112
2756.90455715034,5729.49220537671
7050.59897904096,1134.36160525491
3742.75525149279,5405.55125397195
1626.91683813184,2256.61796390531
4419.76025830256,5257.39080794262
4132.01691132025,4830.07316453079
4294.76535358478,5064.56077880905
4656.62942420924,5649.64360244273
4955.82636170058,5098.7164889291
3418.04246645516,2927.34631312179
4010.27933412718,4332.56789212602
3975.08540770907,5280.18059174582
3975.57099300834,4782.10700188244
4441.48625000028,4339.21729096274
4706.54386502107,5224.88296473937
4145.01742594535,2424.66952098581
3352.30702298638,4347.11707277945
4062.65159212222,6868.68455115011
4010.3188395621,6121.34709308475
3688.86570094294,6932.50651718038
3447.57314208443,4753.00906343083
3967.05644412651,7155.34362355724
3925.199283038,3387.74011719547
7976.63782098875,5355.6530656775
5643.74902434741,282.226450108341
4211.07789963017,6160.22017639542
3505.74898392519,4940.9517315625
3796.2748977688,2579.13812166356
3696.09691836898,325.645888088679
3917.93481441941,3902.06741723285
4293.05752406777,6431.25051869091
3995.04531026524,4424.40824714971
4641.53550882126,5749.55372709441
2136.31254546837,4155.76449989615
4160.74427079027,3117.44850302511
2775.64545219122,314.961525152598
5045.18948254776,7045.48794337997
4635.92210025408,5138.49871103144
4535.62629052978,4252.15097173343
4913.22936920212,5959.0357960493
9239.67236306604,2604.42824857147
3190.6650411906,314.279538916582
3669.61470446609,2694.16553299965
3237.16080363037,3593.01646781459
4175.9823455758,5879.52801444839
4655.82208701726,5054.67188588722
4531.94388187918,5885.32493709721
3928.13935646578,4998.80636427742
2858.00271445828,6117.02804954145
4581.3094229211,5244.60366512401
3368.8687013891,5087.69138394532
5350.95649484607,4522.10176457073
4548.36796942475,3589.89072179226
5112.57545629944,5545.18693812221
4084.28864142748,6867.8320749622
4319.63902931106,5048.02290990575
3561.62953231958,3976.46034170632
4155.25762693856,6835.77880115479
7407.57253813907,5523.4204640287
3377.41571801983,5639.98220564645
3317.29454117814,6212.56204519082
4540.87758857046,6847.82721584826
2341.54688760414,4064.94745458215
3911.22062142789,5513.01991625203
4366.87021646008,6239.95503126663
3834.23830255322,6874.93604319476
2431.28137845475,2131.7587451064
8292.32488060705,3316.87105696402
4001.50679584953,6086.85013877638
4087.48654787729,5110.9353142891
2154.63842821913,541.322337200762
3290.50949430857,2298.33263450901
5662.94302636817,7139.08991338324
4286.41719505225,6700.12133921476
4222.793877043,5739.21026477675
3798.1007718863,5042.11223919416
6764.66027909434,3541.69748587362
4881.1804908055,6713.53388495099
4027.37963319689,4648.49573650655
4665.09096967371,4390.25211417441
4023.07146620411,4855.64745016801
3660.80956534409,5647.76823940039
4074.11177402317,1087.75957364931
3751.69104546433,6377.60160431177
4498.51754044585,5143.32940942958
4635.86816966373,5300.6400202556
3141.86976318535,3738.10783042535
4235.86245122049,5376.79455970865
8979.24908026132,871.96945575982
4283.02194208336,4653.21268684192
3201.82224403258,1161.35668453864
3656.97970144123,4897.24794985368
4178.20292795712,4788.13099780155
3153.49698436919,1111.06058945211
4870.86771508612,2165.51675986201
4108.74964746354,5916.86655604978
4222.36319812399,2586.18521586473
7014.71445351298,1030.58679502814
4602.82541865441,4835.8130017206
1806.39588433442,391.854872016142
3430.62816866331,3386.37619758034
4066.1677968123,5124.7457668174
3325.30435024234,1593.33472139589
4429.7944752899,5209.82255208634
4677.4844658502,6320.8831836588
3911.11377362831,3811.13662385608
4105.15255189229,4652.41687325777
4247.40598046362,6915.45699342224
4253.59355703857,6440.00277669553
4685.99596485558,6225.69000934249
3704.46543849822,1333.67051684487
4261.35335073897,4345.80960434046
3791.21251884454,7837.15458607177
3670.34557069738,3615.80582876254
2960.11458518524,5404.86918845058
7967.31480060381,3744.52973313654
4606.42049575762,5818.6042983149
3351.78300451086,605.201230119327
4020.00075602811,5801.15686776468
4077.48514052848,4793.92792045037
2601.45063522284,4676.34329197818
4278.39399458216,5612.81671569619
3593.95965563147,6421.98702868671
6352.05612545818,5676.75242978923
4248.26897819235,4293.01316614922
4959.93039338633,6582.30921461703
4518.32418805574,3735.32332859134
7005.80044902866,2827.54972510526
4039.38825569341,5491.70801155434
4961.40380880544,4110.86742066637
3364.68472918075,4045.4538274678
4097.67599823955,5176.34890748767
3806.0144433338,7838.06372486343
4870.35724176006,4359.44922334697
4086.0632616309,3878.08433590868
4062.13148449866,3864.72887563146
3212.44561349546,4163.49344819108
4570.57635365957,4533.75227247213
1974.09626226184,1265.87022289055
4408.99919968847,5510.74664641761
1278.46210848952,3051.01223439973
4034.07962066912,5181.35001655234
3837.40462803941,1128.39427193956
3583.16803592693,3249.18440535866
2581.92536377296,3872.85615357371
6749.35468347361,1781.10687314722
3250.29560169621,2039.63444278103
1601.6271946501,3796.92868739096
3952.12079311586,5133.9521713626
4188.5814206227,4359.05173941015
4207.9630701343,4267.89344990784
3721.94733063777,5103.09261793141
3286.84941715277,4006.18326022031
4057.11514570521,5787.74474488371
3128.36723943657,3226.28129634794
4065.69349384596,4647.01785740102
4265.88942606496,2440.46866176398
4642.57878610372,6573.50029400866
3801.74856194477,5195.5012904137
4319.39070402573,5678.74154089435
5121.5560804179,4668.27309949494
4008.6401500329,3285.7271333759
3338.14736587965,5290.29655793794
4500.27988010525,5019.66369957927
3311.83305749773,1601.97323133773
4107.57042683979,6217.96106104757
4146.80934256894,4304.54992598785
4578.35584088428,4970.67465007648
3596.36472053533,4788.87014878194
3534.99174289774,2354.19815611881
4308.18287851995,5412.48481153798
3658.75819698497,4426.45402085859
4792.5024323054,6260.35737431739
3814.59733538692,5812.63696499955
4165.78622055858,2724.51385443125
3416.08930385006,1225.00823990238
4006.96812968462,5575.59192215757
3839.06345756345,5502.79020199714
3650.72547831524,5628.55919387059
3812.39710285563,3448.26592653689
4813.33859277875,2041.16898449032
3701.292540367,5593.03935270779
3924.0166262848,4297.44595775529
3355.83939033625,2219.39317036669
4095.66677169352,6290.81944381176
8669.58757766612,3303.23143795751
3611.1079929255,2484.45639077447
3231.44841264253,1527.46677022912
3408.78899649023,4090.29424409382
2995.67842686324,1922.50417227705
3869.87860610122,5989.09953589635
7529.05463229324,770.581610573335
4210.14903120601,4093.81789690822
4145.72267413109,1464.49717467294
3736.90961089817,654.531206668989
4331.2577111893,5659.58915796831
4479.40149517921,4917.08239830109
3777.23952031585,4306.42528903019
4124.43895247427,4676.74077591501
8436.73326375506,3271.46253430702
3512.52924226716,2577.26275862121
3550.19489890989,5555.35956691809
4561.70465136233,6882.60832888593
2604.96765736641,1684.54967350197
3766.12745569875,3934.46151237333
4102.11259155607,5118.43718931374
4314.98402402339,4155.30993050032
4048.64326873794,5008.4677610737
4278.83842766975,4818.19516050385
3959.00870698319,3884.22250274581
3745.45839790659,4406.39249914089
4775.08270409339,6501.43772482861
4004.91015154761,1741.77922044071
3804.77292758596,6033.31454960476
4045.72144563601,5538.99210868132
4747.18391350252,7065.15198116085
4280.32932779748,1773.88915685189
3902.68678148249,4859.56858691923
3665.63202213616,4281.81722764365
4634.76221251567,4987.72417383462
4374.48642723323,3599.72252925508
3625.6435188362,5461.53052364453
4778.20853683047,5641.97131675156
2006.65784728794,178.281176358134
4326.38011479471,6831.28934694496
3761.07433462187,1753.14556961281
4036.33550626919,5400.43639684451
2944.86723058211,3273.11061265145
3875.7895899145,4633.83323064559
3920.56943744707,6280.36223343133
4397.67799290575,6544.51610361981
3994.41471318124,6987.00833060269
4369.76614745403,4473.51062186002
4382.24885017351,4414.86017556095
3596.93415294404,6259.90280492156
4485.47889280182,3032.99648639091
3890.01834767215,2504.46124988841
3748.48172070267,5334.11366485427
3620.25548895937,4068.18652581199
3663.57599090045,20.9140813204133
4729.77504010799,4978.00611443458
4271.65282236518,6217.96106104757
3755.14153609924,4032.09836719059
4684.02795614863,5567.6354777371
3791.87529974892,4991.02033052348
3810.26952817682,3674.11545372855
4007.1715939001,7081.86026073068
3932.45880502362,1398.45870712582
3663.03440024973,2453.71058540604
3997.15165816537,5671.29632847347
3328.4866489502,565.646345571811
3827.61374452556,4879.7438566997
3284.00108926216,2621.534646361
4499.61914808083,6528.7736254454
3239.48910305748,3485.83175283619
4128.42903007335,3892.63351656211
4124.60833521879,5779.10623494186
4227.04327358413,4742.3247797801
4411.78958561478,5617.4770034278
3989.31558790421,5563.77100358964
3782.79268486122,5709.43068365901
3359.77865915081,4538.01465341166
4076.5517080717,5202.26401445795
4181.2705863321,6136.86207513361
3248.66552663157,896.236590099484
3981.6667452032,5625.14928911896
4931.24966625525,4618.65906992979
4576.78319448937,5594.63055702083
4512.57264136288,5868.33207594282
3862.38996539764,1166.30102528574
2518.99032044591,1529.45588133423
4094.40590445872,5332.29496441569
3663.84658660532,4189.86354741244
3863.27029289728,5302.96995269378
4031.98401728804,4117.8009782324
4539.82867467163,4682.42395050105
4404.19133193874,4266.92722565716
3285.01493279701,906.06850327611
3984.82735527826,6739.67648804681
4148.60202370735,4661.90785938752
4124.29170094067,4079.6099604431
3960.8165329074,3108.98061517742
4354.67661379973,5312.34719076076
3738.35253199595,5861.73976256511
4488.49114875091,6163.91423987635
3701.91244694317,4205.83309885714
3598.56611440098,2786.17629868988
4412.43880233987,3603.75783692432
4060.13073776456,5705.90703084461
2208.51318806044,5575.87608088687
3833.10711659038,2758.32874321824
3802.89382523559,4964.36649542807
3864.87861944504,3803.46433816491
4785.62289164828,6232.45315624199
3285.10794808105,2512.75872706956
3395.69030742282,6528.71696284164
3708.02571631779,8170.24527941796
1355.91671318651,3229.8616117661
4532.74477866504,7170.68819493957
3836.55516044571,4895.65674554064
4147.2629511902,2553.56383602634
4282.74460191466,6537.58254605378
4074.05821235649,4378.77201693954
3094.02999061942,6617.31782378024
3847.63143171611,5642.48297160641
4631.45716574534,5961.30906588372
4319.06489308799,4302.84497361203
4075.97512244627,2786.40358338779
4395.78184571948,2027.18833272311
8316.05377758442,3824.37833607052
3373.40927979632,3902.80614535799
2533.44345039715,4573.87573876278
4376.06194052464,4953.79553698486
3783.79749773001,4221.85973576084
3619.11533242938,2801.29337394666
4745.14345806486,5561.78189248452
3348.83967349351,2791.00699708802
4340.95151295989,3169.44955048745
3895.44505153691,6693.52902583705
3165.56066722131,3792.72339191043
4677.77528288082,4133.48637094779
4788.6388250185,7758.32844713697
4386.30751767533,4087.05475000873
4499.87446817185,5267.79093286404
4519.31359394965,4566.60093700844
2646.8070250165,4433.21716775808
4392.92427821022,4987.55376316809
3991.06909976337,3087.10039302114
1843.57169397574,486.934377555041
4063.88900556732,6285.6475012253
4897.58647907785,2086.0660637201
4836.98848972987,6021.55071649584
3987.68308321062,5616.28328305158
4050.1701158385,4849.45262072712
4372.68229533317,5823.83290350511
3617.27514350865,5196.12627047607
4011.39965362451,5507.16633099945
3802.91863364964,3457.52962796872
4802.64753739064,4283.92008681154
4016.16796778389,4280.51018205991
3326.5676736552,6969.56090005247
3767.69125181697,2538.90133016538
7300.15740874527,562.804758278787
5279.03928054173,6069.00522428934
4262.03664159829,4665.82941899399
4002.05296361461,1406.01735046802
3772.69720618891,6540.76537753512
4283.55956865669,6972.28873928272
3159.87840051925,526.489262102557
4121.78116549197,4295.3430985874
3906.06110823658,5205.95807793888
4437.8641578786,4724.19528370851
3393.04513620932,1833.90352276608
7834.12150607148,2300.43528224927
7487.49963824717,2752.81597929872
7326.81451353386,2279.80544307296
3063.15482159662,2517.41880337355
3706.44603232483,5027.27932266667
4067.12158560775,3094.31789788884
4121.94640529021,4883.60833084717
4490.29955350372,6814.1827377278
4573.08741502104,4846.15646403826
3912.26258866764,2487.92316955748
4349.82790543533,4999.54509240255
4361.80653253234,6891.47391209806
4468.22666670931,3954.80719282033
3873.08687649515,2885.23394715365
4493.34340329684,6766.78531539331
4182.47767845452,4929.8695411197
3479.30480112591,4257.66373565295
4044.65433912469,5089.39633632113
4631.67982562772,1204.03726225158
4337.39935807638,1972.45923460289
4478.27503334888,771.831887839503
4250.89324621788,1667.67066612417
3251.73624241562,6017.91331561867
4532.47972274043,6282.69258872476
3862.06373584082,914.024947696578
3986.06409608405,4802.85058912152
3828.39204918559,2560.9519629882
4460.10877403906,6014.95798026287
3380.71975833329,5503.47226751851
4403.77834461777,6178.5767457373
4165.25533361951,5029.89341383415
4304.77648900956,3300.56026133101
3824.404364628,6062.52623611915
3631.1937597452,5427.31772806547
5702.89764437213,7756.22601082434
3469.62024718467,4885.37036868199
3789.86464008057,5903.73816904285
3983.49826576528,7758.15845932569
2963.59847501966,2970.76572467368
3584.03711544509,3056.63853495439
4122.89495588864,5369.34934728777
4657.20891091507,4720.27414695729
3671.53029849787,4572.22744899073
4397.26398287583,5549.10807487343
3591.94058755739,4608.42935567491
3663.67840636128,1179.37232683365
4337.25020738243,4643.72170071217
3455.67039564309,4618.94322865909
4311.11569531684,6088.44134308942
4242.4021503095,5216.69944704861
8707.34828674544,3006.45597650301
2779.38901551316,4883.77916436895
4052.17820211077,5760.86341366275
4161.39965222508,6305.70944579826
4588.23195216206,4985.73506272951
3544.0648053013,1076.27958212826
4875.01988923049,5986.54210733263
3847.70677127463,2185.86244030901
4678.81694710594,6136.97582319638
4589.26149706742,4646.73369867172
5682.89439503701,6209.20880304295
4270.13915584321,7013.20759630227
1022.24436348039,1314.91604071091
3667.25595598453,4978.34693576764
3954.60700475114,2617.95433094284
4748.58465871385,5209.14090942022
3791.04948946598,7864.31965316677
4293.43738069674,5300.29877606728
4051.00292481042,1754.9642700514
4083.62407249691,2224.73552361968
4267.4556770293,1243.25116689531
3861.6569883464,6494.8454114509
3794.23256674782,4866.55880708902
3342.9230069547,5457.66604949707
4212.53474764517,8547.15307968049
3698.1354469646,4914.4112216746
3890.16477268767,5568.88586071708
3907.68148896459,4874.45858890573
2945.29568099858,3850.12345522952
4142.64526650255,6254.61753712758
3896.74057127867,5259.55032971427
3733.35143812894,6135.10046015403
3819.08814783898,164.016405504308
4417.63552700578,5648.90487431759
3878.61326710983,3406.38105669429
4161.07514316253,5542.45909889196
4187.28195345551,6431.87592160853
4366.04682767225,6643.00543462498
3744.68197505041,6550.19927820586
4488.7944267886,2303.16333290715
1033.14580768527,1708.02120568511
4049.47079147242,7290.48985349767
2992.66651803702,3586.08291024856
4582.18040840567,6058.77551003445
4577.05177616508,6166.98290043967
4882.47484620509,4081.08741669337
3459.89394984005,3905.64773265101
3455.24061910307,4549.49475064653
3644.99550884709,5620.09109459528
3414.37404837178,1246.83158802728
4077.92537249687,5380.54528579334
7889.83580963972,1496.9481438448
3840.77120114054,4067.84570447893
3502.83644798327,4785.46024403031
4032.95361062126,2598.40404122474
4344.57920993256,6520.47635969187
3305.40394338669,4559.21281004658
3537.37556804806,6057.52512705447
3346.57638393446,249.945997316823
3699.95663096406,1204.09413628296
4491.05330082373,2910.58094809295
4379.38237535672,4285.39754306181
4020.32690383987,4928.05084068112
4695.81982106218,3540.67438759156
3941.77659009191,6642.89210941746
7588.24595261226,1705.46377712139
3759.36680476001,5251.42347462727
3409.46051607512,6397.833536696
3904.82909559691,6341.05845343928
4574.23108221666,3274.92910166241
3576.7509742749,675.558952637368
7159.10044495863,2582.66177447796
3030.56868554814,3121.31297717257
3437.66689202394,2416.20163313813
4006.15902534067,4978.00611443458
3909.6843630902,1562.24777755297
8473.37841482809,313.313393951263
4622.85010094402,4370.30434051948
4213.92260601866,6362.82535038804
3716.92275700545,5292.34233164682
3834.20396354057,4465.15627064747
3502.56005237728,1534.85489719098
4515.21710164907,7013.49175503157
3942.42162570681,5336.671093418
3162.16164572206,613.612349649441
4175.57981946106,1101.17190795791
4633.25482581976,5535.98011072176
3831.88110919945,5401.00471430311
4580.05414700357,4619.68195678423
5043.50098212725,5752.05449305437
3139.73900697771,616.226599387642
3755.90854141879,5368.83811528818
4168.04798061445,2027.01771062896
4299.11812838896,8257.93615585439
3936.48859418521,6159.0264560192
4006.06954152843,3453.72181642502
3418.12733553397,1782.86869955442
2283.5259528369,2326.35060064717
4817.77948898757,6365.89401095136
3964.00965708601,5942.55458974976
3629.06940346877,2351.81113822162
3393.04200639414,5244.54700252025
3686.22741026004,5058.82094161924
4272.73166218574,5880.83506003213
4601.71054594339,5433.79671623566
4043.97121271288,6155.2757299345
4023.78074641756,4248.22983498221
4516.09972479766,1490.63977776876
3471.9835391251,5549.90388845758
4459.38890537403,4063.41291287286
3506.58627089265,2737.35765985362
4854.90122946088,5214.48283981795
4213.2165918604,5139.97659013696
3975.59534929395,4946.35074741924
2879.6425561716,3472.53316659036
4058.0378819095,5978.64274837117
4173.90116745496,5387.76300208867
1845.13900476147,2260.42577544901
4161.90419580579,4366.55319157953
2117.82356338883,1644.71068308206
3939.84474292007,2815.67193250594
4256.07002714689,5619.52277713667
4308.1540436985,6321.11067978435
2807.15059445626,3898.77126054399
4050.59393074448,4651.05316507027
4186.86950094194,5597.81296564692
3246.97428140905,5169.81325671371
3961.33596903158,2450.52796535233
8304.44774624547,342.695411846824
4069.30037190575,4257.72039825671
3972.34186417223,5189.36312357657
5060.41988320319,6427.10188581415
4336.64848296006,3789.71097109562
4194.33781975418,5733.01585819111
2584.56543539705,510.860531990924
3779.56058091497,4306.31154096742
3931.34312048639,1485.92272171958
4308.50540240688,5304.95906379889
3802.02007674779,3257.99332596704
8263.08368170226,172.427511820195
4243.04476645226,2206.71977561086
3594.66924965407,6058.20719257585
4296.73990406054,4339.5581122958
4845.75266696747,7214.16448052284
4634.38776460707,4781.42493636107
3673.75630349377,3560.22446588204
8738.2758359658,1242.3986907074
3418.39051302715,4894.9180174155
3911.02557683666,7300.71956775256
7888.74496655867,572.295638694725
7764.93821331529,421.464201038073
4825.0256036507,5167.93789367137
3948.47376653916,4900.8286881271
4779.72066081028,5994.32814108656
4618.99574629485,3480.14857825014
4091.56734734366,6860.84185479241
4098.0425929931,5238.92049053796
4259.57501659945,3224.12156314866
3727.10036886561,492.049234682485
3799.36303144595,2149.26283826038
3426.27587991228,2921.83354920227
4698.42351440618,7393.86696835999
4161.41439840851,5134.17966748814
881.736632949483,3405.07379968292
3938.90007458778,4963.40027117739
4148.80975632201,3826.48119523841
4204.50158327988,2867.6161059369
4497.79446931839,6366.57607647273
3313.61968702993,6705.46369246775
3702.52868124246,1416.53122345221
1211.61171793416,1880.7328390696
4104.63230077857,4570.80665534421
4658.99183907133,6264.39268198663
3614.59051860955,4534.1501792642
4060.76595144924,6524.34083383934
4362.50331828494,8272.71240977811
3666.9762539299,4684.86805385726
3592.57201422438,1580.37716791075
3796.82459779145,1983.08685564985
4437.71656325718,6041.61223821354
4151.91763866487,6616.40826213332
8623.7181326842,859.23913411569
3899.46587876357,5066.66363797694
4208.40469158388,6658.35000600731
3877.41982901526,4688.95960127501
4043.93458679518,4920.54896565648
3836.07222297722,3875.81106607426
3249.50116550673,1572.42072349028
4141.0772997164,3915.53662557284
3909.70545709792,5526.31871392548
4545.86413384099,5773.08223902275
4083.34876309536,5652.42852713199
4242.50171258152,2880.34637472412
3372.63608774848,1649.42763341743
4411.19091776751,6366.29191774343
4556.53155275756,5590.02693189298
4088.0644834189,4719.08042658107
4102.14350501358,2879.38036190107
4232.11579886687,7841.01863736398
3379.77946889188,5600.14332094035
3584.17878315292,2547.93753547168
4209.19133883393,4904.12484481595
4088.29709241743,4948.22611046159
4590.38188413142,8319.03028265441
3826.44367320452,6012.74179588746
3511.40852170239,4983.57554095786
3663.67046966139,4488.28687578374
4145.03817742205,2507.64386994212
3648.37042837653,5625.03554105619
4162.80008577269,4633.15116512422
4209.22810875325,2375.73734551441
4098.50913255656,3540.95854632086
4760.25035257566,5021.88030680993
4152.63802301748,5110.53783035228
3326.9449089734,1745.81431668233
4012.24123694976,4951.18144581738
4779.74040442582,7142.95481038596
2425.20763959882,2338.34214130926
3748.48873663652,2020.02749045917
4291.57133841525,3826.82243942672
3079.16760549797,5350.99277794589
3870.99693587305,5133.9521713626
4570.51846033479,5887.20030013955
3999.66970339622,186.180786389897
3784.05709756561,5527.39868623893
4285.85490763751,6736.94864881656
4250.63035841889,2565.78266138634
4169.94715558598,3998.96554392498
3836.49248913519,4121.60836692085
4415.5442122058,6456.6543936616
2567.98039613089,208.288332886779
3627.33504063155,7056.7405444893
3921.18242661839,3393.59391387568
4397.12746646666,5030.405068689
4646.8879016008,4848.99805133128
3044.33736420544,3535.50265643273
3975.35187031666,3382.34110133872
4217.18063158197,4652.07605192471
3279.47589574313,4025.05148441704
3456.39367847051,4990.05452912806
3230.07903851432,3151.5475505414
2826.30321382025,434.308191459614
3796.52819378388,3740.72234444809
4325.47340400821,4947.37363427368
4281.85303157623,5389.86586125656
4840.78821330822,6648.63194660727
2337.33946670135,2737.01683852056
4502.55821790183,5471.19192044081
3850.12513408223,3785.7898343444
4144.04430772574,6468.19115350023
4374.27088851995,4753.1228114936
8186.3868362227,871.742118204996
3781.7501955985,6173.85979540193
3703.84689975101,5287.00040124908
3885.84324377985,3125.85951684141
8156.89550812732,934.370733857393
4484.47291636461,5550.87011270826
3839.33937656915,4293.6952316706
3095.10190123952,1797.19017265468
4142.02407410723,5821.73004433722
4463.68442596226,1602.42780073357
3373.08150011104,4400.254755159
4383.20194585306,6014.95798026287
4945.27546895126,6515.02068123137
3881.77047178875,5942.61125235352
4420.95038592505,4514.94113373441
8107.90166092707,3191.38664667513
3965.90876584506,4709.41902978478
4076.49058979113,3610.6909716351
3106.8628570082,2798.28137598711
4173.19416550031,6385.21680454392
4095.35267501026,5754.8960803474
3852.15096291539,5087.80513200809
3507.85762443385,22.6758664331552
3956.38892978735,5186.01030428395
4258.51109371955,5681.29896945807
3460.57932319436,5066.43614185139
7565.32347681,1413.12131870058
4269.31091559169,5262.39191700729
3817.66133197908,2400.06124817165
4790.25630098896,7073.50590951814
4081.92274108284,5800.53188770231
4191.96113087924,5665.95439807574
2998.14110318269,500.744512941901
2920.87406955252,5491.82175961712
3795.66296243624,913.854431316233
4293.12765721625,5370.94055160082
3187.44020234972,4883.66541630618
4494.99352712771,3800.73649893466
3677.76363373834,6067.69775585035
3943.41190225037,5062.00335024533
3898.1063243622,5122.81331831604
3937.45344294981,5035.8607471495
3480.17714045272,3591.14110477224
3209.50914993846,1500.58533329434
3792.67120855716,4237.26096974693
4415.65090315923,6587.08325041141
8405.63758060113,2804.64661609453
3894.76278334583,4236.5222416218
4253.60526619656,4694.01779579869
1645.22992815854,2726.33234344221
7489.9729524741,3322.32694685215
3645.92608370729,4360.9271024525
4565.86367399737,5363.7799207645
4826.08203797652,2152.95690174131
4737.50168866043,4118.14179956546
4186.17125527499,6008.25191882238
4522.75995526329,4801.25938480848
3613.75551612787,5041.08935233972
3592.78867931125,1133.16809630632
2361.47397589485,1750.98604784116
4103.93458484464,4889.91690835083
7579.06129048858,2422.56666181792
4250.10666252714,6811.11407716449
3814.90771714182,6677.95695832917
3806.80176525178,5640.72093377158
3897.10578113432,3915.82078430214
4162.40505011391,5189.30646097281
4020.93285718355,4491.41262180607
4786.63620912644,4847.12268828894
3184.98037495503,1796.05353773747
3685.83394808148,5457.89312276736
4543.53726075983,6336.39858856292
4356.42533407381,3396.09446840801
5059.58912144697,5721.19493962318
3453.15400464633,6120.32420623031
4189.0342841082,5580.649693826
3355.470280418,2505.88204353492
3832.53656656995,5948.97649246095
4517.67950662899,5311.55137717661
4060.06359169824,6499.05070693142
9713.41633318674,2176.42853963827
3418.38193631266,2342.26348948811
3664.58314425519,5382.87521823152
4408.31485104101,3412.63254873894
4386.19878695855,6595.15344289465
3913.33091928408,6142.71566038619
4671.56060111856,2471.38508922655
3973.22004510947,1649.48450744881
4456.29254824185,5265.34725236309
4045.65499563362,2157.50344141015
2370.79358510156,4525.85291351067
4541.39937892265,2737.58515597916
3303.83947364501,4023.17612137469
3805.13473079024,5320.07613905568
5162.77626006056,3776.81050306949
8160.48379685769,935.166336013915
3728.95899609032,4760.05636905963
4000.98432292361,4779.20875198566
4080.8456800571,4553.70046898231
4823.65314825179,6414.93972305791
4748.58812662918,4652.18979998748
4580.21407881128,5785.81229638235
8132.59978607515,1720.80834850372
3841.01502238165,4355.52808659575
4755.20786008246,4501.52858799818
4128.61890118235,3587.95827329091
7528.65530816142,5180.3271296979
4434.71252131151,4471.91941754697
4408.91290189499,5768.59236195767
4476.71337995069,4458.62061987352
4325.06290521166,5947.72610948097
4103.20723263842,4920.15148171966
4340.19612854683,6642.94877202122
4340.78588234421,6518.48724858676
2528.08128458847,4427.53399317204
3399.93578192396,1778.15153779142
4551.0975283161,6725.46855158169
4059.71102519555,4447.4251042232
4610.26588177,4561.31566921446
3734.72826976777,3921.84478022125
4090.22850604498,6866.46794391945
3821.05780238526,5922.72014130235
4237.64239456219,6068.32315876797
4244.01553699539,5711.24938409759
4414.57271004608,3439.96866078336
3970.12100010271,5785.30106438275
3850.38866452381,3807.84046716722
4388.97323026262,5279.32811555792
4692.09889458495,5820.25258808695
4285.433589963,4392.41163594605
3996.60009984959,1490.75342011772
4646.4969735245,4893.21306503969
4404.75366617453,7010.87766386409
4334.91302920977,3630.86624141557
3942.52429231859,3986.97421469051
4473.66176525781,4972.60709857784
3724.1726544456,5184.13494124161
3798.2628189589,4700.43969850988
3528.44480746118,5654.87220763294
4116.96651649237,6760.98839274449
4385.49227825565,4689.75541485916
4047.29752480545,4532.21773076285
4942.5295528124,6882.21042209385
3432.32823092378,512.565484366738
3827.75756203112,2195.01239367807
3744.03888467776,6038.4294067322
3483.52974836405,4080.23494050547
4912.08620759624,4571.71579413588
8678.25147779242,713.35206363459
3721.99137855811,5342.18385733751
3356.54526718676,1667.04547463418
1471.39393959642,47.7954951302881
4057.24540804508,4816.77436685734
4093.20407828217,6314.46128094762
3910.38237213655,5875.49312963439
3731.62226429127,4384.45519152559
4222.84077735068,5497.90284099524
4922.68587393331,3162.45911889004
3154.31377263252,2929.44896086205
3777.96989027388,5597.35839625108
4050.67698713622,5020.80033449648
4502.31811121785,5176.97388755004
4068.27371143095,1101.28555030687
5241.20686469182,3782.77783638485
3067.1885845754,3759.02182833096
3519.01539329869,5266.31347661377
6030.02071820546,3304.36807287472
4926.81140009331,5069.05065587413
2808.71149011573,3759.13557639373
3808.06726619,4437.93411809345
8330.31432338969,2653.87186747009
3918.04513852612,5607.01979304737
3928.46994934429,2726.90066090082
4040.66601445176,4919.07150940621
3538.22032106059,6209.94795402334
4007.1525092332,3690.65332263185
3957.71353379776,5095.42033224024
3997.81100149529,5584.05959857763
1960.44150787972,1412.43935889302
4551.2442224683,4477.83008825856
5012.95017076585,4935.95062249782
3843.03210904903,5670.89884453665
4596.98521178432,3679.7986283146
4233.36004740745,5209.82255208634
3678.40901823587,4269.48465422088
3781.23361979025,6530.99023267606
3837.96622616457,4921.68560057369
2362.02523765049,2906.0912824555
5344.56450880794,2543.33412177145
3770.55379495624,3476.11348200852
4368.0711975081,5603.32572956644
4468.70963106046,5051.71697338668
4129.67525371557,4954.76176123554
4830.86988341006,6699.61010721517
3871.05225125799,5155.83239351888
4144.59858184356,6634.42401014214
4398.84208874028,4825.18538067364
3757.92193506675,3334.71618287869
4344.10719764868,3523.11342040619
4127.24789228913,6722.68362689243
4044.70624766424,4501.01735599859
4884.23343699081,6842.71235872082
4553.77769183616,6137.14623386291
3462.20956531683,3208.66345513119
4132.92170405237,4481.23999301019
4195.6732643476,5498.75531718315
4662.42609533054,4799.44068436989
2810.68938707174,3767.54659021003
4322.3221014636,1640.39142811113
4569.7957702737,5632.99198547666
2260.57808190216,1407.21075370281
4333.84675525801,2963.37759771181
4583.09789833651,7488.54848782146
3485.84264074639,4442.02608836646
3190.27698225116,4592.28897070843
3944.19147056163,4772.04769829409
4312.34846119609,5260.97112336078
4019.0299638839,4206.96973377435
3971.64915454558,4428.1589732344
8329.69198153102,2963.88904113903
3939.06594225321,5826.16283594329
3566.13904823449,4816.88811492011
3009.57091828557,2061.06009554149
4149.81103977985,4270.33713040879
3932.40447027796,5246.64986168814
8720.80671012633,148.046695488893
3978.43430136349,3385.41018475729
3925.84241969776,5315.30252611655
4466.62650906136,1636.47007993229
4114.6144352384,7174.3822584205
3773.26867409741,4577.5127167847
7528.80337404349,8147.96672761435
3860.34854981073,5572.69324940553
3441.68464851649,7151.30873874325
3169.73516233516,3055.1608672765
2932.26290808755,3792.78005451419
2989.75891610778,6349.29905658905
3924.48262389472,5562.29312448412
4642.66133424667,5191.69347887
4017.37047280957,5608.21309056834
4408.59130678577,5456.24525585055
4655.3918346589,5549.39223360274
4403.26928123762,4446.79970130559
8797.0712037181,3995.15773238127
4223.51085097756,5662.88531465717
3058.36906631813,1920.91296796401
4444.00176680546,8216.61981489801
3543.62445514817,5972.84582572235
8490.29820835543,2070.09630084778
4224.09654796754,5496.3116366822
4110.26382931687,3752.82742174532
4435.73474220187,6075.59753766706
1439.44229086756,723.18392395431
3605.51233511029,3388.13802398754
3910.94107312132,2971.5613268302
3513.32212994475,4609.39557992558
4026.50168835497,2891.201280469
4619.56616230421,6975.75530663811
4454.12515393817,5427.14731739894
4036.72378208574,5367.70148037097
4638.83226034264,3538.06008499645
4669.64840278442,5251.08265329421
4574.45471446394,3823.35544921608
4474.46799844087,5078.76871527417
4172.89851807857,6314.68877707316
4239.87347062757,4904.12484481595
3814.15740105876,3779.48125684074
5036.00818173078,4856.55658895968
4257.00579043354,6507.63255426951
4398.55749182518,6934.2114695562
4375.19898297924,4399.34519351208
8909.4739128708,3763.2842092705
4168.93130025793,5871.85572875722
3555.86285914504,5792.3479471563
3671.50339272736,3062.54899423836
3892.46922172001,6928.58495757391
4370.02912234343,5403.16423607476
6559.73214655905,1052.75117591373
3706.64075768603,1204.71932777295
3935.24532983466,4128.20110315382
3926.30460637475,2695.41591597963
2748.1274635309,218.233888412364
4674.45311402619,6060.3667143475
4623.72662802188,4850.7030037071
4180.78899415389,3163.02743634864
3739.476757947,1412.83715997128
3446.66425812604,6234.55601540988
2064.58966677553,3906.50020883892
4141.76450355026,4030.45050027378
4357.67476847858,6726.66184910266
8491.82495917395,711.931269988078
1454.72550771539,2784.18718758476
2987.17742047688,3296.52516508939
4011.63751556203,5670.89884453665
4328.5609789809,2866.47947101969
3567.05965588508,3861.54646700538
3325.3053002772,3286.29545083451
3772.23130412045,4973.17541603644
3379.95736650369,1515.36158721807
4555.09490771898,6716.26172418124
4635.78880099058,6033.20122439724
4974.54548295302,5963.58233571814
4723.04050554618,6010.2410299275
4655.34037920184,4852.6350293532
5044.79295446989,4331.03335041673
4798.64545610996,5410.09779364079
4231.57432827491,2784.13031355337
4424.14116513495,6360.83623928293
4377.39846234872,2277.87320599923
3952.46939982763,3138.4193749621
1240.86413710939,2317.65542810157
3884.52576694387,3481.96727868873
3424.67259154337,1821.40053867678
4707.09449853302,4772.16144635686
3382.46990219875,3019.12958268647
3653.25628600805,4485.78653267903
2112.36965216549,1708.81680784163
4327.79213491973,3937.53059579189
4385.09362298279,3366.59883459195
3735.30778915923,5703.00878094782
4470.65703546897,6002.51208163258
7828.2439167721,2990.31580296416
4306.80741200295,6819.24093225149
3521.01056617465,7054.58102271765
3475.1149226783,67.5729407076025
4199.54242057606,5571.38620382179
3522.49893237957,4992.27071350346
4250.13623922711,6999.68172535852
4277.9582414139,5424.98779562729
3643.38528421234,5979.38147649631
3790.14811339622,4186.73780139011
4442.35760431522,4893.44056116523
3918.46370180751,3141.20408822374
7622.89405103267,3664.39697147326
4347.91824623887,4100.12605155664
4582.83318239508,2752.53182056942
4310.38785026848,5371.28179578913
9144.67802756345,3771.24065369097
3740.6692055345,4809.61373602102
3790.35443174366,5224.31464728077
3847.20276033269,6106.34334303548
4342.1896038705,6562.30435550309
4132.68709575941,3629.27503710253
3136.74155655403,738.755832891464
7324.78284533156,3121.31297717257
4030.76072277018,4665.88608159775
5417.06478348337,4673.50170468516
4469.78400581096,7022.13026497342
4542.06032651962,6462.96254831001
4079.63512607146,4777.44671415083
5351.31956732256,4864.45637077639
3566.09175874781,6157.946906561
4226.0009738398,5862.47849069024
4309.85807291821,8025.04016874443
4921.34925992742,5563.65725552687
4269.66126756468,5649.1890330469
4051.74308493572,4195.83088072779
4612.04093687491,6257.91369381644
3153.69065577363,256.765806820081
3581.11682510228,5888.45068311953
3872.27645656032,6350.60652502804
4339.02993640305,7296.68468293856
3762.2373160882,1262.91499324856
3582.13946100957,4058.86637320403
4027.92354046012,5151.39960191282
4269.86652815911,4390.02504090412
3977.66443062994,2683.82228210962
2241.04021009907,1266.8932154588
3020.17347709651,637.765841640147
4020.62202511472,6879.31217219707
4139.70361252357,4854.16957106249
4469.48170566622,5387.99007535896
3463.93345762695,2034.00814222637
4464.95916048797,6979.16521138974
4387.28679222568,6663.52194859376
3561.94363106043,4881.44880907552
4380.98263479046,6906.5914102101
4195.29383604664,2812.77347118153
3887.11589077285,4934.01817399647
4283.59049570589,5740.97230261158
4054.42700378109,5432.94424004776
3664.48275827977,2580.67266337284
3444.78681494972,5786.77852063303
5011.46278210201,6416.41760216343
4491.36022257971,5742.9614137167
3979.86379533444,3070.44856462744
4435.4460100005,6710.18064280312
3332.77114776315,4023.17612137469
3962.49060556919,6506.15467516398
3330.30744748812,5418.73630358263
3950.36631911425,2247.24072583833
4071.31427644885,5235.90849257841
6938.60112402138,5055.0697926793
3999.04717133381,6187.32858088667
3893.36493771451,4207.87929542126
3843.97642632057,3884.10875468304
4000.57307665531,5697.60976509108
3886.23073306292,4513.74741335819
1966.68681818244,1313.04057195475
4149.99162568225,5075.24506245977
3928.20190900778,3124.83662998697
4831.78353865789,5576.84230513755
2936.12301839404,2674.38817001125
4287.85821752084,5941.75877616562
3780.68262527149,5093.14706240582
3786.72972652552,6215.57404315038
3941.31914926935,3776.69675500672
4361.63764672049,7368.9743253889
4186.02574101184,5543.36823768363
8279.13651216534,3432.01221636289
3995.17629198871,4436.85414578
4243.12353092356,5450.33458513896
3735.00135069113,6011.20725417818
4679.35143894971,3491.11723205779
3829.59128986597,4656.73633965632
3685.35130732941,4826.71992238292
4078.50349740843,6810.6590849134
4075.96845822495,833.949007207774
3781.27649587536,5265.6884965514
4406.55819409908,4694.24529192424
4483.53175117532,6734.04997606452
3492.54240950371,4987.09919377226
4928.65517505927,6427.44270714721
2563.62542785818,2900.06707510876
3854.41095331342,4189.97729547521
3335.83417618728,3897.18005623095
3628.22510151028,981.086407811949
4257.34719207695,6595.55092683147
2908.7395566178,2180.23613975435
4952.85343734818,5994.72604787864
3511.46573184452,5300.86709352589
3425.22487946644,2965.99190030692
2792.07382263149,1898.06652155704
7620.96158706152,129.576378084236
4410.5833496381,1899.82834796424
4130.72759524388,4549.8355719796
3612.13112657271,4443.6172926795
3961.44438954435,2884.21106029921
4484.88165717775,6760.24966461936
4107.84700758632,2952.18165920625
3827.1104268153,3538.28758112199
2601.28206343712,1341.22916018707
3269.113166565,2668.93228012312
4607.26163482915,4868.60500365315
4034.58879489321,6210.57293408571
3867.06716894603,4068.98233939614
3455.68924311734,3341.47911835056
4034.4937561556,3005.37621561719
4125.85635096996,4584.61668501726
4311.60105147318,4478.45506832093
4519.17419548443,5864.75176052466
4678.33889014271,6380.49985420855
3928.29298603501,4968.3447176383
3894.82392144561,6414.82639785039
4392.3051545425,5158.90147693745
4904.72457167516,4931.29033476621
3150.25300040242,3349.77659553172
3820.98474273699,5682.77642570834
3093.73474044532,2410.85927988514
4137.96902682959,5896.6912862693
3818.38378528895,3786.0739930737
4194.98105600759,1612.88490540019
3889.9239853748,4832.51684503174
8958.98169191985,4924.92509465879
4099.53433698726,5741.08605067435
3300.8085054041,275.463461779562
3945.02553322176,4691.28995656844
4494.99350764781,4374.85088018832
3669.8912757797,4745.16636707313
4639.67109360705,6801.05477357613
4164.02152439996,4040.33897034036
3378.38079129882,4527.15995909441
3607.47963286028,3811.19370931509
5006.13051964101,6106.05918430617
3871.9192015365,769.672313210949
7644.27025517691,615.26042799387
4569.98235980689,5237.61344495422
4553.53711959336,6570.60204411187
4194.89105751027,3849.72554843745
3176.01358052196,4970.84506074301
3270.55925225413,2673.64944188612
3794.09159476572,1499.16453964783
5204.69220404719,4365.8144634544
3432.33751710987,4579.44516528606
5616.17412785218,6480.92163371508
4842.97487741561,7035.3153145841
4218.26645069217,6917.27569386082
1819.0179241469,4487.94605445068
2840.22909477083,1761.61356317431
3916.13514445358,5662.2032491358
2302.2539437257,1524.96621569678
4994.15860110819,5019.77744764204
4014.74240726593,4639.34557170986
3311.93175007749,5159.01522500022
3774.26850832534,3654.96307080252
4587.94561427707,6767.75111678874
4331.88147625835,4687.14132369168
4341.04576603806,6444.37890569784
4343.99631200143,6487.7981058221
4800.14036598688,5369.91766474638
7364.71637368468,2379.43140899534
2934.41887445023,2500.0851208861
5074.98754651205,6427.21563387692
4556.14021159044,6043.08969446381
3505.02624404978,6045.42004975724
4490.58930265939,4975.61909653739
3499.09484490482,6385.78512200253
3306.83174355434,5373.49798016454
4050.9733324778,4316.37084455578
4185.57434813724,5649.30278110967
3564.80463371137,5328.88505966406
4514.50329828697,5312.11969463522
3912.34697568679,6349.46989011083
4725.09540963773,4852.01004929084
4256.94520439724,4590.07278633302
3385.61714046313,4142.69319834824
4520.36790331194,4947.71487846199
3519.7528231786,4876.10687867778
4177.89153228475,7547.42600739082
4517.61650532935,5889.24607384843
7960.61198806764,4359.33589813945
4660.04478499322,4695.26817877867
5303.20832453636,3485.4907200755
3530.25558426863,5582.75255299389
3946.20171914117,5963.6389983219
7669.21010694452,2338.73983667371
3938.98673364511,6602.99613925235
8405.60309752687,3160.29959711839
3541.50508764382,5956.36461942281
3190.2917679429,1281.83998576287
3939.34956679602,2757.87396239478
3686.1610548075,3697.75729086441
4849.6767092969,7385.91052393952
3997.5489864524,6366.06442161789
4216.20508568623,6415.11055657969
3923.03709800262,1106.45717575189
4064.94465492981,5934.65480793306
6519.06489010538,2987.13318291045
3730.28220114107,2239.90947290785
3819.83640998029,1189.88619981784
3757.8380869496,4228.1112278055
3865.11605811139,3824.32167346676
3983.77122567339,5179.24715738445
4597.07315206733,6064.91325401634
3760.49169171028,4843.25779128622
3785.58466820796,3825.51497098773
2460.14994065851,5372.98674816495
4140.50588305624,5203.17357610487
4327.16249605545,5866.79753423354
9040.6195540863,678.400539930393
2703.14537080573,1444.8334540335
4350.82663905464,5212.20956998353
4106.59793744168,4543.69782799771
3757.80582114504,5815.13773095951
3687.97532925478,3123.2452142463
4004.17698912144,483.467651628933
3637.31290218836,5437.66119038313
4381.69826017859,6565.94175638026
3866.73005480169,4605.07611352704
3394.59747644807,4489.87808009678
4609.40787176252,6505.07512570578
5731.10007841243,8469.57774658093
4071.39050812655,8035.78153785416
4561.9385347747,6250.92347364665
4001.72173599809,2106.63902886502
3498.06088377138,4481.46706628048
4112.89747896098,627.024631101134
3661.83566078853,390.320409592219
3196.24326986631,3029.70032970205
4090.15212784916,5332.97702993706
4489.47373018212,7062.93537393019
4067.25767082783,4985.84881079228
4004.4537282767,3974.86913739328
4066.7224543879,5062.1170983081
4095.12423431349,3056.35437622509
3677.56094205676,5308.02814721746
4285.35488059025,6023.48274214194
2991.88682874147,7299.86709156465
4353.69665675037,5899.6466216251
3061.01883526101,1051.89869972582
2826.37551027673,1533.14994481516
7894.56666056085,2174.32568047038
3698.90412567546,5163.95967146114
4231.8941343045,5226.30375838588
4477.41055978522,5752.33865178368
4073.41350471256,6126.51861281595
7897.82155391816,1029.39339179336
3360.59972526241,6946.25988424967
3713.79885483753,4448.84589786972
7686.35665737686,3230.37305519332
3480.30884441618,5996.26058958792
3817.87176544146,4341.88846758924
3596.47315714228,6369.0768424327
3651.52834320183,3510.44002565036
4124.04756279966,6590.03858576721
3774.96451448899,6023.48274214194
4203.90484232165,5243.86493699887
2745.23246535002,2013.03727028938
4231.7440586239,3603.92824759085
3647.28251491385,4884.00623763924
4286.10433926859,5410.43861497385
3353.63749842266,5181.97499661471
3309.33537462874,6025.52893870607
4154.47216249315,4827.23157723777
3587.48807460564,3640.86888240017
2479.41838824158,535.127719187494
4309.69166254218,4427.8748145051
4348.85265508894,3054.76296048442
4387.65218771906,6796.90614069937
4259.35671917338,5014.26468372252
4239.76548842474,6423.12366360392
4236.82746489789,4152.52500581105
4335.09332454607,3392.11624619778
4685.55789216475,5013.35554493085
4594.51522742664,3207.81097894328
4151.42829105994,4958.45582471647
4208.03149677183,5587.52658878827
4348.31996209345,3543.91388167666
3773.73761333345,4725.2185934182
4755.19553217898,8759.36298786564
4918.95953476353,5391.4570655696
4098.44378552849,6063.54912297358
3833.41542689995,6149.02423788985
4788.26276978922,6949.21521960547
3977.36365404992,4214.98326365383
3660.13936352958,4168.94954950683
4377.301130319,4715.95468055874
8124.61243807724,4539.83335385025
3322.41248052752,4289.26201720928
5014.16044379105,7814.76270906064
3704.70093971918,4197.36542243708
4290.91338874192,2749.0650417864
4007.19282389822,5714.48845532744
4465.28605126383,6503.71099466303
3651.34688136235,6596.63089914492
3989.5564621362,3484.06992642899
3293.31717200089,5714.88636211951
4203.27377548965,5713.01099907717
3996.8405699967,6114.47062097773
3935.6570583221,3718.72837422903
2671.34152580969,1706.77092841894
2180.95609359439,1471.20334182724
3663.32659901026,2871.31016941783
3763.42698925008,6582.25255201327
3841.30952160539,4976.52823532906
3632.46661194425,6812.30737468546
3776.5998095313,3637.57272571131
3939.27828082337,4077.96167067105
3864.69284639749,4709.07820845172
3194.95890194255,3494.64067344457
4820.42858878395,7067.25441747349
8567.86761282776,4448.61840174417
4287.52820081187,6636.58353191379
3412.57906649382,3017.76566307135
4158.8021511336,4074.49510331566
7801.56949607434,479.148449514917
4443.12483251941,4916.40033277972
4037.31475829311,5420.10001177014
3487.94086291903,2545.60739160587
4564.15842011544,4564.55516329956
7494.17640913389,3380.6930229943
5599.52747424262,3522.60197697898
3308.03710207664,5674.64957062134
3677.00625607538,6318.26909249132
4140.76112988715,3045.66988114674
2739.21104925469,4853.26043227082
3882.81666685398,5254.89046483791
4190.96199065367,3035.6676630174
4757.27878531215,1062.86724781966
5559.80506320053,5435.55833121524
3842.71221199227,49.3867853358043
4067.52860080491,6404.02836613689
4515.43062257748,5263.69938544628
7884.29996983427,2182.22525085946
3334.68087753017,4118.14179956546
3907.43576406838,6582.7071214091
2873.9960398814,2444.61750606837
3748.15605030531,3846.54271695611
4106.62826634407,4674.29709541405
3989.42905926764,4890.93979520527
4516.8201828895,5734.26624117109
4411.31086483356,4867.97960073553
4380.59608618441,5665.95439807574
3926.25397536565,5476.36344017201
3123.78187624514,1935.91650658565
3876.21240870909,4924.47052526296
4630.23236630189,7161.76594912368
3570.27327893403,5041.08935233972
4506.97405463513,6643.46042687606
3556.64253895998,5177.48554240488
3615.43266009362,4709.98734724339
4419.89350199733,5888.90525251537
3013.9391487652,4258.7437079664
9012.84976665527,66.4931401790989
4388.67537460171,3268.79135768053
4045.83880898139,4061.42380176775
4156.79463906736,5976.25573047398
4172.07707920416,5180.27004423889
2493.27604415895,2078.33690399755
3795.21135560208,5453.40366855753
4237.76444411341,456.24523479038
1952.41356504877,1327.7600575609
4345.32524408415,6778.15166456541
3247.43823534322,3719.41043975041
7528.29220915517,1063.83336635653
3597.25249114743,4826.71992238292
3637.93639447038,4779.32207719318
4541.02408587328,3054.2515170572
7943.70181952206,2750.20167670361
3400.86386560391,3984.35970066778
4276.30480106416,6391.3545485258
3863.5300302445,4056.59310336961
2606.00899858598,1006.94485217847
4568.25296355683,5585.08290828732
4109.04372946688,2327.82826832507
4385.09856925502,3511.00834310896
4600.47882402776,7039.97517946046
4140.72573452423,5021.42531455884
3373.58392220792,6982.80261226691
3554.8779512369,2686.20908857918
4324.82301239126,6232.73731497129
3941.55236859852,4142.23862895241
3941.3280968976,5009.60439599091
8330.66394586955,3075.7907064528
4469.97230759867,5102.29722720251
3609.77007592953,4903.44277929458
4072.04731402201,4629.17294291398
3815.35360559065,4867.29795806941
3358.95468491494,4542.73160374703
4035.12411842866,3595.85805510761
4003.99228290594,3752.48617755701
5030.21684506943,5129.34896909
3848.70507368568,3464.40631150336
2309.17174707552,2891.201280469
3917.52043274333,5732.10629654419
4011.9348082662,6965.01436038363
3828.5854373145,3784.82361009372
4098.97552952358,6444.7197270309
4610.49937928798,4535.85513164002
4922.24610579495,6483.02449288297
3909.35733628961,5927.32334357495
3694.60894430227,1771.16131762163
2514.52726250607,3420.64586719079
4331.85075613832,5250.5143358356
3656.83241999497,4321.94027107905
4106.31943098947,4417.24719345814
3629.14571128572,4301.31043190275
4286.54260929828,3799.59986401745
4520.77797078978,134.86172516357
8189.88873304125,657.713773865795
4635.03326801054,5706.53201090697
4068.38931362388,4557.67869119254
4372.34561645418,5369.40643274678
3795.48264427888,3241.11442430305
3861.12905575122,4854.96538464663
4671.51274334784,9076.19997103783
4155.42895884367,3575.96694405644
8776.82197955592,4083.47443459057
3290.85694133409,5713.29515780647
8755.91415527639,760.69287622223
4044.35132586512,5490.74221015892
4176.81234171695,6501.94937968346
4161.29056294277,5558.76947166972
3796.60241796904,2925.41407604806
4693.03244978134,4843.42862480801
5244.62548686008,5760.12468553761
2419.02190474925,2019.85707979264
3871.84256212075,2992.13450340274
4731.46242754676,5964.09356771774
3061.77129323179,2171.93866257319
3254.60182602064,6235.46515420155
4625.71551844987,7218.65435758792
4026.81922839899,5675.72954293479
4568.79966605764,7001.55708840087
4400.34148790985,5555.87122177293
3901.49962593991,4990.56576112765
4346.30807794337,6725.18439285239
8364.05574519176,176.292065253018
3337.08914029346,936.473487311469
4429.82001526007,4382.57982848324
3592.32090089665,5000.17049532017
4061.92532596809,5037.73611019185
4426.77736357911,2884.09731223644
5225.85333790828,6979.62020364082
4225.07988191961,5186.86278047186
3908.89159653982,6946.77111624926
4289.53945712864,5726.42312195814
4704.46878800497,4106.54795426782
3753.72245646076,4035.11078800539
8068.18149215196,1466.6568021584
4376.64128376613,5548.88100160314
4055.35078727972,5546.94855310178
2744.13161100899,2669.3301869152
3285.36753996333,3125.17766274766
8775.83799347282,1997.1810440522
3397.09690527313,3469.80532736011
4390.12952420998,4984.42801714577
3578.04045650551,4950.27230702572
3100.03991084026,2235.4198072704
8456.65577092113,170.154241985776
4213.35304875829,2983.43911942951
4901.95443231427,3803.74849689421
2106.22210339992,4783.01614067411
4257.90887679128,6598.6766728538
3728.25407091415,5287.68204391521
3014.64080012661,1296.72988203555
4495.70072812264,6414.76931239137
4177.9772105965,6315.59791586483
4338.31760307378,3903.54529633837
8288.99674628199,6452.22160205553
4795.83816237327,4571.82954219865
4751.45781716715,3268.73448364914
4254.12585618221,4199.9228510008
8724.70156580621,532.229257863084
4280.63502551807,3468.04350095291
4104.35438759946,6351.17484248664
4410.40906518039,5524.10210669482
2110.03086360921,2233.03278937321
3776.35306307321,4774.54846425405
2441.81810001267,2159.26526781735
4097.05019193896,6295.9343009392
8727.39224727335,3828.8682131356
7378.36833280231,5968.75385544935
3695.00234365992,4595.30096866798
2986.29973430972,4241.12586674965
4088.11079535689,4847.23601349646
3397.90709426554,1813.50096828769
3852.76915028677,4039.60024221522
3688.27228705809,2943.65689732718
4001.01508428092,6674.49039097378
4192.68005913248,3484.24054852315
3822.18288955629,4588.70865529027
4360.74748491288,6224.66712248806
3649.17469023496,6736.09617262865
4044.78087229605,6472.33978637699
3787.13928043756,6981.15432249486
4401.67546225439,5012.84389007601
4740.72323375612,7579.25178507269
3684.92587028506,4366.26903285023
4420.73820558683,4397.18567174044
3385.86656123416,4013.23056584911
4406.1428124401,5141.11322505417
3120.19062485647,6055.19477176104
4112.10971734108,3385.46684736105
3546.64570851002,6666.98851594915
2867.94170483234,282.396940060232
3189.98796200458,1699.95111891568
4100.32675081095,4988.86080875183
3572.62161391539,3604.32615438293
4451.55537586435,3079.93955075719
3696.88040453186,3465.71335708711
4078.53750240474,6922.95886844687
3994.49741653028,661.351016172248
4969.02633455443,5128.66690356862
3534.43854893214,4296.19557477531
7817.91557700889,3648.25700936203
3263.61878888788,970.458892478801
4063.6951743152,5707.95280455349
3968.51374873499,4028.74554789797
2340.85263687341,3131.42915479231
4063.34993614566,4828.14071602944
3991.43418370033,6186.76026342806
3374.20107210752,4526.30748290651
4642.42105714639,4200.83198979246
3960.36189577668,1719.27391250825
4039.48602793428,6400.05014392666
3954.59016580016,6455.68816941092
3963.8306125841,3851.99881827186
4642.00823114091,5689.53957260784
4425.21443360045,6578.21724434402
3552.63672804604,3359.09695956731
3461.58443491286,3979.07443287381
4236.85363494386,6310.71055486293
4442.47848995216,4464.81544931441
3108.34188710384,2966.33293306761
2466.65066907502,6477.90963575552
3727.34579852193,2728.66248730801
4204.00344873232,1736.83487969361
4359.42361200052,4134.39550973946
4540.11977581126,4944.36163631412
4274.75990397026,2699.62142288778
4222.35630456985,4594.56224054285
4300.26009929054,4957.2625271955
3899.28749815042,4645.99497054658
3333.14048428492,3465.37232432642
4460.4650897958,2513.83848795539
4366.46146104077,5635.71982470691
4393.06899810298,5630.26414624641
4138.28950501029,6006.66071450934
4539.64039512444,5159.29938372953
3379.87322270549,6675.96784722406
4510.72271465195,4862.9218290671
4435.60713141374,6181.58874369686
4169.45392779302,6037.0656985447
3868.02787049392,4535.17306611864
2188.50850541259,1545.48241252413
4129.02544472665,6837.37000546783
3844.36242916155,6680.11690295607
4952.84631124338,5233.23731595191
3704.6713088264,4051.19408751286
4785.46767829449,7217.23356394141
3857.90734903946,4955.38716415316
7957.78239295162,5671.52382459902
2559.46372361876,313.199725173851
8261.43741244594,1000.29555905555
4113.12222833472,5022.10738008022
2419.19552212921,5921.69725444792
2004.16847507164,203.798627606647
3150.93696234022,1075.93854936757
4426.71542722924,5137.87373096907
8263.05103586102,4206.74266050406
3173.18340612939,4757.27144437036
4200.98688759345,2337.26216899581
4700.50902158385,6935.51851513994
3862.52818535407,4357.4034496381
8318.63609431011,3199.51350176212
4443.61117989146,4501.13110406136
3968.86959045197,6770.30854535246
8377.76439467891,1451.53951547398
4388.8604601492,6467.50908797885
4150.02468984384,6947.11236043758
3947.28143434817,5736.65283621303
4607.86114295463,5672.03547945386
3101.82986614706,3328.74884956334
4565.08105379431,8593.69844868233
4033.04131573908,4536.08262776556
4148.46226428262,2953.20475748831
3947.89008084311,4441.74192963716
4153.86241555962,2189.32921909202
4917.06986040609,4616.66995882468
3905.29823126026,5420.72541468775
3325.29020987456,1689.7214046608
4117.23292725674,5928.17581976286
4423.60396757707,4455.43821124743
4608.4886079305,8128.81476754357
3973.36826331697,3505.43870515806
3940.67840467789,5194.36465549649
3836.71099607303,1763.88683300873
3847.6864381289,6485.80899471698
3884.87037447531,8483.16070298369
4868.58989877681,6162.72051950013
3915.15827970759,5874.81106411302
3837.46856460428,4546.19859395768
4679.68805912297,6152.49080524524
3676.8429214771,5107.80956826678
4357.21839875989,3678.77574146016
4298.40017763393,1161.41355857003
3521.97215453638,4448.05008428557
4285.59708432226,3864.3880542984
4438.7014228738,5476.36344017201
4332.23111378385,5102.58138593181
4040.14725925941,4663.84030788888
4525.94688945217,4184.35078349292
3693.53474520491,2051.1145400159
2335.2184992895,1063.20828058035
3880.99488064936,5133.44093936301
3392.82234433635,4600.47291125444
2551.03036117406,783.425574566423
4362.06421796934,4828.7656960918
3559.45236301243,3450.70981846546
4022.6776932044,5494.77709497291
4462.79371590844,4807.0563074573
2938.65165111426,2325.21396572997
3427.276579433,5222.09846290536
3832.22637974601,4804.04388664249
4352.13303036469,5068.53900101928
3734.30286929987,4008.00196065889
3892.51495361629,4076.14297023246
4516.71477098168,3245.20618314843
4539.17269183223,5594.68721962459
4435.7050162294,4743.23391857177
4381.49742670508,3480.09170421876
3695.4576782549,1951.14732990521
4576.5471805826,6532.75184765564
3368.93500723521,4341.945130193
3092.97148338275,4308.86896953114
4052.47034596405,6107.47997795269
4137.33958418184,4905.14773167039
3838.86429690114,6467.22492924955
7861.21627036038,4570.18167528185
3365.92738241317,4345.07087621532
2032.92646210693,6182.38455728101
4379.42420899158,6680.68522041468
4515.99808787543,2759.8630734999
3882.02299258199,4770.74065271035
2827.8877422237,794.621460215082
4776.45652754766,5631.62785443391
4015.49013828419,4476.29554654928
4259.21509963485,6753.82733905292
3990.79869782021,2548.56272696167
3140.65415061945,696.700340954706
4441.47858264946,5336.27318662592
4677.41423593198,5585.70788834969
2412.82415478917,1195.2283416432
3669.44013561145,4532.55897495116
4001.9442559382,5250.45725037659
4033.87844348651,4487.09357826277
3592.14030476447,2536.23015353889
2461.65190095512,1619.70471490344
4150.65888692414,5121.62002079507
2981.93535785837,1610.32747683646
4000.01656528586,4847.69100574754
2621.42706153957,4793.58709911731
4411.27497219274,6371.2930268081
4223.54531028953,5010.91144157465
3514.18449821906,3980.55231197933
4258.16571010021,6825.49242429614
5158.78595270462,5569.45417817569
3645.2438608435,4727.03687100153
3002.61178682505,2824.2535684164
3832.66067297719,5217.94983002859
3600.39404428393,2429.15918662327
3684.45897085727,3365.00741885128
4376.68919790047,4966.75351332526
3364.51850838984,5111.50363174771
3330.93682717902,3127.90550197791
4838.86749274135,7041.96429056557
4653.06389152446,5595.76719193804
3293.11109526706,2689.10754990359
3545.59954760024,2410.91615391652
4982.08349356067,6827.82235673432
4109.73609500739,5944.0887086038
4500.13342604172,6561.22480604489
2090.18915650214,6242.85328116341
4085.9679875556,6119.41464458339
2438.52198715782,996.430979194279
4534.08910660701,2847.8387429485
3774.10454778311,5898.62331191541
4531.63515874316,6748.82622998825
4011.52148193776,3800.28192953882
4586.49869205132,6476.26134598347
3025.40050794101,998.988407758001
4477.96753969349,5992.62318871075
4556.04966607873,6322.4748108271
2625.34605361131,1948.24908000843
8545.80541264939,4815.69439454389
3668.51578484056,6802.30515655611
3917.90816746026,4778.58334906804
4059.44942833702,3888.71195695564
4198.70269044173,4553.07506606469
4077.17900952564,2976.10786649904
4482.3255307523,5581.38884480639
3611.75794587095,4510.90582606516
3254.26594263111,2093.17003195266
4096.26651938004,6031.60959722894
3744.94503126045,6441.36648488303
3585.61419194244,773.82099894462
4784.49161016894,6343.84337812854
3898.99837723802,3315.84795868196
3341.73568183326,3226.28129634794
5122.59048202798,4095.80700801334
3767.62062812814,2864.0924531225
3965.20630688752,4554.60960777398
4229.88291588707,5568.09004713294
4507.30517116156,2490.36706148606
3764.76516079294,3921.67436955472
3613.7803370844,4943.39541206345
4420.55867860225,6191.64804728522
3885.11047119462,433.569357620665
3847.0133737152,4824.84455934058
3578.65350078757,4671.8534149131
4830.08280783171,5174.92811384116
4305.2082540441,681.355769572375
3236.23795123367,5159.29938372953
4594.59283317905,4952.03392200529
4204.35343154444,6804.69175159805
4334.42099851103,3262.08529624004
4436.76235946569,5347.46912513149
2510.7472876577,7496.44826963817
2381.3254620495,2030.59823747474
3043.33358473178,3475.37475388339
4339.30537415215,6543.72071289091
4341.32662878094,1549.91530984401
2795.48681662799,4907.81890829688
3430.48411615145,1620.72770747169
4151.06288729383,4381.61360423256
2824.92403149554,3763.51170539604
5042.62119428716,4746.87131944894
3777.66324541442,3881.55132611932
3547.64476742586,6729.5605218547
3348.22312574507,5172.88191727703
4650.97036199524,4726.46855354293
4663.87096761644,5795.3032825121
4339.62885492102,5134.5204888212
4280.69868096361,5184.3620145119
3650.93157246158,2247.29759986972
3692.94103160422,1606.74705570449
4497.13402976699,6292.4106481248
4318.09051238631,6553.55252035373
3685.74128280646,3874.04945109468
3455.91766368599,6844.47397370039
4259.1374929342,4690.5512284433
3917.05651936253,5348.71950811147
2320.15014354725,3597.61967008719
3940.69934820828,5278.7027126403
3843.36242998791,4751.24744845125
5145.50715038013,3859.2165345672
3988.39703917311,1513.20195973261
4715.28121163802,4811.43201360435
3834.33022474575,5421.69163893843
3023.81068119879,6201.13903341497
3274.20677675182,6245.63820585268
2609.27768780184,4578.25144490984
4066.75555394412,6644.02874433467
3621.37166529101,6146.35306126336
4018.74440684733,6185.96487269917
4048.02363639773,3622.73938632857
4175.96671170307,6374.2483621639
4378.17728475186,5316.95039303336
4296.66248447207,5600.19998354411
7746.66386845602,1549.46063473436
3885.70348263462,3497.4253867062
4663.96002285696,6550.25636366487
4217.03737725976,5417.65633126918
4122.37818598325,2545.83467630379
4059.69172507537,4684.24265093964
4717.39972701299,5074.56299693839
3966.09782784134,6046.67000988197
3254.64361158954,3644.50586042209
3594.07660918259,5322.86106374495
3968.74333059833,7128.00772294045
4474.54324558043,5941.75877616562
3896.66888400838,1128.73530470025
3740.42392940636,4982.32515797788
3745.70661457657,3232.64632502774
4226.76594534761,5380.09071639751
3850.60993388675,3397.23110332522
4030.68849155302,4535.74138357725
4206.61582935334,5161.00433610534
4901.27999877568,3763.73920152158
3385.07083471359,3668.77310047556
2647.65649632101,4097.45487493014
3161.03580585863,2907.56873870577
3910.37110099945,6390.95706458898
3669.21396207643,341.274618200312
3693.36918880062,5033.98538410716
2809.79774420882,2436.83147231443
3469.98966398246,5137.13500284394
3354.62520908936,1118.90339152362
3317.11118713804,5254.60630610861
3877.59813240677,5545.24360072597
7590.10668920469,2601.92769403914
4020.61225853537,5885.32493709721
4222.96565351076,5968.75385544935
4745.83173689721,4805.29426962247
3854.14682971243,3926.61881601563
3373.98809728505,5712.04477482649
3823.16807586006,2316.68920385089
3919.63880492458,4117.28932337755
4213.94890647124,4316.99624747339
4627.21532122741,6074.17674402054
4265.36945920395,6141.69277353175
3666.86671361745,4026.81309939661
3941.29895848179,5278.87312330683
3840.84001432686,4752.78199016053
3836.54338744624,1265.52929584367
4519.8273956664,4506.64344512563
4529.35158836413,6381.86398525131
3633.21810174127,5967.56055792838
4259.25620432899,5019.49328891273
2338.59909607342,1281.66946938252
3243.40669506716,1766.61477795279
4361.34884178026,6222.96217011224
2297.73810703201,733.129479479895
4368.31879283257,6215.63112860939
4820.65584422572,6489.67346886444
4595.7904639892,5060.35506047327
3031.76240600449,5086.55474902811
4132.94865493407,5650.95064802647
4552.42916368192,5737.50531240094
4388.88217730473,5401.80052788726
3991.79150125849,5518.81683890085
3554.8102030195,356.107693298517
3312.9594739209,5726.48020741715
4808.03156890805,1218.35894677947
4339.04551127728,5815.02398289674
3534.72859009744,2945.19143903646
6847.11091131677,420.668572453098
4326.73267095076,6286.55706287222
3989.62325449487,6316.96204690758
4248.8820796042,2145.96668157152
3904.98093148746,5711.59020543066
4083.64418120941,5745.23468355111
3804.80265151855,4746.6438233234
4195.28511864894,5466.5316327092
4563.80754410515,5842.53071703531
4249.35950658539,6305.93651906855
3927.90172196614,3492.59468830806
8879.26026059607,2813.79635803597
7666.68613321196,3705.88414595141
4399.02889540887,7191.03429824182
4010.88073530513,4045.22675419751
3835.04227436931,4717.83046645634
3364.48195076023,3755.78275710112
4157.20829503957,4739.93776188291
3888.7458814908,5208.2313477733
3971.01172846145,4414.63310229066
3894.73567389847,5184.13494124161
4673.23823972059,5526.03455519618
3811.71106413047,5540.75414651614
4213.72390721109,4944.98661637649
8556.93622139762,2906.3754411848
3327.56156983178,4756.70312691176
2900.19335900473,6785.25563279797
3578.12178727965,4810.18205347962
2955.40166114165,1101.62647735375
4218.52019433479,2724.51385443125
4052.08813791456,4812.39823785503
4410.51504959098,6037.29277181499
3786.43058331557,6246.71775531087
2446.3966920323,2960.53601041879
4087.88904738597,4193.21636670506
8221.10609172183,507.393806064815
8011.75271339249,733.64097576402
4095.76300507275,5773.08223902275
3930.35785614214,4605.92858971494
2804.60616464026,2083.90633052083
4708.97879443564,5091.38544742625
4604.8692839065,5241.64832976822
4222.70285115737,4425.54488206692
8352.65007332356,4373.4300865418
3406.12883470868,6117.59636700005
3875.25450634519,5295.97973252399
4201.2574496697,4469.53239964978
4956.82050090516,5812.92112372885
3584.9282198827,4153.6049781245
5034.86188020166,5484.88820205109
7719.91820739169,2075.21115797522
3438.26470911309,6962.17277309061
4336.70405618914,6341.62677089788
4496.50853828521,4167.41500779755
3869.15359555631,6289.05740597693
6630.77827300278,879.016549960994
4146.75456543826,6600.66578395892
3843.79938285969,3091.02174119999
4040.88133443528,6839.98451949056
3703.01843578248,4946.1232512937
4612.60333401945,6580.94550642953
4043.69413304466,4321.54278714223
4548.43316747006,4824.95830740335
4315.17808365114,2977.86969290624
2994.7700099661,5249.37770091839
4457.12473258978,7513.49779339631
4711.68155454156,4116.94850204449
4410.16321931345,5067.5727767686
8671.17832146467,2581.9228349252
4217.8417250248,5340.59265302447
3642.43214611419,7573.68193569416
3911.35861841605,5736.4824255465
4922.07611649284,6217.3360809852
3842.55315577397,6851.40753126642
3591.98380336157,6060.6508730768
3959.76866098328,4364.84823920372
2504.27775512283,5086.55474902811
4364.61760297203,6409.99569945224
4851.59768443988,5714.14763399438
4696.54343230261,8057.37760128114
3663.11927074111,4172.92777171707
3641.6516709311,5377.98785722962
4302.30518404518,3739.75612019741
3296.35813350454,4377.86287814787
3443.55287314314,6456.14273880676
4430.06549714806,5371.1113851226
4845.13210101716,6406.64245730438
4328.52202207344,6896.3046104962
3971.80615976777,581.843393142049
2566.07849849951,1627.66115932391
4883.43421677165,1624.1943805409
3597.80073923039,5527.79617017575
4276.05364554801,5073.14220329188
4275.85726262524,3712.98811418397
3925.29756451391,998.533732648355
4306.26413000913,4410.59779462141
4436.5150386615,6855.21534281012
4381.36030185087,4732.89087910936
3282.90872759504,147.648867982179
4457.82921876152,5090.0213163835
4302.92129506795,4302.6745629455
4306.21084926132,6946.94194977105
3179.83192638862,2612.78259978401
4855.01750211279,4147.92180353845
3754.60189086208,6154.59366441313
5251.73909932396,5384.58017060733
4210.00799281915,2145.22774201876
8401.69113083644,2549.86977254541
3714.61794180193,3787.32437605368
4185.72892236593,5488.69601359479
4208.18110008813,2790.49534223317
3961.01353507242,4129.7356448631
2484.19163265035,619.352345409969
4059.79943369284,917.605368828551
3882.87395753417,3111.70845440768
4144.15632298662,5173.10941340257
4230.79579311819,1381.86385847732
4145.33700085351,4201.8548766469
4067.56239497939,3753.73656053699
4173.84945401871,4979.02900128902
4272.57020786289,4541.197484893
4254.76047008382,3843.07614960072
3896.68120166469,4220.32519405156
2643.62618602825,574.62578256053
4218.96847196924,4680.88983164702
3132.68167979816,620.432159152699
4901.84815892691,6919.26480496594
2703.38897871124,6216.42651933829
3958.57183705843,2993.27113831995
3047.47683115022,627.53612738526
3982.02663771906,5750.00829649024
3599.61580016826,3150.35404159281
4885.26449322875,5718.18251880837
4935.54368031284,5142.53401870068
4709.40061631582,4736.24369840198
4326.10273376029,6112.53817247637
4281.9982105,5412.54147414174
3192.22100174602,5306.0956987161
4213.79028642285,4606.38315911078
6912.80647846228,2092.09005963921
1833.48886217501,3204.57148485818
3226.8751498986,4950.27230702572
4420.81333332796,5651.57605094409
4974.77160958636,3395.75343564732
3982.63565247725,4920.09439626065
3573.61090787917,1953.13644101033
6434.06804941946,1040.6460986165
5225.77335394704,4143.94358132822
3623.9180467735,5744.38220736321
3282.61461034294,2609.65685376169
4021.66747407237,5834.91509394791
3512.62868451071,4981.87058858204
4544.17085957953,8783.2889837308
4834.72206593076,6218.87019983924
3647.97286159862,4292.55859675339
4238.42772679706,5408.67699999428
2363.67108071331,1458.30255665967
3434.74940704366,5595.71010647903
3886.63955714398,6204.03728331175
4727.63152056338,4751.58826978431
4629.5294370579,5258.9253496519
3806.17113958886,5311.83553590591
4096.82051583897,6087.93011108983
4124.89275543357,5151.85417130865
4319.99095528964,4714.47722430847
4246.3950378335,4014.65135949562
1594.78455378969,5090.76004450863
4876.22998465919,5758.76055449486
4160.75035604343,759.954095240187
4458.65218582062,5775.46925691994
4407.33230119913,7681.03727276671
7397.89394709858,1389.13834309022
3600.14322262284,7571.06784452668
3152.35474475236,4792.39337874109
3921.79150742049,3319.88305492358
3720.60217415822,3361.1998187352
4376.68752372777,4805.57842835177
4977.10639162576,5303.08370075655
3774.96488809853,5374.12338308215
3692.61178262889,3166.32380446513
4986.08592895489,9053.46727269364
4122.7758408079,3220.48437369912
3425.76063480124,70.3577002190344
4309.18710534266,4022.83487718638
3504.06630411031,1141.46557348747
3910.66298727009,4724.53652789682
3082.3267182512,3143.70464275608
4711.64714037785,4604.10988927636
4145.71908488236,4757.83976182897
3865.33809594324,2921.66313853574
3478.40578971853,6686.93671245933
3921.13876868129,5337.01233760631
4411.11825646653,3018.4475171651
4873.06127682303,9092.45368121183
3481.73321695801,4787.39226967642
4200.22035306489,2335.44367998485
4449.0663535551,5329.16921839336
3680.77456332291,4128.99649388271
882.415765408174,1690.85803957801
4190.1869204266,1458.47307304001
4694.93204665918,6643.34667881329
5185.14793921569,6191.07972982661
4169.77213023366,4935.66646376852
4113.94015673133,5039.83896935974
4849.50754197214,5927.32334357495
4545.0199673407,7272.36035742608
3392.92221092577,2153.86625196061
4331.82231199772,6260.64153304669
4297.20448541169,4731.29925194107
4267.59899206707,5196.35376660161
3654.2233910139,4483.1720186563
3440.29949124634,4719.59208143591
3988.58741511269,4249.53688056595
2080.75236895748,2726.9575349322
4194.85217802987,4597.0059210438
4701.91239653877,4793.35960299177
3879.59840161556,5907.09141119072
3405.82725973944,1115.94816188164
4361.7467904502,5319.67865511886
3403.62858923261,1419.31593671385
3464.50085307016,2044.0672343871
3882.99215992199,6167.55121789827
3171.76773070063,4941.63379708387
8634.5657280864,3448.55008526619
4798.93198793649,6690.00537302265
3639.47130718982,4065.91325597758
3831.70798184776,3378.41975315988
7881.8647387419,2676.49102917914
4319.16599494476,4826.43576365362
2484.69057391496,4575.80776440889
4062.55752928576,2455.41553778186
3415.88487854534,5109.8557648309
3478.68447543146,5513.64531916964
2933.37335122365,700.67856316494
4553.645419487,5392.42328982028
4937.9587239311,6847.14515032689
3676.1512729848,7044.63546719207
8065.59337026671,4018.85665497614
4617.95215885597,5828.54985384048
4780.44440423932,7010.87766386409
4187.41051289822,5055.9222688672
2949.11097307244,4891.33770199734
8585.15981032098,1566.05548338286
3984.94544423687,5513.92947789894
4508.64265915863,5471.02150977428
3022.84905239123,3642.51674931697
3894.10640200915,6070.59642860238
4266.51628253144,4390.30919963342
3826.2895415379,145.432432536465
7583.56657661766,249.775507364933
1872.44502984414,1385.72843833859
3981.07155106678,3519.30560886249
4577.86286904379,6151.97957324565
4394.59602231149,4782.67531934105
3260.38110330233,6491.49216930303
3834.32761856551,4495.84541341214
4290.52156613327,3757.20355074763
8443.04689911508,3183.88477165049
4141.33060693708,4003.45542099005
4336.66533704292,2488.09379165164
3740.05703496059,6980.01768757765
3125.40483469991,5360.71083734593
3656.30675150142,5531.14941232362
4274.79450750454,2693.54055293729
3671.82853620136,4582.62757391214
4661.1020009899,3794.25751076446
4617.80289277415,3052.43302804624
4913.61737557207,5906.97766312795
3712.82539720647,5733.58417564971
8838.8741893212,6882.4379182194
4020.00663323166,6235.06724740947
4385.75375216012,5602.75741210783
4717.37393731992,4997.78347742298
3582.89203385881,4272.72414830598
3712.55171322418,5510.68998381385
4933.15344650169,5224.31464728077
5269.8790839797,7906.20515729225
2786.94301479872,1044.79473149326
6765.30775807544,1271.55339747659
4481.39885613062,5130.99725886205
4813.56502730517,4628.71837351815
4612.28623026343,7383.3530953758
4374.45109327251,6828.44775965194
8537.25969824975,689.596372722145
2283.29742800156,5257.61830406816
3540.09816612807,6692.27864285707
3688.48028486625,4815.29691060707
4256.559517259,5328.77173445654
3445.97973732079,4927.82376741082
4015.11650538783,4319.43992797434
3893.42212413898,1163.91411310236
4631.83725734223,2920.52650361853
4725.73451393828,5826.27658400606
4155.26462635594,5784.05068140277
4367.31630235694,4885.88160068159
4782.31906150952,4717.48922226802
4882.35166143039,4334.15909643906
3997.63018925501,6395.50360425782
3630.55530015857,2698.65541006473
4944.70526069981,6790.82505932125
3431.65335320857,4409.51824516321
4457.6667967759,3768.34240379418
8283.79586944883,3403.76675409918
4129.61722973283,1887.77993327077
3695.90367988714,4660.71456186655
4825.54169932967,6051.15988694705
4271.37107512789,6150.6154422029
4244.59337014465,6097.93232921918
8387.52744068145,1542.12938180388
4067.83489113235,3020.4935023016
3923.14299834413,5135.20255434258
4454.37405316485,4585.12833987211
3771.47522694715,2276.22491622718
1304.91882785608,1216.14244526262
3873.3895791182,5657.37255073765
3665.17798365283,2805.44221825105
4889.05101219421,2777.42404068526
4044.36412669984,6102.53595434703
4188.7671399615,4403.09634245203
3813.63839237617,4592.6868775005
3450.95898538205,2390.28631474022
2609.30976496966,2507.58699591073
3776.08122461483,5378.10160529239
4084.89754583547,5732.73169946181
3700.68360794583,5155.94614158166
4186.23033770151,5872.59445688236
3936.52185119926,5780.47036598461
4062.4109819856,2277.98674263438
3088.41038684794,5193.3413457868
3786.30207403258,4870.99202155034
1398.49166352045,2273.32666633039
7546.23024616568,3725.43443566952
4700.68924264077,6942.05416591389
3924.32828605882,5532.1156365743
3905.29681258522,4906.96643210898
3806.94064003701,4122.12002177569
4433.71662154009,4649.68903402752
3356.06319010846,2528.9557746398
3893.72731301731,1653.06492858078
3855.00579184533,4714.19306557917
2525.21796947199,3116.19812004513
3693.43641315252,5234.82852026496
4032.92576057447,5051.8302985942
3483.25176367015,5522.45423977802
2502.17320931292,2532.19505729727
3829.70823867787,5235.28351251604
3884.26405933734,3368.64481972845
4526.04485501825,5699.71220140371
4550.30439058132,5192.65970312068
3269.55108772154,5662.54449332411
4443.38505486501,6560.08817112768
4134.0703232671,6116.74389081215
4616.64520688623,4479.30754450884
4280.5144419931,6029.05216866522
8301.32733896045,4151.84294028968
4098.77859045431,6192.72759674341
3711.57657823122,4029.82509735617
4796.7217889914,6309.91474127878
3968.01666603471,5618.3294796157
4385.05298394337,3586.36706897786
2334.68725782781,1173.34811948692
3999.70224953277,4934.13192205924
4103.39560299111,5769.72899687488
3637.78791623851,5115.08437002112
3265.3611844245,4607.00856202839
3952.39690125784,4296.02516410878
4268.64250259448,4410.48446941389
4394.71396619088,5426.80649606587
4385.01605529418,2082.37200023917
4379.09276773531,5083.88357240161
3814.79184107046,5807.86335206042
3240.88965760119,5198.85410970632
3840.36881612154,5015.40131863973
4973.43000438107,6479.3870920058
4129.51498466534,4281.24891018505
4185.78245962618,4787.73351386473
3438.49763294355,3633.82157677137
3425.12298234044,2013.5487137166
3901.05921940345,3741.06316578115
3568.54334405623,4625.81970076611
4439.47069085596,2758.61290194754
3278.79193425411,1063.49243930965
3809.61736544996,2460.01874005446
3659.55625263709,5889.13274864091
3763.21156356802,1735.98240350571
3419.01728907909,4812.68239658433
3872.18776869018,6270.24626723921
4113.88693000714,5773.65055648136
3187.91335704544,3431.33015084151
3908.34323245192,6094.63617253032
4602.51643429315,6262.11941215221
3556.65254893775,614.066971902181
2856.36803309491,732.277003291988
4227.93898664379,2362.21147457067
3839.34695646381,7199.44488920287
4385.16330923848,4576.88773672234
3438.34955428045,6642.32379195885
3893.26000277513,2177.50830052409
3964.71936813505,5820.08217742042
7150.32774241052,4951.46560454669
4868.86296155937,4615.07875451163
4317.16546772779,5139.12411394905
4311.90818776713,2494.06112496699
4120.85569560099,4577.5127167847
4018.83474580293,4454.07408020468
4081.28675012149,5828.09528444465
4385.67872319653,6084.46312087919
8113.72059183792,2855.45415460828
3882.46071242677,4951.06769775461
4683.27956036677,4491.46970726508
3534.33238028713,2885.29082118503
3344.14719114931,3509.75796012898
1248.68493122977,3212.01648585143
7651.80029176587,806.442431639919
4701.56929882819,4977.66487024627
4737.04666669825,3951.28396286118
3859.83000157197,4844.84941845452
4449.3306710709,6197.84245387086
4289.99052692291,5651.63271354785
3943.62747780965,6103.16093440939
3630.69546260092,5556.60994989807
2897.56709888735,891.064858940654
3979.93911844402,4548.07395700002
4457.83003790486,4898.9529022295
4445.8222522866,4496.24332020421
7560.85632702887,2013.15080692452
4728.92634004183,5644.86956664835
4270.7814996551,5016.48129095318
4088.61513240558,6132.94093838238
4595.72007532553,7071.23263968372
3834.30147752666,6252.06010856386
3317.59953330607,5441.46900192683
3701.14292543723,5817.808907586
4007.37182675128,4375.98751510553
3048.25025820931,2533.61585094378
4690.7248354982,5476.13636690172
3583.26112072269,5181.46376461511
2354.42442528954,1559.40619025994
2857.38345062066,1617.20405465729
4497.10090674818,6254.44712646105
4283.5409633517,6960.69489398508
2978.39856212394,168.903938291155
3185.49929948943,5082.80360008816
3438.17515114266,4935.09814630992
4522.25011089074,5983.64385743584
3677.64523016567,5464.20170027102
3785.66125467462,2016.67445973892
3983.78835182371,1380.1589061015
4172.47227663136,1539.96975431842
3924.9135602883,3167.28981728818
4167.64031901931,5644.07417591945
4589.6358895405,5248.97979412632
3747.95898478857,5374.80544860353
3792.27873749353,3055.50190003718
4403.14228005528,5888.73484184884
5080.66276676549,5417.31550993612
4744.36746031933,6277.236487409
4720.01573991743,6258.65242194157
3911.47986695789,3829.60694126073
3627.42793800541,5050.69366367699
3699.50516627501,6747.63293246728
4110.22798966222,6579.58137538678
4227.07873285677,5299.84420667145
3447.26558300608,5647.88198746316
4079.24582273157,5212.49372871284
3313.25995477146,7106.18416338792
3585.39732637769,5882.88125659626
4211.89222984968,4689.41459352609
3601.49058003226,5154.97991733098
3818.83793636262,7063.95826078463
3909.12980931753,2308.90317009696
3937.98527273877,3491.57180145363
4200.2655081175,4596.15344485589
4463.11200498257,4911.91087856989
4206.5759318651,835.938118312891
4391.09514444035,4610.30471871725
4079.37178666299,2985.31469389949
4796.60542451941,6417.38382641411
3322.65065570794,1510.92868989819
3808.62356110648,4241.75084681201
3969.77742311904,4404.00548124369
3293.31611194886,872.821931947727
3649.89174475653,3787.09687992814
3534.95560481627,6870.55991419245
3150.3585436936,4641.05052408567
4375.68436828665,6365.72360028483
4463.92071847714,6920.11728115385
3557.03680033817,3561.07694206995
3958.46013178508,5216.98360577792
4236.67975648844,4458.33646114422
3792.78047645616,5507.16633099945
4431.04719794746,6440.34359802859
4163.63887653382,6822.36667827381
3428.2589765209,3988.16751221148
3875.68876621026,5859.06858593861
4674.49297612249,7265.08555567173
4260.19769543464,4185.14659707707
3507.3318804807,6753.48651771986
2606.2677375774,1485.2976359434
4088.9882629612,5806.10131422559
4582.8048836732,6406.86995342992
3604.58061308386,4272.72414830598
3605.4050564633,6004.21703400839
4416.86820184363,2917.51429423135
8933.28701767709,6746.55296015383
4065.86068073612,4618.48865926326
3477.49635217053,1393.45749234733
4294.99898296685,5890.15563549535
3990.02323742864,4952.71598752667
3111.04161932267,552.5750440239
3679.29646276919,6652.8943275468
4581.91182368929,5553.08629708367
8519.93334696514,326.214205547283
945.622834803456,538.082948829477
4501.17407483544,5296.09348058676
4221.84464312182,6878.63010667569
3768.37606232072,1018.87951880917
2726.97911392787,2679.38927907593
4111.17097516277,3070.96000805466
4491.62074241932,4078.52998812965
4009.64771989048,6834.64216623758
2776.37498398941,208.061008546183
5057.05531228015,6275.0203030336
4003.39857454505,4856.44284089691
3943.57418167154,6281.10096155647
3382.07264046938,15.6855620226714
4483.10419032619,3949.06735563052
4128.36445312398,5533.36601955428
4365.0302227258,4252.2647197962
3954.41835579011,5678.34363410227
3953.76749046564,4562.56605219444
3703.62984991362,7325.21388107633
3788.78937186625,1732.40198237373
1127.95665271479,5057.28639990996
4025.5362466655,5711.93102676372
3987.13266591394,5856.73865350043
4478.2599401903,5513.58823371063
5730.02041539743,7448.99376184466
5146.83589450272,4903.15862056527
3104.88596385488,2876.42502654527
4756.74034776536,1896.7594759733
4453.66889199499,5201.01363147797
4208.2305431388,5829.62982615393
3565.132928693,1562.87296904296
3529.46736379668,7038.78188193949
7886.02256033933,2258.32291628113
3134.75545865611,1805.03308044001
4344.92549434305,2654.724343658
8863.40871785666,1584.18487374064
4000.90394231952,4964.87772742766
4117.93169340039,6005.41033152936
4288.46562433592,5764.21623295536
3366.67357235216,2162.33413980829
4337.21396508719,6842.25778932498
2873.03994029351,1947.62388851844
4585.4823228379,6975.07366397199
4027.72145556009,2719.85356669964
5055.6221245848,5334.39782358358
4297.88974325708,4922.93598355367
3876.76248424825,4427.93147710886
4318.78894917,5566.55550542365
3854.63953485882,6709.55566274075
4072.02327058383,1397.54935690652
3728.86881362913,2473.77210712374
3766.62749366122,6153.11620816286
4077.01808331282,5102.46763786904
4230.83974981584,4472.65814567211
4233.4428344987,2974.28937748808
1334.7332890572,1306.95959629044
4173.91282030958,2755.60069256036
4324.91705624474,4991.9298921704
9127.33075241782,4104.61592862172
7511.86336550467,1172.66615967935
3633.17724206256,3472.19213382968
3799.62678843044,3921.04938949235
4093.72751602568,5524.61376154966
4365.77859512427,4114.04982929246
3862.69419162183,4225.95170603385
4535.67502822595,5224.42839534354
4011.90586580491,4318.41704111991
4028.25005834744,2228.31583903784
1314.19588680911,1035.53124148905
4351.74588661872,1113.39073331792
4026.67877574684,6048.60245838333
3716.32280000976,3890.07608799839
3693.14776253286,3427.80649802711
4270.00519164626,1650.05282490742
4100.4507242238,5242.1033220193
3928.07985148768,6542.12908572262
4034.7887114449,3534.02520018246
3983.26768162559,6403.17588994899
3703.49024114036,3139.10144048348
4097.5849213453,5140.7153182621
6886.04414155524,2053.33093581894
4154.08118341144,5633.95820972734
4152.54816037139,664.704046892491
4126.4167582679,5690.67620752505
4511.97079851955,6601.51826014682
3920.78390181353,1888.74615752145
4075.18546278284,527.512254670808
4385.33455705671,7305.43609523268
4803.2554428731,6684.3221984366
4259.09647362864,4516.64608611022
4701.46942993849,6770.99061087384
4746.05269348003,6656.30423229843
3570.2936527162,4577.34230611817
3140.16269078753,591.902591016592
4762.78650486596,4676.51370264471
3824.74406769878,301.20823736867
4263.05747067453,4569.95417915631
7623.66163699655,733.811492144364
619.326322408085,5153.2183023514
4125.64249319031,4992.15696544069
4599.12816001902,5261.5965262784
4482.44106192567,7510.2012138522
4512.97074607623,6340.94512823176
4227.89382639826,5372.87300010217
4574.78731950351,6600.60912135516
3962.751496614,4744.82554574007
4184.97773915326,6591.91394880955
4690.5775688346,3249.24127939005
4373.09940658101,5344.0025577761
3903.42030577061,2512.81560110095
4410.35410000698,5493.29963872264
4297.40447764084,5320.01947645192
4354.21321355975,7719.00121728572
5090.98286121446,5379.69280960543
3953.35940074264,2513.61120325747
4085.29592784987,6558.04197456355
3604.29733955278,3848.70266158301
3447.1776166632,4338.25106671206
2717.00913767408,1522.80658821132
2910.78543632137,1479.89862008665
3394.5921478595,2553.45029939119
4446.38439919781,3838.35919926535
3967.04496710561,5298.764234358
4023.55178897343,3037.82718478905
3840.47258228502,5960.05868290374
4285.39670819887,1160.16317559005
3770.97154667389,3693.21075119557
4362.5048660008,6695.74563306771
3979.34347406889,5091.44211003001
3842.05131383248,6778.9470552943
3771.37346813847,4279.94186460131
3370.09599875007,819.343216807486
4003.33614429601,4117.34598598131
3729.85007118385,4447.6521774935
8968.75082037131,1426.59042132676
4637.08524087097,5141.11322505417
3488.89557754018,6415.16721918345
3894.84736507799,4427.98856256787
3583.0884555275,2949.22653527808
3575.33750270924,4950.95394969184
3879.75039943963,4686.28884750377
4773.54106221905,5540.01499553576
3758.06354417576,2268.95053732809
4114.73896743699,4513.23618135859
4221.96003344983,6930.28990994972
3870.56072829641,5396.11735330121
2609.41431286369,4359.39256074321
3885.50047005424,5482.61493221667
3902.28652177831,5751.99740759536
3304.22586461582,5833.32388963486
3353.04467173178,4366.43986637202
4139.75089146632,5294.95684566955
4414.53895067915,5280.52141307889
4698.01718922828,5894.64508970517
4034.64047639145,3055.95646943302
3880.73798578051,4360.87001699349
3200.97345125148,756.032694204432
2140.19929664329,3166.09651976721
4491.52759431174,6051.89861507218
4005.77117647432,4621.21649849351
4784.50210222057,1817.19503176863
3047.00811352313,5579.68389243057
3836.63411801091,5358.55131557428
3834.20910081781,5694.37027100598
4334.72949352057,6646.98365683521
4534.77147358625,5577.69478132546
3914.61016445625,5632.08242382974
3799.07574975834,3982.0297682296
3634.85041479538,359.68811443049
4255.76511592325,7084.19061602411
3637.71888636967,5377.53328783378
3776.0928970488,6388.62670929555
3702.62614675301,2075.04053588106
3604.139149608,4502.72230837441
4407.36080738067,5461.13261685245
4767.55598295599,3383.0231668601
3690.47469290143,5261.99443307047
4590.3601052725,4116.60725785618
3923.07937470078,2004.56917101406
3289.86931167392,4880.08510088802
4371.93349074294,2811.57996223294
4071.61415094428,3270.26902535843
3041.94016738565,3408.54057846593
4068.69760383638,6206.765122542
4504.61045580132,6207.95884291822
4782.21261115126,6547.69893510115
4067.43793925315,5570.98829702972
3325.4397891669,6488.53683394723
4048.76499916629,4238.05678333108
9199.7032289429,536.491638802621
4967.84814027034,5883.10832986655
4302.85135051834,6988.03121745713
3999.91103968752,4990.39535046112
2902.353572505,3506.06389664805
4151.86576414456,6250.35515618804
3504.62487578068,3268.3367882847
4248.18717779963,5670.21677901528
3617.16686150516,6524.96623675695
4639.77087255408,6521.61299460908
4062.1846642789,4682.70810923036
4325.4196365196,5539.16251934785
3827.84049991158,3661.49872157647
4107.99251337145,1200.34319877065
3674.64188612052,5830.93687173767
1533.11448091599,9.49090106316732
2797.4433124755,433.114708939472
4572.79500185076,6423.06700100016
3286.84010154873,1424.9991112999
2847.60717176646,2357.60806087044
2084.1437287759,5523.53378923622
4960.45923319857,4688.67544254571
8388.82046974968,582.639048155477
3985.36171719095,6265.47223144483
1604.77953931091,390.604568321521
2756.78442991853,1655.73599949346
4091.41926119569,3361.37022940173
3736.58492193714,5560.70192017107
4283.95349167303,6048.7162064461
4236.34814095739,1324.74795388753
3644.23397814605,4805.57842835177
3734.24046598583,6304.23156669273
3629.03111508045,5082.40611615134
4140.43152296889,6999.22715596269
7958.76309536486,3905.42065938072
1526.14517816925,1870.44625078332
3891.00609936075,5763.3070941637
4211.15478287559,4769.1494483973
3813.88479069911,2659.55504205614
1980.97147416333,287.511797187675
3645.66571877849,4111.49240072873
4707.36699073718,8038.50895422916
3608.88971330038,4719.64874403967
8558.25913074892,2871.82161284505
3045.30117571405,1689.03944485323
4133.52425559118,4818.76347796246
3875.09335090087,4048.46624828261
4186.37455929508,5672.66045951623
4019.2022213109,6207.27677739685
3692.56701490436,4255.04964448547
3164.24870848052,6329.74918972619
4434.85892592539,5745.23468355111
4245.1532792153,4684.81096839824
4642.47181652706,6056.38849213726
8424.7057833293,3093.9202025244
4811.32385234158,3205.42396104609
2630.85581211476,2966.04877433831
5094.37305681056,2845.56547311408
2964.46034554862,2481.27398214838
3716.29642177786,111.390219408881
4379.64833582109,6177.04220402802
2891.81557088592,1481.14889735282
3546.40549954819,3795.96246314028
3811.86634136028,4208.16345415057
3626.11396568871,2804.64661609453
4182.83848734245,4256.24294200644
4949.21473165699,5444.42433728262
3596.6350818452,4044.26052994683
2624.26702430722,576.785357189085
4140.76197375802,6562.0772822328
3789.682494802,6011.88931969956
4060.77775333138,3685.99303490024
4478.31740569692,6362.3136955332
4870.68382247319,4188.89732316176
4861.25214795194,7133.23590527541
3860.56812753914,5392.76411115334
3751.27584854345,5199.30867910216
4202.47911023325,5724.77525504134
4492.35026799403,4760.96550785129
3803.89983899189,5967.1626511363
4177.69042467988,3886.09786578816
3428.92067931947,4572.0570383242
4967.44219374045,6787.01724777754
3961.1365651854,5289.33033368726
4746.78706113173,5572.46617613524
7647.17131834484,949.260630130078
4210.39918277047,4516.81649677676
4358.33301002882,4217.42694415478
4579.52165315867,5569.05627138361
4406.02465473671,5383.0460517533
4028.39446910509,5240.68252837279
4023.97069519846,3597.61967008719
5724.45514138776,6776.44671218959
3531.11291997203,5464.08795220825
3179.37516670399,4141.84072216033
2552.54590681154,147.933026711481
3485.74971077867,4682.9356053559
5334.38271791694,1827.1974613256
3755.60297730697,6226.42916032288
4013.27668050502,3358.01719868149
3652.05324241477,6375.55540774764
3738.44046006898,6723.93400987241
4079.47405595484,5787.80140748747
8631.75454166243,678.968857388998
3298.02390069742,1662.72632537707
3512.04459132056,5642.7100448767
3841.04383678372,1237.62486634065
4282.56947023494,4870.02579729966
4395.76294975884,5235.85182997465
4374.76246313565,4712.31770253682
4303.39279543474,5224.14423661424
3973.33866519838,362.927502801775
4111.91414435777,6267.12052121689
3670.24318920159,2333.34082081696
3737.54856337824,6097.13693849028
8075.01295043854,2287.25044406621
3896.39160524989,1792.5300963507
4265.29174896111,6238.53423762012
1500.85865975398,3553.63215250432
4773.99395691894,6736.60740462824
4501.46347998069,4108.65081343571
4822.05999577196,6870.44616612968
3952.53800940828,4799.27027370336
3500.91151795926,5736.1982668172
2119.8158888382,680.730630939291
3626.26297610212,2752.98638996525
4324.14753958125,6413.5760148704
3898.80747556969,3285.78400740729
4335.84034329514,5457.04064657945
3830.59325566262,4974.53912422394
4504.2506571443,2608.69062951101
3358.0017402207,2398.01547446277
4574.91122678024,4115.81186712728
3610.98558947165,5190.78391722308
6748.37690688355,2067.19783952337
3673.25072828108,4208.22011675433
3908.0868532472,4713.79515878709
2460.23122383498,3693.60865798765
4660.35636682682,4668.15935143217
4026.3345961205,5352.81147838447
3750.05556471687,5724.60484437481
5156.25668781042,3142.90904059956
5021.96186392004,5334.45490904259
4716.71916657781,6887.72318601337
3791.5660707687,5338.48979385658
4122.8964234253,5836.44963565719
4265.48976237376,7669.10260613601
3985.79938443176,2736.33477299918
4559.27536825305,4771.30897016895
4225.68124014791,6340.26306271038
3788.10504726979,1704.61130093348
4066.81550565966,4641.44843087775
3875.29102362979,1400.27730185059
4269.28090145125,5265.57474848863
3825.48796367517,6914.83201335987
3971.19322029739,5991.60030185631
8853.58398334978,1348.50364479998
4595.58531512728,6292.80855491688
4924.9863255994,4872.69697392616
4385.59490545814,5149.18341753741
3887.60780821053,6651.64394456682
3888.928051693,4430.03433627675
4311.13216639738,3578.12646582809
4063.58547820479,5847.70223676652
3554.861672183,2187.22657135176
4356.52403520411,3292.4902802754
3981.3840761212,6004.61451794521
4669.17130306769,5369.00852595471
5092.09383702524,8263.960997484
3848.21623736085,1295.30908838904
3212.97255428777,3769.30862804486
3814.37065608748,5935.90519091304
3148.1389772978,4448.05008428557
4177.04972286674,5242.44414335236
4517.57152979589,1856.01102962028
1848.50719595202,5215.90363346447
8734.84511772477,3777.32173506909
4047.81311743882,8917.86689621263
4189.44686536365,5251.5938852938
4140.70328497622,5455.90401166224
3449.20563480712,2561.12258508236
2074.11576970363,2199.78621804483
4353.74861195594,5375.26001799936
8222.24036798001,1349.41288930546
3113.7041311364,720.058177931984
4774.90246555142,4382.12525908741
8770.99202828813,2676.66143984567
3847.31676905002,831.789379722313
4320.31772905598,436.751951245925
4405.76372462354,4613.37380213582
4607.11823825563,6096.90944236474
3243.85168794399,3771.41148721275
4550.49289122002,4433.50132648739
4205.31370619624,4154.4003688534
3412.3944864345,3296.35475442286
3466.3169885074,3477.02283222782
3904.53312453797,4892.92890631039
4122.0279219061,6937.45096364129
4101.49652887417,4145.64853370404
4164.02252447931,5044.89716388342
4003.76539735308,7255.02667493863
4363.80143908519,5260.28948069466
4169.41685559539,5700.79217371717
4373.36521002626,4609.2247464038
4076.19283714696,2886.54099273739
888.288631586689,1702.50854747941
4454.67576286077,7578.57014240656
4630.87907206221,4935.0410608509
9037.29956125153,4628.71837351815
2103.84032909793,4649.12071656891
8468.2376181164,4878.66430724151
3637.58732976908,3370.63393083357
4738.49175541756,5351.33359927895
3615.65653219094,7052.30775288323
3748.66429535694,3438.54786713684
2943.12542175451,3940.31509762591
3870.80547658311,5322.00858755704
4241.57158549353,6279.96432663926
5079.65759722748,4211.00504144359
4246.07985082759,3180.64527756539
5277.30222270899,5659.58915796831
4762.83254974094,5471.81690050318
8764.25254291237,590.936472479727
3950.09619290038,1358.9037697214
3472.60626435045,2498.43704254167
4243.50839324956,3928.43751645422
4750.67568295428,7116.64137376835
4465.80999251681,7176.88302438046
3341.85577804428,3601.59789229742
3917.57856504208,3593.8689440025
2918.88609129547,2129.48547527198
3697.40440524978,1209.49315213971
8918.41567282103,1641.357546648
4801.75360406053,4793.75750978384
4492.88665016858,5287.05706385284
4245.35036427058,6124.41617650331
4469.68346640295,5782.62988775626
4744.74293536308,8187.29480317611
4466.42458825334,5003.06874521695
4631.28233827777,5010.85477897089
3520.52651874506,5130.42894140345
4542.55350750785,6646.81324616868
4936.47758920396,5411.00693243246
4207.31365502039,5663.11281078271
4495.33930538315,5825.99242527676
3658.37555273019,528.25103565285
3239.11427254751,2814.64883422388
4736.99161464727,6209.49296177226
3744.61659534217,2127.89405953131
9008.38030068341,2985.08740920157
3812.13239949543,4080.34868856824
4692.7842697719,6311.22178686252
3817.54692766904,2457.74547022004
4473.98741466888,5344.45712717193
4041.35609053431,5549.96055106134
3772.6594475716,2016.39030100962
3294.86793726358,1203.24166009505
3558.51934201997,5474.60182519244
3744.72511803898,5481.08081336264
3565.32861206476,3648.02951323649
3786.63237718241,6133.39550777822
2869.98528836483,203.912296384058
4329.22514375519,6328.83962807927
4138.81064985644,2344.82091805183
4090.3394184927,5503.75642624782
2756.59658794301,1988.82690426729
3407.39367185358,1220.2911838532
4564.56710371435,6937.39387818228
2265.56344385857,831.448399818532
3783.38204911659,4051.76240497147
2929.84952377934,2267.70015434811
3723.95895458599,881.403515001278
3035.04624786127,3446.16327879662
3436.31211129854,2385.05770955
4302.64472461858,4569.21545103117
4140.27066583113,5791.60921903117
3954.7795603449,4118.48262089852
4285.18232482305,4669.06849022384
4313.22145311232,5169.01744312957
3670.52360947933,4467.60037400368
4025.27606020531,1728.19647546558
3325.48848106809,2973.83459666462
4276.05125033206,5257.90246279746
4127.23417390542,3235.77207105006
4640.1295292122,5420.61166662498
4923.55002068515,5073.82426881326
4439.28405354444,5873.9015024661
3199.89153209759,5572.86408292732
4725.38469834877,4857.74988648065
8131.67515041504,1682.27640366755
3839.79110992882,1027.68843941755
7987.89827278399,857.363665359531
3765.4281646747,4653.26934944568
2199.17381292333,404.187366153558
4060.88742506759,6752.12238667711
4141.59206392861,5419.19087297847
4068.59606935817,5368.44020849611
4060.06427155135,6322.01981857601
3756.26361207589,3671.61468776859
8217.28774161506,2781.11810416619
3976.68856816431,5950.90851810705
3096.17087093403,3655.81554699042
4477.96224040245,4356.43722538742
3399.84530177666,1528.26237238564
3495.18477691629,5860.37563152235
2371.45349400678,1822.08260419815
4708.14257053646,6039.73687517119
3791.77094989761,5350.70861921658
4112.00363144678,2055.49045759058
4288.13084488977,6474.27223487835
2021.79913472897,3120.34696434952
3647.81446959109,4901.05576139739
3568.27323235132,4729.42388889872
3623.7281512117,1738.31254737151
4075.69007612932,6085.82725192194
4077.95049494707,6194.2621384527
4083.07355715606,5543.82280707946
3896.37649883798,4516.53233804745
4156.28804444116,1964.33237951589
4558.07418715906,6663.40820053099
7846.8978000505,2953.09100942554
4059.55422827182,4907.70516023411
4077.62966343476,4461.74636589584
2439.47149254909,2733.60693376893
4068.20583818352,5961.19531782095
4053.28449339464,4960.55868388436
4367.32991808318,4379.62449312745
4415.69125307501,2548.4489788989
4054.25910788283,5284.10172849705
2866.76274267318,3062.66274230113
1707.2700371968,31.9394406780585
4075.52622847362,4003.45542099005
4442.18588824576,4993.40734842067
3798.01973268664,7065.32239182738
3859.3627829253,3544.99364256248
2863.36436706219,1930.06292133307
1680.08081138936,2832.55083416993
3589.30930540691,1.30713023738005
4494.91665297771,4467.37287787813
3409.40002580459,908.341773110529
4590.88623995397,4384.62602504737
3894.74168707709,5231.30529030581
3696.1133468651,4351.32236825998
4051.62672886924,4740.90398613359
4920.54868524294,4763.40918835224
3979.9039961097,6288.43242591457
2384.01293260889,707.100571589937
4308.32975231913,5971.14087334654
4061.14049291804,5258.24328413053
4302.99003986787,4189.6360512869
4672.51569171047,4168.38123204823
3902.54447320693,5438.0590971752
3753.93482033796,4504.65433402051
2038.91079223487,666.011198190045
5061.61049090793,3814.31945533741
4236.346777526,4556.03040142049
2498.60514071374,555.132472587622
2078.90492498339,4729.87845829456
4072.45249732344,4877.47058686529
3096.38884478738,2454.84722032325
2939.11480911383,9348.48069631331
4403.60208345483,1077.35934301408
3652.92476934822,2643.64215321521
3499.07849513341,4962.26363626018
3559.12495985815,5063.4808064956
3825.53273702269,6480.29623079746
3834.9345145696,3168.59707429955
3556.62786758774,3601.14332290159
3215.10454503271,5537.34424176451
3883.44927765633,2810.95477074295
3901.49297662238,4630.65039916425
4872.06011548069,4228.22497586827
4435.05629575105,5617.53366603156
3849.99584043176,3681.95815008625
4474.45227779828,5261.02820881979
3001.18393900697,3128.36007137375
2771.08814342456,3556.30332913082
5276.26537468233,5668.68223730599
1894.11275359069,2618.12474160937
5025.12032157526,5083.14484427648
3432.20908450078,5651.74646161062
3477.47891555368,1218.87039020669
8482.46277849837,6214.15324950387
2647.83132590921,3566.64636859322
4086.8164465411,5640.09595370922
2850.08244227944,2965.82127821276
4068.9932344868,5368.49687109987
3112.98170989991,6219.77976148615
4346.09688593943,5779.5608043377
3867.57661505405,6385.67137393976
3930.75784444795,5163.73217533559
8770.22786408968,2637.84544199401
4571.90255443719,6556.10994891745
4327.99169652804,2873.29928052295
4172.96650162515,4947.71487846199
4434.05326231204,1266.49541438054
3600.90109372689,5784.39150273584
4113.00206809722,1890.73526862657
4043.94669965448,4924.86843205503
4868.76548946283,2136.53256947316
4117.69305922074,3220.20021496982
4193.59172424412,3103.69513595582
3998.96017985852,3238.15908894725
4884.74739823205,2785.89213996057
4092.26899346478,6164.99378933455
3442.38145607707,2426.26072529886
3856.54252102123,4203.73023968925
3061.93175400242,3561.47484886202
4326.22622286187,5180.09963357236
4184.81345226463,6833.73302744591
3298.14066672956,3082.95154871675
4211.32069490014,5432.77382938122
3962.12478587318,3914.34332805187
4153.36266977838,5474.26100385938
4357.00623055863,6321.56524918018
3653.70528779413,3352.39089812683
4139.04829955277,5304.39074634029
3659.79256500792,4536.02554230655
3392.60347200614,5741.99518946602
7661.74564927558,920.560598470533
3284.50448954401,1678.80973059835
4262.7880476522,5094.45410798956
4782.82636960428,6786.90349971477
4282.50715126009,3078.85978987137
4316.11043799494,5564.90763850685
2860.48024763905,5878.16388340563
3687.27309694279,6893.17886447388
2083.10966560879,3170.41556331051
3726.73825332008,4332.45414406324
3670.10089043201,4836.43798178296
4544.21004127305,7850.85086768204
3157.39034632188,4190.88643426688
3890.34067916355,4664.8061092843
3902.13218756439,6324.23642580667
3925.1159742909,3331.53356282498
4232.57489076454,5511.31496387621
3976.23783481705,5999.84090500608
4376.11388707808,1705.63429350173
3903.94259738449,4553.87087964884
4581.0187572916,6847.94096391103
4038.24631399096,6250.29849358429
4175.39036553334,4912.70626929878
4137.79611308902,4852.52170414568
4182.8422663763,4494.59545328741
3948.53111859322,5582.07048747251
3998.27898829451,5631.00287437154
3998.05814108536,3142.51134523511
4861.25599017816,2967.63997865135
3764.14356695055,6624.93302401239
4074.37076836347,4214.13078746592
8121.92269096413,91.7832670870143
4152.19637383216,5237.78385562075
3631.96703913515,4024.93773635427
3924.5016556342,4493.4588183702
4486.85323788175,5054.33106455416
4161.51755449335,3165.18716954792
4018.39713916766,6802.87347401472
3710.40950114102,6908.40968779344
4443.00342670827,4820.98008519311
3773.76645324782,3090.6807084393
4450.98061728334,6207.44718806338
3925.03292180929,5392.08204563197
4629.4607071335,4707.60075220145
4497.63371265127,4778.41293840151
4623.5632936674,5439.08198402964
4636.75473549965,6522.74962952629
4153.06080660332,5803.20306432881
4995.25027566796,3820.7413580486
3834.56624923733,5674.93372935065
4586.0671962413,6412.49604255695
1821.64440472461,2696.77983559476
3786.56405580316,6692.67654964914
4254.85383864247,3781.24329467556
5320.25097607634,6597.08546854076
3645.75125556855,468.179901421081
4507.09518612558,4836.83588857504
3036.17316895659,4216.63113057063
5021.27405194216,7660.40785644566
3632.91248181155,3295.27499353704
5340.45142765044,6234.72642607641
4469.81161666099,5306.77776423748
4087.76830822114,2925.58448671459
4158.30651516216,1858.90949094469
4250.97447176048,7615.16911017231
4290.35846118062,4928.61915813972
4238.99871146093,5229.03202047139
4408.22069150147,4246.8090413357
4371.90468007791,1767.75141287
3507.01008799546,7219.05184152474
4352.49389603597,4915.94576338388
3145.22533718774,4573.30742130418
3697.60173143625,5795.3032825121
4237.77424504736,4991.58864798209
4680.02329876148,4358.76758068085
3796.70192287085,1848.05458519982
8010.63660912351,2577.77420204843
8051.69100736303,2411.08677601068
4175.1979712295,2636.1404896182
3335.24965181504,742.506717546875
4698.12392550359,1958.36504620054
3264.46554269509,4040.2823077366
4571.26845859481,5634.5831897897
4260.75494115044,1063.15140654896
4640.40819096359,5369.86100214262
4071.56996844191,2672.34218487475
3872.31580991097,4612.80548467721
4712.36526058841,5050.63700107323
3927.70518144409,4251.4122436083
3514.62926652547,5487.67312674035
3624.22817682179,3001.22758274042
4020.3187625086,2773.67331460057
4169.76243515706,4949.87440023364
4090.60358855766,5869.46871086003
4591.41640083665,6348.84448719321
3630.84607120717,7202.74146874698
4012.90338768522,6883.23330894829
2347.71810126377,2509.06466358863
4025.49491217159,1244.67196054182
8500.55635584739,3136.54401191976
2961.08452765565,627.877107289041
3494.74603906095,3968.39014922309
3496.41419180189,6425.62442956388
4019.36025697412,5516.42982100365
4368.36435167467,5926.07338345022
3863.20083631604,5829.68648875769
3219.7662152925,5349.62864690313
4450.65349959057,3042.88516788511
4296.96972950493,5789.62010792605
3699.0818563376,2546.00529839795
4423.178689272,5170.89280617191
3858.71140289318,5943.5774766042
4692.93502336911,5570.8749718222
3374.78220155127,4370.47475118601
3862.25909737065,4982.26849537412
4142.26355798509,3153.08188082306
2306.30370691099,992.566399333004
3650.09388190552,5459.59807514317
3284.41467953371,5426.1244305445
4167.30993226681,4922.2539180323
3889.30767699754,2803.62351781247
4360.14122931738,5978.8131590377
2772.7344649669,476.249988190508
3712.05867565304,1798.55409226981
4210.4918260373,4800.2931605578
3797.70118388367,6573.10238721658
4597.87903939197,5227.09957197003
3312.60914440818,7396.99271438232
3889.56733981524,5680.21899714462
3568.08431777439,6793.89371988456
4205.95821598449,6373.50963403876
4926.48954550792,5920.787692801
3078.02088784133,8133.92962467101
4073.91016432677,6199.20658491361
4490.77390783345,5947.44195075166
2806.77560726641,8751.51986865269
3792.62888514854,9202.99142691047
4271.68586379074,4132.52014669711
4267.6669207489,3756.86230655931
4375.81938176898,6211.42541027361
3429.05022618316,3849.61180037467
3518.31063465774,2175.06440859552
4221.38867427912,3047.71586628325
3635.84761498026,5663.39696951202
4224.63603183566,5329.90836937375
4154.87364679017,4276.30446372414
4257.45588080188,5887.31404820232
4879.90195800439,5069.95979466579
3906.52458643229,4454.9836418516
4324.04467345426,5288.30744683282
3708.80284358728,2506.27995032699
4466.61946770763,5606.1106542557
4347.46672135086,4606.21274844425
4578.15746719312,6324.63433259875
3774.1565428336,4799.27027370336
3800.08918160134,3711.11275114162
3924.55634837309,6221.0868070699
4111.09246904711,6050.0799146336
3209.78597072014,5942.7250004163
5047.35929694829,3729.46932048351
2493.2636191783,379.181397974945
4087.59463284373,5837.3021118451
3563.71492425397,494.549842071727
2904.29089752236,1003.30755701511
3443.31813419149,2950.07901146599
3975.17299960427,2075.43844267314
2168.22739228917,4688.50503187918
4250.60959540796,4317.8487236613
4320.31428874639,4330.74919168743
2618.84740344823,2955.36427925996
3859.467318936,5330.59001203987
5389.55041746095,1884.37002851914
4145.09266380739,5033.58747731508
8564.089487241,2301.91294992717
4624.81347124841,4565.74846082053
2998.86421391878,5304.90240119514
4056.88329642439,4112.40196237565
4122.76224896407,6219.09769596478
1283.39850207795,1253.1967224209
4215.72672215363,5704.20207846879
4472.38601086699,5499.43738270452
4501.21593434614,4650.03027821583
3607.52855651856,3824.60583219606
3516.81753282593,5763.53459028924
4587.0169144449,5518.36226950501
3593.83811413263,3589.60656306296
4087.18947442946,7199.72904793218
3811.15950947752,3484.01326382523
2439.68958453629,4369.56561239434
3762.61827271144,3890.36024672769
3607.29888115948,3508.45091454524
4492.81402201121,5433.91046429843
4412.83082114003,2155.51433030503
4436.95081246922,4880.53967028385
3327.62545392914,4308.92605499016
3684.04182004086,4083.36068652779
4232.65930810744,5767.96738189531
4407.43485532435,5749.72413776094
4357.7176409315,6026.55182556051
3892.30391772161,5760.86341366275
8081.88293598787,607.360857604788
4506.89739074028,4274.54284874456
4080.87206025964,4050.90992878356
2638.05939868881,1618.3406895745
4870.86718433762,6179.20172579967
4050.6610772089,5317.29163722167
4050.53589391331,4471.74900688044
8491.48439824878,3996.35145275749
3163.45776671578,4573.47783197071
5475.98504462675,5140.20366340725
2768.41507581775,573.943769896061
3766.5234433272,5318.54202020165
4620.98460834255,6981.15432249486
4416.2712592881,4060.00300812124
3987.66367626544,5992.45277804422
9042.63454383748,3522.60197697898
3747.31157501657,2411.20031264583
3706.63565112205,4981.52976724898
4763.20127613439,5156.79861776956
3828.13344390566,3232.70319905912
4514.73593677419,6608.6793138384
4041.64435980499,1192.67091307948
7660.09908275871,1563.72544523087
3955.89012753167,6639.82302599889
4158.51990186751,4796.2582757438
3852.46727288098,4337.05776919109
3762.3994199675,5218.12024069513
4423.15652754373,4859.56858691923
3921.56009720282,4182.47542045058
4041.95767589167,6924.94797955199
4166.36222622382,4859.73899758576
3908.70096598232,8930.65403903124
3341.03268809799,3092.4425348465
4822.10466580075,5653.11016979812
3605.28245885888,2426.77216872607
3872.7753868116,6267.00677315412
3866.30646783944,2050.26206382799
4183.81424104471,3574.71656107646
4443.65029825264,5331.15832949848
3385.15890198253,3692.07411627836
4132.31585455829,4385.42141577627
5302.20932370708,4408.72243157906
3371.50253241691,3649.56405494577
3554.02893174477,5548.71059093661
4639.77305568372,6419.31585206021
2341.11158717257,2039.1798733852
4719.86952943232,6761.15880341102
2353.41841608012,3729.58306854628
3913.35847262654,4457.71148108185
8770.61657443139,3371.48640702147
4285.62107703244,3717.08008445698
8472.29599335235,3803.00976876908
8322.05553996655,2027.92706084825
3148.32236177059,2648.30244094682
3581.64908782817,5489.43474171993
4364.18408391208,4816.43354552428
3707.39365724387,3581.76386670526
2969.14688616433,832.926014639523
5401.63746490617,8157.34396568133
8816.97797508699,1511.66752373714
4164.11734654223,6862.37597364644
7742.29226463983,666.352178093826
3900.90654770898,90.8171287288086
4213.51493759159,8994.36225699874
3643.34611317541,4716.52299801734
3102.89596905925,4368.14481874783
3848.72069673027,4678.6165618126
4249.11177711536,6379.70404062441
4089.75963412346,2419.83882258767
4005.79480395239,6245.75195391545
4163.87336363689,5056.32017565928
4689.77726214676,6515.70232389749
3944.30861304435,2048.61377405594
3567.01177068812,5537.91255922312
3648.32625542669,4309.26687632322
7546.69843900444,1041.66898547094
4506.9029945844,5217.09735384069
3717.13813954005,4296.99138835945
3926.41199143759,4171.56364067432
2308.03718072682,1385.95572303651
3621.26598486325,4849.96427558196
4850.88525466787,4892.87224370663
4092.3533797929,6526.78451434029
5062.7321990035,5584.79874955802
3902.99422426275,2770.94526394269
3760.22093342303,3578.80853134947
4325.4610458016,5154.07077853931
3959.39228063891,6090.88544644563
3998.73067893729,254.549384588595
3806.22151821262,5219.37062367511
3845.55764642942,6853.39664237154
4024.95332108005,8063.74241853331
4063.31196347167,2812.77347118153
3930.52173557163,4981.70017791551
3457.01270931337,4473.68103252655
4133.96656497127,5179.36090544723
7300.82817382877,5787.74474488371
4051.29658318109,5384.01185314873
3959.32764761772,5157.87859008301
2647.95132990787,2051.62598344312
4381.06413832297,5606.22397946322
4671.4769721782,6547.92600837144
4096.00363999638,4849.33887266435
4385.40740013345,4510.5650047321
4043.68853550261,3193.83032717608
4026.07562561769,2923.82266030739
4445.46756025372,6734.16372412729
3490.57695259285,3668.94351114209
4279.76419657668,6113.61814478982
3756.14900522539,5540.29915426506
4630.61696731135,5432.48967065192
4376.02110850268,3007.53594881646
3345.32986069505,1961.43391819148
3992.79006355745,5872.8219530079
1927.59606435708,1600.55243769122
4145.45617603156,2550.38121597263
4836.18335261544,6541.10619886818
5301.48065339443,8924.06172565352
4613.50813491981,7870.28698648213
3172.05920913981,4502.1539909158
4575.70952710243,6879.14133867529
4020.13915761796,5873.1061117372
3948.64214313824,4628.15005605954
4321.09174329095,3426.27216774546
4809.97049620042,6271.21249148989
3766.3596356033,3518.22584797667
4364.80252740926,4869.40039438205
3952.04007131183,4895.82715620717
3897.10652191169,4346.83291405015
3708.27475371815,4564.38475263303
3862.9385514862,5296.66179804537
4213.91934590278,4268.06386057437
4330.74902140247,7074.35838570605
4648.63712094642,4130.24687686269
4514.09402489784,3809.54541954303
2344.85439843515,347.526110244965
4014.8187339968,3769.13821737833
4762.80357145042,3260.60762856214
4117.84340467592,6390.7862310672
3535.3495729345,2379.14725026604
3933.72990245549,6039.39563098288
4433.56567806505,3952.42059777839
3963.24279141315,5661.06661421859
3404.7786313561,2455.47220038562
4165.49085163105,3677.18411429187
3927.15259655879,5496.82286868179
3723.6471300385,4719.25126010285
4857.41502569527,4307.5619239474
4428.84729277283,6123.44995225263
3810.27926147141,7945.81654587281
5007.97965507434,5865.94505804563
4720.344231923,5038.2477650467
4282.83783808965,2804.24870930246
4143.37242603477,6756.78267440872
4209.75445916763,3865.92259600768
3730.07719886905,5561.55439635898
4509.32094836329,1333.38635811556
4720.75551418144,6525.13664742348
4626.47779537035,6146.40972386712
3915.48828450839,5253.64008185793
2018.27580729208,6481.66036184021
3774.64136342938,5815.3648042298
3725.63947731586,5033.41706664855
4040.60935402525,4233.45358105848
3509.76651766165,6475.80677658763
3335.02668922079,3892.34935783281
4791.01428605414,6948.70356475062
4774.17347479744,4297.55970581806
4083.77851636416,1835.04015768329
8024.91794024398,2048.61377405594
4205.00974514454,3261.23282005213
4338.72070885159,6886.87070982546
4354.47509886335,6586.7420062231
4014.0473844435,5774.38928460649
3399.47311366059,5494.26544011807
4239.19325486885,4637.24313539722
4482.5569151465,7173.75727835814
3931.86703033134,3522.71551361412
3920.7744078901,2252.52620505993
4224.30315901168,6349.52655271459
3584.32857507725,5368.83811528818
4187.56561708355,5462.7238211655
4287.58044748307,5775.98048891954
3628.67174118893,3250.66207303656
3766.20663649061,7476.32966246145
8154.86079956562,119.573988169945
3505.47167091388,6312.92673923834
4380.24308689112,6102.25179561772
4386.86066016073,4026.01770866772
4686.1410289993,4055.22897232685
4396.74327137822,5918.28734969629
3698.39386919709,5277.11150832726
4537.41128592687,7040.88474110737
3606.57963243267,52.1147071549734
3771.77177473781,1387.20600030268
2784.99609264999,5562.69103127619
2990.42290432236,2474.39729861374
3792.95080055698,4131.0993530506
3828.64472852931,6076.05210706289
4501.68640456226,5961.08156975818
4280.80343203568,5514.44070989854
4469.84329615682,7036.50861210507
4420.79617627559,5439.87779761378
4381.59219809448,2891.71272389622
4451.76182375927,4637.86811545959
4607.4737825898,5588.77697176825
2602.77672655852,6731.54963295981
2331.69887743348,1642.89198264347
5013.18656312457,3482.93329151178
4517.20525233218,5663.96528697062
3515.3171024194,308.028046871929
3890.79893024691,5406.46039276362
3641.31409755608,968.526549691256
3718.24125339767,5737.78947113024
3978.85658023815,1784.00533447163
3977.93546623258,4000.55674823802
4159.73239811811,4297.33220969252
4379.04058349075,6093.78369634241
3257.00938925223,979.097296706832
3995.17906749947,2931.55182002994
3768.98837903321,4112.45862497941
4069.64433787858,4651.28023834056
4615.23106766309,2258.89123373973
3267.41144394681,6011.88931969956
3792.07131979051,5163.84592339836
4126.70348682787,5636.79979702036
3768.9853590497,6459.78013968393
4219.37846384388,5032.28043173134
4188.33045296152,6973.87994359576
3306.38070780256,1647.72268104161
4490.62684031854,7554.52997562338
8456.16784161853,4522.10176457073
3452.07713714519,5790.87049090603
3331.87064985969,6605.04191296122
2517.07799795679,177.71285889953
4020.7909402598,2383.06859844489
4083.39913009662,5716.30715576603
4410.51187116004,6025.81309743537
3784.27507543967,4672.64922849725
4135.51663122558,4389.9679554451
3929.49463603795,4140.76074984688
8042.63312712193,2076.40466692382
4493.72938434639,6244.89947772754
4118.24839523481,4698.05268061269
4109.6259428429,1575.77375421053
2552.36216370671,1692.39247557348
5071.30834404498,5164.24383019044
4022.59048341894,4998.57929100713
3441.58360012068,6828.5044222557
3749.64334297139,5806.9537904135
3968.9258431551,2747.24655277544
3992.62337366311,4681.96938110522
4397.26668418183,6437.50201073557
4229.81941724328,5702.66753675951
4706.43714360617,6555.20038727053
3168.72458084804,3322.38360945591
3876.56594213986,5591.33440033197
4498.02322368345,5660.61204482275
8261.73628801446,1967.68541023614
3773.99845516719,5594.11890216599
3901.23807016677,5556.95119408638
4556.94508627194,6228.07702723968
3512.72876467621,6331.51080470577
4412.02663915233,6594.41429191426
4051.42989998933,5918.96941521766
3492.24235730329,4939.92884470806
4355.34839466182,4700.26928784335
4051.36650077882,4570.46583401115
3202.17368931957,7150.5129251591
3777.6069608073,6168.57410475271
3951.76622478584,3441.8440238257
3584.04453589223,4726.69604966847
4646.41247508372,6812.42112274823
3119.65421161322,2724.85467576431
4842.03042003786,5934.08649047445
3023.69080359822,4916.96865023832
4186.43513684716,2984.57575434672
9062.81717086127,239.318481983675
4343.18644133477,6288.6028365811
3920.74363681434,4123.99538481804
4574.61759973823,6468.24823895924
4964.46783592418,3531.69505631665
3228.64069740005,5487.67312674035
3261.53141116865,3224.0649005449
3620.83364647971,5591.61855906128
4292.26297393787,4870.36661863272
4348.18580155607,6116.51639468661
2628.38044436171,1932.2793171361
4058.37316754223,5812.12573299995
4089.01040937868,4935.95062249782
3517.32281420408,6925.06172761476
3849.88170036335,3787.83560805328
2709.07086964535,2934.67756605227
2738.51387454199,5524.2729402166
4312.51435427928,6263.19896161041
3788.69582791426,2777.3673780815
4421.3514668737,5570.13582084181
4191.94535953595,4743.23391857177
4437.24847652495,4838.08627155502
4209.6246472707,4966.18519586665
4420.82552738542,6157.83315849823
5017.69854631407,5031.59836620997
3872.37549784617,2545.20969624142
2946.41358618998,2280.08960180227
3992.06835680843,1644.25600797241
3548.87664894633,6794.68953346871
3860.01847506686,5288.53452010311
4585.09177813444,6311.44928298806
3183.79767798836,2978.55175842761
3688.07963570253,4954.25052923595
2270.12264176398,389.752092133614
3170.62376613877,4475.55681842414
2442.95580991097,1808.04507839956
4225.36705295476,4477.48884407025
3874.53942788517,5152.99080622586
3578.98889604563,3835.9155187644
2018.54279497926,830.880082359927
4125.72106960993,3499.64199393686
3931.9982257064,5185.72614555465
4914.59920591017,5027.4497333332
3455.3525231469,3792.38214772212
3672.91346747018,2553.56383602634
3936.21412066893,5046.60211625924
3812.78239416941,4298.52593006874
4349.29810689824,5706.64575896974
4385.20336030886,4655.65636734287
4681.93613322136,5264.55186163419
3565.45346764264,4884.51789249409
4037.00498624778,6840.38242628264
3994.54116488494,2053.38780985032
3680.44738474357,4369.79268566463
4054.79278587237,5808.20417339348
5318.06717250816,4503.63144716607
4205.23095881036,4504.93849274981
7933.72101658745,2538.73070807123
4340.21990437537,4253.45801731717
7955.53137375154,511.826703384696
3641.46120675596,5188.4539847849
4203.07742815045,6212.84620392012
4521.4011361815,5702.32671542645
3833.376334086,6990.41823535432
3902.05843507015,6223.98505696668
4301.12010079451,5064.50411620529
3587.55385249418,6400.16346913418
4037.87978887422,7651.20060618996
3204.84559197531,1741.5519357428
3402.84949295603,3659.05504107552
4537.71045079791,5962.27486727915
4134.57520504289,3763.11379860397
4163.58380524948,2127.21220543756
3279.91356693379,4787.39226967642
4539.63590978704,4923.44763840852
2818.31248590002,4278.40732289203
4214.04025530272,5597.07423752178
3881.90012527186,5195.5012904137
4004.81408252999,5289.04617495796
3693.65513991403,948.976471400775
4103.95365841637,6074.68839887539
3977.3874028362,4811.09119227129
4642.55245461522,5649.70026504649
3579.70711124855,2212.80085698898
4388.35748305345,4580.80887347356
8283.71114628527,549.051496923313
3985.29319607915,4224.01925753249
4530.85692466512,6455.40401068162
5091.65267099593,6940.23546547531
2818.22996270052,1036.44048599453
3923.31789390269,1677.21842057149
4566.86497503627,2283.32888445974
4371.60797857902,6792.81417042636
8451.233382407,6196.87665247543
4607.10667881068,4447.82258816003
4925.84366800782,4936.97350935226
3675.09681436233,3095.79556556674
6728.09882072285,3025.43794876251
3886.45543718191,1350.32223952475
4062.42710406335,6478.59127842165
4167.23787543623,6335.83027110431
4110.38949569772,3767.48992760628
3820.56991800278,4818.93388862899
4298.62667503103,2579.25186972633
4139.04879336997,5877.76639946881
4198.17487635895,4628.66128805914
4298.65855367245,5036.03115781603
5156.14014183438,8066.98148976316
3982.84392469742,3741.46107257322
3210.83785468077,4575.63735374236
3773.754924028,4245.78573162601
4315.94276951376,5058.65010809746
3830.07759930743,4906.51186271314
8815.32444092212,2510.88315259959
4419.29054203371,5352.01566480033
3454.88595537952,4770.00192458521
3636.21358612179,3083.34945550882
4545.74444062461,7839.02952625886
4468.93034746767,6678.07070639195
7395.95621921609,1178.91765172401
4953.18927070387,3650.87110052951
4628.46735331465,6216.25610867175
3774.58410224167,1366.34877071464
3561.52984984324,5305.18655992444
4253.17116647011,666.295356919347
3044.94069878538,1195.91040716458
2532.72293066336,2958.66064737644
2680.04132195502,2040.94148836477
4117.01096525194,3663.60158074436
4483.03466819808,5296.32055385705
4194.18983327211,5189.59061970211
4579.60214614381,3665.07903699463
4221.53084296701,4721.75160320756
3845.2948408211,6975.64198143059
8324.91061771338,1788.26771541116
3461.37582567145,2744.46162808618
8254.72388304574,2036.45182272732
4005.68637151998,529.501365775925
4147.98856987267,4835.75633911684
4055.89811032726,7053.04648100837
4477.77070074601,4640.25513335678
3789.06264117244,4024.36941889566
3922.49229171162,5366.67817066128
4385.62974881505,6541.04953626442
4367.54172648504,5847.53182609999
3776.20767502573,2087.42998333523
4940.9924190581,2120.27864787154
4451.83216060352,5457.66604949707
8274.40363139089,3425.36281752616
4107.86553281015,4816.31979746151
3662.37059607803,3627.96799151879
4171.8673842143,3808.8066914179
3472.79724837741,5054.89938201277
3800.95211362772,5246.82027235467
3573.80796913751,489.775964848065
2591.4920459897,1802.1346191156
3607.63516635187,7817.88845508296
7902.30060164768,1870.73040951263
6975.24692720632,5808.31792145625
4030.71085818608,6480.86454825607
8865.05063090339,4389.51338604927
8755.80954147085,3476.7955475299
3985.50697411652,5143.89772688818
4042.4970635025,5383.95519054497
3851.89820469659,5729.03763598088
3728.21573047322,2764.18232847082
4119.90287589359,190.670504884256
4526.14165964255,2798.39512404988
4254.27507778785,4880.48258482484
3810.96627650293,6414.25808039178
4055.50677994332,4108.59415083195
5013.40687904282,3294.59292801566
3471.69977600731,2373.06616888792
3677.78334361253,2043.10122156405
4024.57607874341,5875.89061357121
4191.1014800583,4615.47623844845
4220.02833490139,4520.85138159075
3679.74911143803,2401.87994861023
8401.65235987168,1404.19875574325
2563.00201632131,2227.80439561062
8007.01917833472,2954.73908776997
4526.72378537176,5292.56982777236
3746.33008695779,3638.42520189922
4131.98470638497,2270.42820500598
4446.76728185127,4855.8745234383
3746.55254315115,4732.60672038006
4115.33750095772,6511.04245902114
4372.98432077429,4640.36888141955
3243.18956160374,6458.70016737048
8543.27851817201,2369.20169474045
4545.39888495289,5946.70322262653
3551.78171858529,6067.64109324659
4212.65367915102,5581.61591807668
2913.87493367371,3678.15033854254
4456.89344298381,7049.86407238228
5027.39189553369,6707.9073729687
3446.41089641736,296.32071779605
3355.20058703573,4813.87611696056
4467.3567359528,7069.01645530832
4520.8331265802,4354.90268367814
4934.38330058877,2791.34781842108
4871.24854176731,5418.67921812362
4501.8317856206,7270.3145837172
1576.58418446936,4505.3934850009
3712.73117224755,1047.52267643733
3647.75392173736,6179.31547386244
3945.76858903587,5512.39493618966
3832.09213372605,5403.27798413753
2978.33018658842,1058.37758218221
3382.86507880677,4416.508465333
2396.86480269758,4059.71884939193
4111.79343849686,5542.62950955849
4871.93523944737,6744.67759711148
2715.54708813937,4812.2278271885
4060.61391761846,4732.49297231729
3614.1390497303,4299.26465819387
3877.66606978092,6144.81851955408
4655.35937164404,5109.17369930953
3850.35910197957,6469.78235781327
4442.25235982684,5359.34712915843
4549.69984596175,5428.17020425337
3745.48125925283,4818.42265662939
4083.41972388571,4265.22227328134
4865.62916636107,4375.817104439
4110.69735024709,3663.26033655605
8135.62237183882,2434.67195054278
3991.16887620464,3693.26783665458
3460.85205177878,4311.0855767618
4058.06999954561,5097.18237007507
4329.26378614026,3790.84760601283
1428.45106934614,2272.01940931903
3860.27960163557,5421.63455347942
4415.47771328645,4821.03674779687
3997.91457516882,3898.77126054399
4436.54732169223,5797.00823488791
4094.91113470526,1783.94846044024
3914.60768577523,6216.88108873412
4569.21103221665,6103.89966253453
4540.42600515834,7585.90076105416
4563.97380882008,4938.62179912432
3453.07328543794,2781.11810416619
3029.5666747555,3340.96767492334
4564.42438389268,6819.41134291802
3709.19006739324,5262.50566507006
4259.0289420578,3879.8463737435
1562.32219972594,1394.36684256662
4124.86406761629,5664.9315112213
4004.86773685786,6312.41550723874
4957.66496449654,5840.14369913812
3429.00009905745,7219.56349637959
4068.31701811078,2606.19007497867
3995.83688157124,4231.69154322366
4497.23271354238,6311.73344171737
3512.21241452418,4531.64941330424
3839.14904616582,3766.12579656352
4273.20573522199,4820.6388410048
5133.16265623972,6877.15222757017
4096.73883274023,7208.36798072927
3619.93314616685,5936.01893897581
4351.57945655006,6959.04702706828
4206.28906273477,3671.61468776859
4003.31063192635,4930.83576537038
4309.82579068578,2786.40358338779
4062.03222676884,5138.27163776115
3668.2180088446,4300.34420765207
4056.55310632793,1337.19406394545
4028.44370160774,5574.17112851106
3893.19140743305,1958.99023769053
3440.77275377007,4383.37564206739
4572.6306348468,4515.90735798509
3928.71027650698,3539.59462670573
3799.32261734776,6415.16721918345
7752.66598054652,7912.00165708582
4459.00566482193,6543.03864736954
4196.72032115125,4263.9152276976
3857.50736029483,4533.46811374283
3750.05824454644,5348.26493871563
3653.07763572558,4379.34033439814
2685.38682794885,1284.39741432659
3708.45233637137,1278.60059739158
2367.57366413101,2477.29575993815
4050.6244792117,6395.21944552852
3372.77793319354,4958.39916211272
4784.01385232133,5206.75389152303
4651.58204854607,7745.25714558906
3764.93261004709,4025.3923057501
8429.58679525902,2207.85641052807
4284.0088788952,5476.13636690172
3218.6395958245,1237.68174037203
3750.09333735519,4497.94827258002
4978.17288654717,6523.09045085936
3644.10093923821,5192.88677639097
4643.79504900611,6068.4935694345
4411.63447078454,5499.77820403758
3802.0162287223,6084.46312087919
3849.5557232591,4196.34211272739
4121.7743378458,6333.15909447782
3467.93887451405,5385.54639485801
3759.57107985149,2392.84374330394
4165.64203691415,6835.26756915519
3859.65172248501,5302.85620463101
4146.11909422174,6209.32255110572
4476.63661050843,5172.54109594397
3092.41400024854,520.919782722373
4049.7689772424,4305.51615023853
4381.2095572708,5787.34683809163
3987.40380893044,5243.29661954027
4113.66898947797,4744.14348021869
3392.99840898473,3281.52162646775
8114.24644280097,271.996735853454
8921.42389936029,2343.85469380115
3613.30524984716,3575.7394479309
3320.66192127327,2980.54086953273
3539.54303189466,1579.41094366007
3757.78781236151,3131.76997612538
4680.16172027776,7360.84704744665
3547.47042958646,3764.13668545841
4328.02818995146,5089.90756832072
3841.21942927355,5020.57283837093
4634.36957303757,5888.16652439023
4279.08118274128,7170.40403621027
8463.18130614047,1291.0467074495
3717.19522297797,5551.72258889617
3924.98198584001,2955.53490135412
4484.31696039781,4278.91897774687
4193.48629963268,4314.09757472136
929.734920623366,1873.4584601705
2550.50432360373,1252.06008750369
7407.69441945977,7424.04445626981
4743.92119995641,5663.68112824132
4285.41625599816,5585.59414028691
4360.28482959041,5490.74221015892
3289.27866823403,1319.80361314043
2492.00400799984,3524.98878344854
3866.05586522826,5589.74277316368
4356.63650203192,5626.05842791063
4463.66292278856,4172.13195813292
3352.65881317988,883.960943565
4070.07041620072,4856.49992635592
4453.4628836852,2876.99334400388
4514.69655508054,5391.00249617377
4468.76582385268,2068.73238123265
3587.47526535968,6423.80572912529
3554.19649662056,5196.75125053843
3816.79891564108,4634.91278010379
4047.91959478076,5261.65318888216
4318.82290362655,3975.66452812218
3461.21073968231,5141.22697311694
2806.4123385042,414.98539786705
4050.29699405274,2924.9592952246
8153.14296062311,3514.92969128781
4216.42573518337,7733.37914156212
4368.62763738627,5433.22839877706
4163.21546033479,3995.10106977751
3401.18637430674,5273.07662351326
4085.00124218719,4340.92224333856
4191.9466536652,5481.08081336264
4422.907076989,4278.06650155896
3589.59938981489,1355.89177176184
2025.56993564088,1944.49814249611
4656.21557628988,6917.90067392319
2661.85687693204,791.836694096537
4170.2554717815,5194.19382197471
3581.1875404269,6321.56524918018
3727.12219469554,5857.13613743726
4000.86946061629,4113.42484923009
3967.8265134998,4845.58814657965
2527.71540495898,3535.78681516203
3675.49459223583,393.275665662654
4561.52937025277,5359.97210922079
3202.31304538683,1908.75101663539
4827.27018758927,3270.21215132704
3950.49863289802,5685.2771916683
4059.22554023209,2494.51569436282
4121.08152011145,5827.98153638188
4214.9328455069,5312.5746868863
2136.03364469657,1304.85684283636
4452.92854269922,5919.65105788379
8293.18762100736,3505.72286388736
4134.47626002755,4652.98519071637
2753.83435326323,2122.38150703942
7964.24987469977,2820.90032626853
4342.62567555963,5213.97160781836
3568.90827063711,3509.01923200384
3816.01069139718,4791.71173607497
2830.33330018289,2599.31339144403
4307.95403554167,6817.4222318129
3932.39695086841,2590.39093420051
3992.61960371195,6374.2483621639
4195.95356128448,4678.78697247913
4991.03257007572,4178.38345017757
2990.65191571086,3174.39378552074
4507.99144646825,4376.49874710512
3677.90302789351,3532.88856526525
4127.38258463349,6529.05778417471
4154.32183883485,6505.81385383092
4093.65506826848,4695.1544307159
3156.44837226847,2807.0334225641
2662.13536275353,3485.77487880481
4568.02821469369,6113.27690060151
5478.18021412142,6663.52194859376
4516.32191536274,5661.18036228136
4054.15207322553,3317.72353315193
3519.57191591325,3640.13015427503
4063.47553165003,4726.18439481363
4307.93892277342,4979.65398135138
3294.45556019879,4710.15818076517
3949.53461278358,6550.36968887239
4166.02612050402,3951.22687740217
3764.32847009525,4856.04493410483
4044.36701497198,1928.64212768656
3975.71365547923,5248.12731793841
3062.3823124738,6218.98394790201
3676.73705331479,6467.62283604162
4368.10642153017,6556.56451831328
8535.51184760093,2002.7506820031
4126.75281258707,4015.95840507936
3996.17926845334,5411.40483922453
3584.57161567677,3042.3168504265
4024.47499081115,667.602508216901
4349.81214175888,4660.54372834477
1412.54796150723,2571.57958403516
4760.84483234924,6556.28035958398
3614.87417136387,1830.77777674376
3037.53020408811,8499.41441315768
3510.17889162091,1034.05357381116
3793.277801562,4515.67986185954
4075.19382685158,3645.86999146484
3684.59007863179,4568.98795490563
3672.02575396299,4506.87094125117
4044.37975151045,3473.38564277827
4648.13152626156,5605.93982073392
4169.20745666006,4056.8201766399
4526.11182635358,4782.90281546659
3601.72151805111,6368.79268370339
4248.68913819805,5848.72512362095
4102.09585884544,6133.96382523682
4175.4775820268,6771.10435893661
4405.52694870418,3656.83843384486
4061.11237673293,6832.65305513246
3462.43795511134,7115.95973110223
3647.45266545016,5596.16509873011
4793.93402185966,6672.89918666074
4751.95277151815,5248.24106600118
8285.82721372556,3825.3445603212
3711.37704417885,4350.81113626038
2787.26675078584,4696.51856175865
4142.35366546946,6404.93750492856
5185.86449875789,6665.28356357334
4472.44021426553,4613.31671667681
4786.07049690617,5402.93716280447
4062.08679014717,5403.78963899238
4376.93112136584,4737.20992265266
4155.71358816041,4033.40583562958
4246.53223815559,6717.11420036915
3701.89808985752,3145.6937538612
2290.65860283384,1677.7867380301
3652.19874533921,5952.55680787911
4025.76763586363,4646.44953994242
4548.09820726158,2417.79283745117
4122.14343119439,3422.63497829591
4368.3620992642,2815.38777377664
2519.54194442997,6257.51578702436
4948.75602335854,6408.40407228395
3583.60306556024,4346.037100466
4146.19982460548,4691.23287110943
2801.4465430799,1886.5866357498
4265.08578394531,6750.4745197603
3491.06105922499,4384.45519152559
3381.28388771508,1626.97919951635
2520.92554504647,6013.02595461676
3194.06820984378,3392.627689625
3591.56825565019,2596.07410878656
4102.9415688921,6311.84718978014
3793.56551810253,1909.09183796845
4393.58111043532,4700.26928784335
4010.34346504666,2846.75877063505
4210.71226216572,2087.14582460592
9446.77453524732,3282.03306989497
8739.3480172844,2642.7896770273
3559.68378834409,4745.39386319867
4017.60952826627,150.149462157195
4211.77708357557,3796.01954859929
4331.25399975109,5787.51724875816
3952.18821002407,4788.01767259403
4439.66314869776,6780.42493439983
2772.79387037989,3317.04146763055
4267.06073737936,5089.85090571696
4030.26503463308,3296.86619785008
4581.47951737962,5291.88776225098
8750.67049704313,2571.97727939961
4054.8239516555,758.590122768154
4171.80644582956,6150.72919026567
4239.64599729155,3846.20189562304
4739.69332069424,6916.76403900598
3848.88709180299,6502.57435974582
4592.24446601334,6021.09572424475
3788.45529576933,1038.99791455826
4324.28349507524,4621.61440528559
3184.35269010238,1511.04243796096
3402.94337891817,2343.57053507185
4321.62002393165,6472.96518929461
4544.8533117348,6059.34382749306
4002.16003854164,5591.05024160267
3918.64229770807,657.713773865795
4378.98862763751,5251.5938852938
3908.64247268287,6535.5367723449
3310.92738667587,3667.46605489182
4478.51337524096,5485.797763698
4017.9739669385,5671.80798332832
4285.44650111833,732.902141925072
8256.56009750494,151.683924581119
3819.85978625923,6934.32521761897
3674.40812570873,2100.27400018522
2336.10234771014,174.928105995211
4026.60547045485,6435.79705835975
3208.97790115225,3943.95249850308
4534.1064695037,6907.78470773107
3290.35152132279,5335.47779589703
4172.27487404646,6555.029976604
3953.1897480651,5246.19486943705
3815.02567516337,5267.10929019791
2960.85635395993,544.902758332735
4971.6850176976,7820.73004237599
2734.37845158213,3047.54545561672
4325.20630432602,1062.58308909036
8346.71085714164,1836.74511005911
1894.21150432652,1171.9273258404
4337.97462907427,4312.10846361624
8796.71194819677,840.314141601386
3974.84560898604,5150.83128445421
4670.52418211092,6174.03020606847
3693.6522412963,3133.02035910536
4454.10012285722,5289.2736710835
3927.16658148865,428.227189366852
5150.82389235926,5192.26179632861
3476.70681124198,4629.79792297635
4672.45490865426,6897.27083474688
3923.03686247214,2896.37301162783
7662.28115859253,5301.88998038033
4123.40180400497,5483.24033513428
4387.08833016792,2997.76080395741
5249.49923255041,3698.78017771885
2315.97020666794,65.0723465325868
7764.02672801324,3827.21992336354
3858.21565227362,3403.82362813056
4000.64175284787,4926.97129122292
4166.87789473207,4890.42814035042
8371.87469377466,1288.03460377613
3368.63868355965,1619.36368214276
3984.00282520029,4087.62306746733
4660.80689581346,5880.26674257352
3964.95648355735,4713.79515878709
3908.57678535202,1415.33771450362
7778.56546711002,1317.35982692567
2216.61162705957,444.935706792762
4189.07322681823,2643.41486851729
4013.89165090502,5006.64906063511
3943.02587033236,5182.31624080302
4111.85388453995,4041.07812132075
5513.37917890837,3380.35199023361
3945.62967340887,5700.84883632093
4279.71625418595,739.437792699027
4217.02268560026,2723.09306078474
3833.20936711802,4260.56198554973
4115.89697233304,5113.095258916
4070.90532243301,6493.59502847092
4861.06679191294,5946.13490516792
2989.01843286906,6075.02922020845
3254.49252305323,4491.35595920231
4014.81821885239,4319.95115997394
3680.56218163113,6379.98819935371
3466.93978574986,1350.37900784232
3596.20197235528,2266.44998279575
4066.58055099022,6509.28042118631
4408.45879913639,6897.66874153896
4366.30164750623,2708.31680686101
3726.13236374817,6216.19944606799
3860.95169485828,6866.63835458598
4035.17377013037,2905.75024969481
4242.3119238901,4989.25871554391
4159.01168057997,936.757646040771
4007.08678592407,5184.41909997091
4336.84066531461,5313.42716307421
3673.95339771982,3455.88154962429
4431.54713500152,6062.35582545261
8583.97464617921,873.219733025987
4276.81830642711,5091.78335421832
4559.64756429538,7237.86382597296
4502.84200539791,5121.10836594023
8924.95224147932,4232.43027134879
4569.32155857898,5288.76201622866
4543.37317614259,6315.31375713553
3606.14431972689,4123.76831154775
4555.27930350486,5459.82557126871
4698.83784450397,5797.86071107582
7757.92616314444,1019.05003518951
4385.26359976957,7442.40060275644
3827.2916323524,8041.35054152218
4801.09476569431,5846.90642318237
2576.07985069463,964.661969829981
4253.45985097595,5924.19759755263
1397.98743677367,3030.72321655649
5338.66416827008,8072.32384301615
3402.5477598157,2708.08931073547
1093.85508150975,811.898268671144
4035.67677773319,1989.56563239242
4618.47717952502,4563.13436965305
4367.74530061108,1938.6443458159
3307.52772772261,2881.0284402455
4279.74402134269,4396.50360621906
3800.64965935815,288.762100882296
4326.07198727115,4506.64344512563
4834.45145886166,6619.64775621842
4091.61553124806,6190.90931916008
4071.1273189448,4558.36033385867
3747.24620342288,2272.53085274625
3167.2425461763,3807.27214970861
4437.16846215206,5369.57684341332
4441.8750873861,5191.92055214029
4426.2356440001,5543.87989253847
8464.44658099042,4811.20494033406
4052.02114032225,5933.46151041209
3018.51542038534,5557.51951154499
3385.29492477171,3916.84367115658
3530.71126372363,5829.34566742463
4191.42794924513,5341.3313811496
3768.14575523384,5173.84814152771
4204.4161075669,3959.92204994777
4455.68980840798,5057.51347318025
4280.47168565504,6602.4844843975
8493.8994425997,2531.2859185056
3488.27153663532,6546.95978412076
3386.88660829629,5648.39321946275
4097.77050849949,2887.90512378014
4978.04593304094,4603.42824661023
5643.65760326294,7640.85756672755
3929.38010484068,5078.42789394111
4724.86943277658,5646.34744575387
3974.86903621937,6521.49924654631
3765.06397322448,2207.28809306946
1447.93503765896,1382.94361936314
4173.18845538274,4836.04049784614
5146.56556899315,4371.66804870698
4350.25214458473,6409.08613780533
3493.35572696321,3469.80532736011
5138.91800676004,6017.96997822243
4819.48842403542,6191.5909618262
3951.29732459777,5463.0079798948
4483.37061602407,5315.47293678308
3475.36127350534,1917.27577851446
4190.45531513787,5110.19658616397
4612.96842386934,5246.53611362537
4252.03625651115,6009.16105761405
4510.77074112782,6941.8270926436
3931.84359102705,2225.58799980759
1492.85989111851,2924.61826246391
3975.64548076091,6391.63870725511
4130.75532571388,4331.03335041673
4884.05308092836,5395.37820232082
4473.64962908337,4707.31659347215
3543.84455344786,5929.31245468007
4427.0308555649,3149.38781734213
4294.37709566088,6712.90848203337
3992.93328476036,4422.81661998141
4665.25372891546,4647.64326031864
2701.18811626408,1104.58181270954
4087.61647191558,5047.17043371784
3476.67629071464,2277.07739241508
4354.44098835376,3146.43269341396
2388.16580892833,624.694540092235
2800.19938702896,4867.75252746524
9284.96205809117,2461.78056646166
4092.91313365778,3284.13592906286
2223.71377456722,3261.5736413852
7970.02657690459,1821.40053867678
4763.2383188109,6495.24331824297
3361.16217334393,1515.92990467667
4713.47815208919,5936.13226418333
3164.99529539377,4722.88823812477
4241.40598456672,6650.10940285754
4557.42020395973,4989.77037039875
3612.01839277047,5187.99941538907
3386.94541171289,1203.75310352227
3954.53119674038,5404.35795645098
4053.43203533161,5208.2313477733
3730.23192341318,4589.33363535263
4084.96884570758,6325.08890199458
4298.39028289825,6119.13048585409
4401.2732666268,7939.96253776498
4143.1306786059,6768.54693037289
3831.7926370946,6106.11626976519
8422.9571863318,2036.79285548801
4234.31877028254,3100.39897926697
3490.27053219004,4850.9871624364
4139.49617386601,4671.2850974545
4193.7366008222,4400.31141776276
4738.05802960445,5667.31810626324
4559.57981191771,7596.98295149696
4759.64522547879,7129.76933792002
3953.10732061397,5434.5354443608
4500.80859800319,4503.00646710371
1043.14933210622,2235.07877450971
8780.04363996533,5971.25462140931
3934.60780895607,5061.77585411978
3923.54241079737,5747.45086792652
3307.20776344219,6362.99576105457
3714.06981694215,2403.07345755883
4552.88764911264,6518.31683792023
3620.52689829947,2521.85180640724
4885.08229758833,3893.25849662448
4242.95576806467,1584.41215843856
8476.04732230662,5470.68026558597
7824.45221816764,87.520886147478
4287.1491102806,6522.01090140116
4451.91444911185,4967.37849338762
4279.99535843975,7069.24352857861
7678.74686621375,223.860241823933
4185.15055527188,5359.23338109566
4233.42796589037,4698.393924801
4080.39298507882,5061.32128472395
4579.98221540495,6256.6066482327
4342.3079077945,6370.83845741227
4177.95750789801,7388.41044418898
5067.32614150942,4513.06577069206
3334.68606235652,6379.1357231658
4166.22321118839,6656.36089490219
4754.65844064367,5523.30671596592
4157.74551789114,6080.93989092004
3303.06858234201,3265.21104226237
3486.20972967894,1862.09211099841
4292.82777075806,6068.66398010103
4039.96580538024,3263.44921585517
3829.62718736072,226.815497894369
3507.63967572989,6876.35683684127
4457.38721549961,6876.01559265296
3631.65969866151,5336.4440201477
4006.06824466313,3302.20833967544
3946.0850626645,3418.65675608568
4148.60693547904,5667.71601305531
3689.17603678897,582.980028059259
3113.06988788981,4906.0002078583
3248.4002455659,2475.93162889539
3758.9847823458,5696.81395150693
4476.92509907688,2776.74218659151
7275.12943971157,2082.826569635
4575.47265326665,4887.8707117867
1190.48088022284,2657.50905691964
3634.48803700936,3945.94160960819
4210.98340960426,5280.23725434958
4106.1577994346,4602.23452623401
1471.34344730834,2689.50545669567
4747.17523985913,1331.62453170836
2900.96124521554,2893.2472656055
4451.32344666734,4952.31808073459
613.196089411832,2404.38050314257
3930.47454670838,5284.55629789288
3302.04116620613,4476.46595721581
2995.01650049841,2751.50893371498
3719.16254376259,3788.40392551188
4821.62846577646,2865.8542795297
4100.14074875196,6836.6312773427
3464.50814697358,6709.66941080353
3704.28260012569,2566.63513757425
3406.05254509685,5123.09747704535
4098.60173161608,6314.17712221832
4107.80454548786,4837.06338470058
3647.38032063754,2586.98102944888
5063.09635887221,5548.02852541523
3434.56112957843,2882.96067731923
3562.23316478464,5271.08751240815
4485.11613971612,6593.10724633052
3936.50612831919,2836.24489765086
3888.97368137781,6826.96988054641
2258.8656359674,2518.10086889492
4253.80766999847,6940.12214026779
3734.66275716703,5223.74632982216
4050.11207283893,2236.49956815622
2431.37765856797,754.61190055792
4105.79178694397,5130.82642534027
4917.82100171332,5495.68623376458
4274.05580452589,6691.59657733569
3951.13361070635,6056.10433340796
4503.59871941135,5416.51969635197
4134.47746187106,6293.71769370854
3760.20118073559,4305.45906477951
4094.98204431701,5981.14309147588
3854.14820980839,6036.55404368985
3486.10574046186,4629.22960551774
3748.17267137806,5167.88080821236
4630.54918174495,5736.70992167204
6809.04477177967,2896.88445505505
3471.07330703717,1482.45604865037
3773.22506458618,3875.12942340813
3888.76513013016,6264.61975525692
4238.49074042981,1639.99362703287
4736.77843996379,6380.7273503341
4106.55634205921,4898.1575115006
5305.59095229499,1573.89828545437
2322.62165951947,273.247013119622
3300.97647801434,1095.37498530909
4447.52177346783,4798.24738684892
5166.48872879242,1497.2323025741
4042.90374735156,4985.56465206298
2943.17670773329,2198.36542439831
3882.70142241029,3612.62342013646
3621.66241330425,4657.64547844798
3145.76365066342,103.206444040703
3350.77089398841,70.6986867299291
2391.9305815938,2321.40615418626
4560.30836682638,6965.01436038363
4027.32389783207,4430.43224306882
1914.31395158813,4353.99354488647
3343.22186374095,5258.01621086024
4047.9641954209,4166.50544615063
4286.63144195886,6150.72919026567
4505.09899938812,3563.40729736338
3622.44242251801,52.1147071549734
4616.92362842674,7584.36664220013
4895.98560408437,6025.4151906433
2808.26393923975,445.958699361014
3989.08566586836,5308.93728600913
3631.9105106988,6159.76518414433
2677.30633097449,4044.60135127989
4096.5383566262,5577.01271580408
4345.62177498289,5464.25836287478
4110.15800403592,7391.65036112933
4705.98151547584,4103.08138691243
4293.5628299215,2794.70106056895
3608.45179565266,930.449279964732
4362.72025744173,5657.42963619667
4298.0824070626,6029.05216866522
3276.97247547867,5076.15462410669
4154.83414183676,5570.70413830042
3966.03844133105,5096.78446328299
3207.80306836006,1977.46055509519
3310.45903274372,5408.39284126498
3362.12462585889,413.394087840194
4414.65603323309,5387.02427396353
3101.81951439733,3903.99986573421
7932.1516271433,5861.91017323164
3638.14705944653,4860.25065244061
3544.29427103959,4115.9251923348
3459.28628191527,3787.66519738675
3035.38182670064,2337.8873604858
3902.51849272301,5266.7680460096
2994.86431374384,565.021206938727
3872.90438907166,2865.8542795297
4124.7542354657,4942.54293587554
3598.9669564018,1665.62468098766
4521.79715818277,2634.6628219403
1862.12080230878,2742.87042377314
4488.55969095693,3507.48469029456
3731.9622778591,4409.97281455905
4241.22601332577,5040.40728681834
4226.83323311963,1719.78535593547
4125.04672440442,2933.08636173923
5669.12644053687,4033.91706762917
3739.18689495053,2251.50310677787
3478.43136331041,5212.20956998353
4692.18658015367,7471.21480533401
3724.83299099322,4513.29284396235
4121.94837805006,3427.8633720585
4061.84500925422,5734.72081056692
3824.8703201374,5775.92382631577
3877.16444184635,6233.64645376296
4477.87016688278,2449.90277386234
4271.02444823672,7081.34902873109
4285.14045511493,5569.90874757152
3837.90864158143,4338.93313223344
4237.09490525195,5699.48512813342
4205.12932728037,5907.60306604557
4002.17671563211,5002.15960642529
4687.22555111831,4320.80363616185
3545.40080513192,6469.83944327228
4054.77048606997,5296.60471258635
4058.60368498905,3952.30684971562
4554.29008062732,7115.50473885114
4130.1386041158,3980.09731972824
2208.35718721235,3554.54129129599
3538.39124793369,3849.15723097884
3488.57060116331,5742.27934819532
3341.38360007062,6177.38302536108
4742.08312697633,5319.84906578539
4421.92258677134,4754.03195028526
4332.5637131828,6927.56207071947
4063.82360540674,6159.93601766612
4255.05555255404,2910.46720003018
4020.93341327964,4387.92218173623
3856.29138022413,4222.03014642737
3651.85842941972,2456.26801396977
4721.2375944815,5334.68198231288
5341.8294510353,4978.11986249735
4549.88658102223,4038.23653402772
2817.1301411975,2037.53158361315
3934.6746549607,3194.96696209329
3923.51799759921,5061.37837018296
8853.72834453823,2526.000439284
2094.36346961958,1672.50136452231
3318.917414642,2006.72890421334
5523.60687878078,7507.92794401778
3817.94821509395,2281.39664738601
3742.17870656516,4568.02173065495
4745.46972664649,5746.25757040555
3757.87823310354,2823.79878759294
3491.43481484885,3972.70919276638
4148.27299825418,5181.17960588581
3206.42791096934,4138.77163874177
3818.19360823696,6346.28705862949
4100.0279275956,6520.70385581742
8565.75411199883,5140.60157019933
3353.46830414726,454.653924763524
3411.78282685531,1762.29552298187
3572.32429942036,3928.49417905798
2698.12970107899,3845.86107428998
3916.89901395973,4258.68662250739
4453.72046661786,5632.76448935112
4430.64893040209,4768.92195227176
2174.65299038374,3236.51101060282
4519.43522138981,6068.55023203826
4606.67732960687,6939.49673735017
4326.76144438015,3300.3329766331
4086.80160279241,5558.03074354458
4543.31083190557,4965.95769974111
4576.08549604584,5902.88569285495
4511.07171980596,5522.05633298594
3928.14523977496,2315.66631699645
4418.10314322494,5716.64839995434
4682.6265962151,3642.40342410945
4205.68836465191,6507.3483955402
3890.47799279772,7048.78410006883
3765.5559582507,3581.65011864249
4720.07756876505,6249.38893193737
4737.28549410908,5402.14134922032
4205.15104970748,4955.78464808998
1250.46782537874,1363.79134215092
4576.79092265926,5392.42328982028
3900.28508001631,3307.60735553219
4405.11159308963,3296.46850248563
3548.66220675842,4740.50607934152
4205.96116158665,6325.65721945319
4443.71899701698,6660.05495838312
4425.89290764268,5323.82728799563
3335.24727088345,4826.94741850847
4408.12395824966,5108.66204445468
4538.21234205426,5849.46385174609
4121.11817408414,4957.54668592481
9112.57144133313,3676.04747937466
8809.04846347983,820.138871820914
4106.37697442546,6112.7085831429
4186.43964980906,3665.76110251601
8182.49866410854,658.73671357714
4838.79455307148,7775.32130829136
4083.63563501344,4531.30859197118
3660.28869770665,4383.60271533768
3506.95745794766,5320.24697257747
2795.62941305099,2562.77066342679
4454.20431206411,5456.35900391333
4452.56440753372,5827.5836295898
4391.30338450176,5633.27614420596
9300.23706005295,3486.62735499271
8244.76268931295,2790.89324902524
4243.93688338356,6583.38918693048
4726.98547263955,4654.12182563358
5000.25340325322,6432.67131233743
4036.28887367318,5345.25294075608
4583.29550900036,6764.62537076641
3702.11207886494,3747.71256461788
3809.23697920632,3568.97672388665
3422.38643963959,5201.97985572865
3705.09460117641,5188.96563963975
4191.47992590651,6222.79175944571
4619.14504163501,6228.36118596899
7767.45467189118,6299.57127896112
3477.73142187299,1636.24268952056
3639.71435701623,5945.50950225031
3545.37339846396,3258.33435872772
4398.86111551639,3800.73649893466
4361.72585366521,711.760753607734
3550.93447767457,5663.79487630409
4216.53985539925,5529.1603012185
3002.64942420067,2142.72718748643
4445.64065244366,5836.84754244927
3110.26985410465,5272.45122059565
4606.42415415957,4370.58849924878
3853.35813121066,3241.7962783968
3751.14552676413,5170.04032998401
3882.00023923338,5425.44236502312
3856.94477773133,5428.90893237851
3798.75718462523,5112.98151085323
4106.05596274243,8347.27616777337
3825.42555429894,2415.34915695022
4295.68069833382,4772.6731012117
3735.26157917649,4080.91700602684
4173.70712041515,6462.05340951835
3740.62392532047,6337.42147541736
7266.77397550646,1486.71842958991
3500.80198607995,5376.22624225004
3597.98349002604,5959.94493484097
3546.6657026686,6194.71670784853
3824.83002393171,6821.57086468967
4146.65156092309,6485.52483598768
4517.16349353266,5270.46210949053
3400.78052987188,2984.00743688812
4399.49405675079,3153.47978761513
795.759301089476,2283.72679125181
4174.06950172417,6475.18137367002
3930.67108063951,4022.94862524915
3690.97426844332,6080.59864673173
3879.6843173819,5924.70925240747
4738.08997891864,4486.24110207487
8642.40293150446,1029.16600138163
3536.02255885624,2684.56101023475
1183.63548299351,1425.22650171163
4163.38912723555,5449.59585701383
5011.03406639442,5411.97315668314
4475.55635005877,7005.59197321486
3858.3818266675,4867.58211679871
7760.21967963805,7876.48181592302
4216.28789637323,4123.71122608874
3621.10547945718,218.74538469649
4495.22894673597,6825.32201362961
4573.91826687836,5900.10119102093
4047.54315052873,5143.89772688818
3773.55090293812,3858.59113164958
3599.87254458204,1357.08517499662
4832.62398596701,5483.01283900874
4390.72670785366,6440.85525288344
3130.53937012903,3131.37228076093
3180.37377324816,4356.26681472089
3357.55935511791,2355.90310849463
1711.83668779623,288.477942152994
4452.48195221599,6433.6375365881
2085.91620473773,1341.45644488499
4176.00814504983,6819.07052158496
4164.37333106866,2129.08756847991
5357.55749798661,6278.60061845176
7594.05421329023,314.791035200707
6458.3259082629,6301.10582067041
4109.77296446631,3715.43221754017
4468.29538663685,4582.79798457868
3498.46231334172,3884.4495760161
4163.80158009324,2810.89810813919
4587.03025393116,6934.38188022273
3742.05593245041,2255.31091832157
4552.44110654431,3515.66841941295
8338.03853141884,5602.92782277436
4152.18161451877,6631.69617091189
4730.92760454949,3724.35446335607
4162.88222294022,4174.1777318418
4341.55839505081,5405.77875009749
4199.76375011327,6690.34661721096
3763.89660640777,6823.6170612538
2966.16850742065,5649.24569565066
3820.41524134359,6061.78750799401
5287.46996530344,2213.99415450995
4833.55568185159,6694.8931568798
3688.88936504323,1914.26356912728
4228.15404414161,6852.9420729757
4955.88679763958,7004.91033054874
8141.44732450527,2214.67622003132
3654.41833034097,8105.05875948968
4908.17454484039,1012.45751038417
4040.79819001143,6254.56087452382
3543.4056186767,6313.55214215595
4502.59627949426,6294.11560050062
5106.90732401781,5814.62607610466
4514.76769372833,5293.13814523096
4786.1335012931,4714.81804564153
3322.02308578449,1755.2484287807
4468.82029582864,6145.50058507545
3680.26450254595,2718.43277305313
4043.30275886159,5592.81185658225
4130.38236263666,6037.74776406607
3394.43910208044,7244.11531801762
4079.47515011455,6381.69315172952
4506.54633868906,4705.27039690802
3476.26030819864,5805.47633416323
3926.7769117452,5184.75992130397
3571.08606519134,4834.67636680339
3496.04469182865,3516.74818029877
4406.17420818848,6283.77213818296
4058.63371803472,4860.59147377367
4839.371437363,5284.27213916358
3429.70023395798,5344.45712717193
3924.60591431253,5397.65147215524
4061.75068822276,3805.11262793697
3599.43660228087,6294.17226310438
8367.23557757758,1364.01862684884
2952.17211819783,3444.62873708734
3824.54348787195,5261.48277821562
3345.94525566955,3016.91318688344
6615.16953894239,369.690491130554
3610.885378575,3134.55490081464
4161.96417123501,5417.77007933196
3078.39065895401,3679.7986283146
4061.09143047733,5452.55119236962
6633.56119949621,3110.79910418838
8373.69783331257,1183.46419139284
4220.20853712612,3737.59659842576
3625.25832293905,4938.62179912432
3260.43447637154,2450.52796535233
4206.61287832072,2319.13288435184
4199.65768421833,289.61455064175
4202.48986961764,4185.65782907666
4612.76841504419,791.325197812411
4607.03137827955,4586.32163739308
4383.20526753658,3902.863230817
4198.26009058273,6643.68750014635
3147.60910233795,1035.19020872837
4513.12641846307,3533.05897593178
4315.59869227492,1770.02468270442
2346.12401611368,6740.35855356819
4548.62605190954,7025.19892553673
4364.57935200664,6755.30521815844
4785.50720720477,6565.43010152542
4864.72118144118,4267.49554311576
3288.80910561516,4932.48363228718
4681.68058539637,6660.50995063421
3588.40353075098,5036.71322333741
4698.57770929713,3916.95741921935
3951.90690689903,5253.24217506585
4781.56282591685,5433.34214683983
4452.09492765477,5506.76842420737
3619.75622496457,1785.08509535745
3691.16026480977,7152.04788972363
4891.17040813,6223.58757302986
8032.41234011883,1628.45676148043
4564.52494871532,4519.26017727771
3577.88329145759,2745.65513703477
3380.26931746832,3021.40285252089
3965.13080224927,4397.92439986557
4555.66321226825,5100.08061997185
4640.91908569833,7209.10628599916
4296.50655068415,6469.21404035467
4150.04930897827,4048.35250021984
3689.95272931528,3884.90414541193
3743.65712048757,6447.84547305323
2236.84603343728,4687.76630375404
5097.78140377827,4917.30989442663
4435.94500284855,5360.19960534634
2338.20059393228,2420.91858347349
4583.66050310752,2536.96909309165
4347.58523948032,2913.70669411528
3926.78426188291,6299.9691857532
4056.60048574274,5653.79223531949
3780.22658733861,3761.06802489509
3634.15730049368,1779.34504674002
4371.81037455075,4315.00713636828
4574.94751261003,4994.99855273372
3199.27038435308,6251.20763237595
4476.00781608124,6550.4267743314
3424.02623090425,6783.37984690037
3763.1456381784,3765.1599951681
3175.69038246361,5162.08388556354
3537.95111494169,4441.57109611537
2909.03298939181,2105.21823521851
4179.85643695896,6216.02861254621
4854.96916375271,6976.83527895156
3294.75439706554,4028.12014498035
3555.22642843357,3077.77981755792
3872.18294108359,4868.43459298662
5005.5155518655,4721.63785514479
3427.17890797619,3980.04065712448
5113.03802800958,6129.75810690105
4941.46326730593,2951.89750047695
5015.42511633618,7232.29397659443
4257.54356783344,5800.87270903538
4646.12620884249,5748.01918538513
3667.53158002847,2254.57219019643
3079.00153236867,721.024349325756
3634.34570455664,5052.51236411558
3879.34381738999,1665.11323756044
3987.30167302767,614.407951805963
4151.5528757999,6367.82645945272
3704.43148347582,5905.04563748185
3211.95436784749,2787.71062897153
4373.50215201955,5230.50947672166
3482.28090361616,1991.27058476824
4151.8532024362,5420.78207729151
4647.24862746213,6031.04127977034
3770.40789400682,324.395584394057
3308.28685625,3222.3030741377
4363.96575178277,4392.01415200923
4229.89184128686,456.415751170724
5339.64069283276,2313.39304716203
3793.99787980284,4329.55589416646
3657.03446188895,3099.31921838114
2144.6480059047,1429.77304138047
4190.34178276613,1493.53823909317
8250.54947930357,4127.8598589655
3759.58472272815,1674.43360159604
3958.55913869811,4961.41116007227
4765.05764460213,4844.67858493274
3578.55950071705,5559.05363039902
2513.03733080878,1961.3770441601
3846.0154325211,6518.9989034416
4234.01796870536,6339.52433458525
4805.94633708148,4148.03512874597
3905.78228280027,1501.66519989398
2625.84153354499,278.816545356712
3588.80477779111,7535.20718203081
3594.3506887414,4175.0302080297
2370.93628647827,1431.25060334455
3651.25811918264,5925.78922472092
4886.7853666178,4833.88055321924
8101.00852654753,2209.56136290388
4781.99066688669,4970.67465007648
4461.76316143797,6956.31918783803
4255.09550066913,7530.60397975822
4584.99683725487,5649.7573505055
4060.69058990669,7135.39584990231
4424.23363371805,5217.83608196582
4553.93787962469,5788.93804240468
3549.91005174217,5761.48839372511
4435.27602328942,6018.14081174421
4602.89853036114,7171.71150464926
4007.32271548309,6065.19741274564
4153.43773171061,4747.66713303309
3934.45479089848,4772.27519441963
2610.5802674735,3250.66207303656
4377.2277403367,5249.77560771047
4404.75403392392,6289.51239822802
3709.97643191628,6813.27359893614
3916.18624749269,2607.61086862518
4003.10583147386,5000.45465404947
3876.04473286484,6936.93930878645
4458.10338582601,6540.53788140957
4645.23162695382,5279.04395682862
3240.16552352982,4135.87338884498
4409.48704927692,6146.40972386712
3898.17676845641,5258.30036958954
4287.30618958527,6254.73128519035
4239.58585866248,5207.32220898163
4334.54228111206,6450.57331228348
3750.99697701813,5496.53870995249
3222.43008120847,5148.21719328673
4983.12360795364,5997.79470844195
3785.94515829711,6696.20020246354
4804.01323213484,7027.81343955946
3796.97437296795,6460.178046476
4488.18036656651,6038.88439898328
3843.14584482132,6418.34962780953
4964.88590724251,2667.45461244522
4198.01866817453,5485.62735303147
4740.89441448916,5975.11909555677
4342.03105628774,5137.30541351047
4726.41684633927,6191.25014049314
3652.26998778772,6880.73296584358
3899.55708803767,2680.92382078521
4477.32312527618,5521.77217425664
3914.71943425919,5544.61862066361
4625.04761670845,4065.85659337382
4449.59054600922,6434.60376083878
4062.51649457445,5607.07645565113
4435.55110691181,3446.16327879662
4961.22587404802,3172.97299187423
5337.10003919542,8491.57213965524
4621.99093046121,3392.79831171916
9210.8922179635,3410.4161529359
3074.53472010272,4457.76814368561
3758.37866003831,5811.21617135303
4744.37216837539,5516.60065452544
4071.15269389426,6282.80591393228
3257.01789008237,4234.53313051668
4288.75620428518,5252.84426827378
2470.94569746638,867.991233549586
5345.8743636757,3463.55383531546
3493.28749949364,2871.4239174806
2558.26533021265,923.174795351828
3793.53702474249,6540.87912559789
3754.34088340805,4319.09868378603
3905.68655419569,3321.41759663286
4162.20571403069,6113.95896612288
3732.60966115709,474.374572291256
3674.41525248923,5579.85430309711
3465.74148008882,5640.26636437575
3903.06829352143,4017.77710551795
4229.46083539491,3577.21732703643
8040.52005429939,1826.11748901215
4198.75426130505,4557.451195067
4059.35551171668,5945.22534352101
2710.42085111336,1976.26704614659
3919.98447714093,4385.8759851721
4419.19199328591,6692.84696031567
4877.43109534097,6192.27302734758
4130.67834369522,5188.85189157698
9188.69842180485,460.337099349572
4299.53025433864,2866.87737781176
3443.99836330661,1552.87053948599
4777.65555575697,4421.28250112738
8645.81948798076,2585.95793116681
3732.37860501404,3965.54856193006
2861.8579558734,2971.22029406951
4378.53138238928,5184.98741742951
3822.04314087582,5423.453253918
8525.7833080837,2210.01593229971
3731.67120625426,8935.08640778205
3589.37036776012,5585.87829901622
4027.45702236213,5320.18988711845
3557.24556628456,4678.6165618126
7397.46572464631,578.831289468681
8519.32955426633,4715.50011116291
4195.13163470145,6775.02591854308
4590.30993652587,5607.53144790221
4518.36158514863,4758.97639674618
4386.80166587966,6074.46090274985
3825.78251899229,1646.13147672857
3809.07712632359,6736.09617262865
4260.77402912824,5627.87712834921
4534.9977213401,6849.24800949477
4723.87238721236,5025.57437029086
4176.8382731985,2409.77951899931
1981.84026777591,3846.03148495651
4777.57910202368,5339.79683944032
4904.96408963069,5471.47607917011
3122.21828812177,4625.76303816235
8344.76310701594,8457.52975474271
3435.49590063278,5601.05245973202
7775.6973893489,572.011479965423
3545.63547780793,1719.04652209652
3912.58190083256,2712.976883165
4310.72009201683,1041.72585950232
3538.37563697095,5451.75537878547
3645.8897618286,4090.29424409382
4782.18528310119,2326.06644191787
3977.05504778786,5498.41449585008
3728.12513657927,4563.70268711165
2675.74995451038,2626.30847072776
3580.71248154177,3768.68322512724
3968.22846718633,4381.72735229533
3398.99154108242,3573.46617809648
3958.13503666191,5739.09693956923
3414.03270969221,5543.08407895432
3816.49328417257,1116.00493019921
4422.07845862125,7043.32842160833
6710.01119635571,2325.61187252204
4369.08424504882,5565.98718796505
4438.82547403821,5879.30051832284
4588.86063646545,6217.10858485966
3946.8075313123,3930.02872076726
3670.35607260507,5433.22839877706
3672.77708509186,6841.85988253291
4206.77730086426,6543.26572063983
5122.34798072876,3656.15636832349
3998.40750539784,5256.87957594303
2977.00224395152,5993.87357169073
3109.53110859832,3681.84440202348
4342.52202227883,5059.78674301467
3687.84389104583,5121.10836594023
4647.34757502054,5061.94668764157
3862.18211653109,4990.90700531596
8388.16935957135,1592.08444412972
3874.46341309745,6138.39661684289
3967.97348397224,5498.75531718315
8036.64705556544,3074.93823026489
4076.82126958192,2247.46822196387
3766.23016031517,1254.10607264019
4472.19400874563,6462.16715758112
3712.93134610931,586.389932810888
3889.20581221061,6750.36077169753
4690.62439519191,3351.19738917823
8720.92049678067,5919.87855400933
3794.39261656253,5153.38871301793
6935.42860736192,4925.55049757641
9135.78146874515,6514.96359577236
3464.52242933447,5522.34049171525
7668.06116701661,4311.36973549111
4068.08278614687,3048.79562716907
4071.48974410927,4577.5127167847
2876.9073294499,3948.38529010914
3390.99113167093,5684.48137808416
4214.10217945711,2999.29534566669
3944.33070227001,5553.37045581297
4335.09522999977,5293.42230396027
3318.52217490191,1992.06618692476
3279.12461685682,878.220947804473
4074.18803669081,5825.935762673
8104.74214549878,2486.90028270304
4096.78317764665,4581.54802445395
4161.8588029315,6133.90673977781
4047.91040129483,4475.10182617306
3447.68015433853,5692.21074923433
4330.8526094278,6043.08969446381
2720.25160309782,2898.13483803503
4660.01912326226,5605.20109260878
4236.87408868399,4680.83274618801
4268.40850678703,6463.7016992904
4291.55706426757,5231.07779418027
3998.03365949256,4882.1308745969
4472.1848590361,4329.783390292
4274.24806645358,6561.7931235035
4066.10399765259,6859.36397568689
3807.39460462075,4150.30839858039
4070.96448038213,5536.66217624314
4585.3484614188,6932.27902105484
3813.47792533022,1870.55999884609
4237.00825025912,7139.54490563433
3595.71985811447,5684.93594747999
3711.40775383808,5313.25632955243
3795.48204975251,6157.71941043546
4358.17453337345,6442.27604652995
1738.43532175696,2008.09282382847
3774.02850530152,6350.54943956903
4473.29400858009,4806.99922199829
4413.53793894312,6139.8174104894
4344.62169540257,6203.2414697276
7539.30088071623,614.237488282525
4301.30576440668,5828.09528444465
3442.85602519457,4044.03303382129
4299.28989900165,3940.25843502215
3928.25349557463,4683.90182960658
4015.73336595528,6129.58769623452
4920.31868264387,6262.51731894429
4561.80089110795,4804.44179343456
3704.43930851403,6448.5275385746
4266.16267062264,1962.91158586938
4209.50179199526,6586.00327809796
3575.04888723533,8486.91142906838
4425.49142801543,6460.68927847559
3252.32020507762,6042.01014500561
3814.49076550212,4783.01614067411
3877.01220052195,4557.84910185907
4415.60411305934,3694.34738611278
4093.28236012924,3857.6249073989
5262.82538424254,3841.76910401698
3859.27651248455,5042.16890179792
4674.24303972265,5459.25725381011
3571.25399734847,6495.81163570158
4644.36643653065,6291.8423306662
3703.7224210631,4640.82345081538
4402.17726148606,4439.46865980274
3405.53788033649,1107.08236724188
3726.00148641966,5165.83503450348
7965.48719311506,2081.91721941571
3519.04978168804,3736.57328871607
3905.21598836427,2728.49207664148
4253.89716498931,3733.61837621553
2431.55426516277,580.138440766235
4758.28992084124,8470.88521501992
7722.06664937282,2597.09699564099
4713.95556667049,6691.6536627947
4109.59645154363,5763.42084222647
4020.35454253586,5183.79369705329
4831.65807517738,6992.80483039626
3605.14661747388,5635.66316210315
4015.47536159614,5576.33065028271
7799.86491227268,232.612314829376
3504.65025943519,1998.14726830288
4343.33903428585,5991.71404991908
3854.75742536448,3064.02666191626
3380.51663759129,1480.52370586283
3946.43418502436,5386.39887104592
4513.23035864869,5592.92560464502
4457.19111632201,1493.93604017143
3819.24421206391,2927.63047185109
3659.89313652396,2592.09588657632
3472.07779483022,5691.41493565019
4283.42630331778,4430.20474694328
3549.08080739025,6045.81753369406
4194.04592056934,4518.4077010898
3545.04418636593,4842.46240055733
4544.70068754116,7097.77357242687
4322.79568545749,2837.09737383877
3782.01709594507,6108.55995026614
3407.91801282843,4529.2628182623
4674.16188976882,1782.92536215818
4087.20142083809,5740.74480648604
8745.19576815086,4118.25554762823
4891.07436776525,6082.13318844101
4140.32976640419,4533.24104047254
4428.80096318601,2534.35479049655
4001.23610656788,6756.32810501288
7908.61232776955,6369.81557055783
4377.18638796014,6354.58474723827
3564.27584256288,3301.12857878962
4594.06910961242,3925.25468497288
3801.60890979182,3490.71932526572
4643.90541942898,5217.32442711098
4386.83466829488,4843.59903547454
3917.0147429806,766.71703071206
3393.07058369149,5911.12629600472
4147.44132664721,4401.44805267997
4403.31197533077,2789.98389880595
4708.15780808613,5823.32124865027
4487.5038974433,3811.64827871092
3715.77813316877,2897.45277251365
4013.20520032381,3320.28096171565
3015.11991901509,1486.32062851165
4263.20590521706,4869.17332111176
4290.61744106877,7017.07207044973
3211.94714837203,31.7121130339052
3153.22810764906,3995.10106977751
4762.29524666668,5752.16824111714
4213.07152987884,6495.86829830533
4442.877722297,4470.27112777492
3754.88078735583,4552.62049666886
2225.5994232584,947.328287342533
4637.35390561797,4380.81821350367
5613.94089023947,5354.34602009376
4130.20540569054,900.555845070406
3769.7532088358,2727.29856769289
3377.65794378663,3148.87637391491
4543.42743489788,8625.06923411311
3456.54433534489,3765.38706843839
4438.8336840252,4715.32970049637
4548.04471411497,5737.90321919301
4060.70116088543,4323.19065405904
3065.37045212621,1704.89545966278
5575.02153714912,4317.2804062027
4965.66506297843,3323.80440310243
3622.54340981622,5400.20890071897
3023.57183086066,454.02878613044
4457.49368454899,4745.79134713549
4301.83020523821,4724.76360116711
4163.6451089954,2597.32428033891
4433.1075740217,5306.83442684124
3826.77657515818,2722.97931272197
4546.34636346942,4395.53738196838
1453.64537831235,2932.91573964507
4848.02474749919,8146.26177523853
3875.45347819827,4400.59557649207
3865.07110931703,6326.96426503693
3501.60908471581,4447.08386003489
4902.42851783202,5997.79470844195
4076.16578540764,6840.89365828223
3782.27328328776,5298.08259169188
4306.52094449073,5839.34788555398
3739.94714985281,5412.37106347521
2750.26134925768,5478.63671000643
3474.1445887944,1060.9917790635
3554.58351748806,6451.4828739304
4094.61810118292,5912.32001638094
4127.30673598535,5586.44661647482
4044.81771018635,4644.7445875666
3640.57365868116,5469.25947193945
4558.1303485826,6376.12372520625
3818.77006132477,6927.39166005294
4206.80503820583,2629.9456601773
3302.49945982088,3206.44705932815
4789.7140933755,5894.30426837211
4352.06487922054,4511.81538771208
2885.49052844054,4769.77442845967
4599.9840208698,5013.41220753461
4197.29931639342,6531.61521273843
4051.60121770268,2127.55323819825
4154.90316553021,5793.71207819906
4762.36498425783,5429.13642850405
4195.15918071799,5004.26246559318
2274.6289660274,639.072940080794
3267.50285032409,1593.61888012519
3112.42810305688,5554.39376552266
4192.46857611041,9315.57494631799
3907.45787853331,397.310709047367
3367.17618043582,6360.38124703184
3768.2803308973,2095.55683842222
3818.8962952381,5337.46690700214
4210.019600346,6346.3441440885
4014.35451988239,5152.08166743419
4163.98779966164,5223.51925655187
4179.57951499652,5513.53157110687
3859.74542471625,6727.00309329097
2586.99316063377,145.546088099651
4034.56465330929,3966.2872900552
3837.24363355197,1926.65301658144
4363.22348953323,5333.31827412538
3872.88520863899,4717.31881160149
3351.14256931458,5923.45886942749
4432.12397580681,5033.35998118954
3182.46411361122,21.1414089645665
3979.58209308519,4034.42872248402
4682.47335438465,6227.67912044761
3994.74563065624,6416.47426476719
3815.80644445959,1604.98522929729
4316.99751497273,5457.60896403805
3969.04211156502,5807.74960399765
4104.57750201172,4574.10281203307
4044.2370145552,5220.10935180024
4142.33340701142,5298.99173048354
4344.58463642175,7168.58575862693
5021.97828223923,5832.30100278043
4781.10046126677,5012.04807649186
3982.50624328136,4900.99909879363
3777.48717242952,4194.12592835198
4319.16191279589,2382.4434069549
4405.42032162705,4956.75087234066
2974.13579231884,4363.08662422415
3354.5337666534,6820.77547396077
3966.36141711485,5353.72061717614
4334.37449831446,5241.76207783099
4220.30066559696,4529.88779832467
8738.59813298957,550.131257809137
3142.3494261108,3467.02040267085
3767.62248954783,7098.11439375993
4943.87629656131,5378.95408148029
5074.85935689757,7883.6991093631
4239.17850565991,4826.94741850847
4248.04977374365,3763.8525267291
4012.35429294874,6107.13915661963
4417.13823582222,4204.41230521062
4650.45008961156,6279.50975724342
3375.93565048646,4353.82313421994
3125.37148105806,4607.40646882047
3867.79039109007,4815.41023581459
4422.98410855182,4910.14884073506
3393.98663880808,4749.20125188712
3645.43347362275,6060.02547015918
1041.7190262998,1825.09460215771
3782.03204541823,6372.03175493324
2525.94279398555,2516.16863182119
4315.50344631619,4839.16624386847
5144.66038414791,6692.79029771191
3201.10347259938,3959.92204994777
5357.98338164981,4343.19551317298
3680.59669747255,6416.98591962203
4032.15428001295,4188.49941636969
4082.99624147651,3940.20177241839
8261.19236266732,1762.01136425257
5160.80885348384,5639.81179497992
4227.69682506544,4775.85550983779
3830.56007645691,3809.60208214679
4732.19973142429,7022.86899309855
6861.83973357715,1666.30674650904
8167.90309449042,1836.91552072564
3948.33218611808,6999.62463989951
3740.37464655044,4384.73935025489
4542.11900866716,4831.09605138523
3446.94175549482,5999.84090500608
4650.30756317517,5857.76154035487
3669.47815735373,4310.11935251112
3804.31951141931,5511.20163866869
4699.18176038617,4389.34297538274
4267.65424412376,5580.3655350967
4242.82187104521,5994.21439302379
4206.0739694288,6652.95099015056
3560.75475876248,3724.24113814855
4030.2249364116,1336.79626286719
4984.82855441909,2465.30421927606
3562.74703142705,5277.6231631821
4278.73856201784,7135.16835377677
4251.01497307748,4275.22491426594
3967.45953434292,5130.37185594444
3873.74390254186,5066.09532051833
8435.00325489459,5270.5758575533
4149.90441901828,3764.76208837602
3936.93011363675,5360.59751213841
3495.36578774572,6431.08010802438
4186.63308120681,4475.3293222986
3595.83825849909,2475.19290077026
4404.46184458139,6124.18868037777
3332.6960345556,4908.44388835925
4773.49548310384,4959.99036642576
4486.6972426341,4966.86683853278
4465.83093320907,5478.86420613198
9071.31306166018,2132.49747323154
3969.17625983617,6009.61604986514
8228.4877395097,5555.18915625156
4787.96628131182,7039.57769552363
3767.38355122748,5777.62877869159
4164.31653613217,6426.87438968861
4396.33642243054,5790.01801471812
5269.14055348977,6091.16960517493
3904.97390593914,6405.56248499093
4263.78505553103,3612.62342013646
3610.54301407399,6546.84645891324
3416.81593086676,5445.04931734499
4192.79028935183,3285.1588159173
3931.53447897315,6764.28454943335
3662.76495482974,2212.80085698898
3398.19147176168,4799.04277757782
4243.40815163653,5614.18042388369
5316.17001753574,7054.24020138459
2487.01433307066,3761.80675302023
3153.52319511032,5505.46137862363
4046.14320068087,3772.03646727511
3612.96449168115,4428.49979456746
2394.27656816156,500.971797639818
3212.60996039333,6079.68950794006
3756.18176608939,4179.34967442825
4722.84979496999,6623.45556776212
2629.57947765175,647.313543230564
3932.42810862266,6050.02325202984
4374.98499901567,5109.05995124676
4908.90028034532,4794.38248984621
8675.5794296443,2696.72296156337
4566.48042867856,5137.07791738492
3849.45470274022,6692.16489479429
4340.7469126328,5910.55797854611
4029.48128212589,3091.36277396067
3985.55476733352,6893.34927514041
4202.55777611721,4768.18322414662
4356.50871433649,2845.56547311408
3093.6169246999,2792.25716864037
5250.66145522401,4589.04947662333
3480.28364844056,5260.11864717287
4964.75136873786,7263.32394069216
3651.19129319984,4587.5153577693
7672.04393655557,745.23466249094
3695.28043937167,4322.05401914183
3365.83771819575,4147.75097001667
4498.39959730752,3365.40532564335
3750.38881095241,4912.42211056948
4131.34023981503,2025.93794974313
3274.47453359253,3013.78744086111
3041.47251935379,6221.20055513267
4060.44802131639,5889.98522482882
4167.25137062006,5332.86328187429
3180.54134956047,5560.8723308376
4434.91687234243,5367.53064684919
4309.03342121503,6751.5540692185
3826.35530309984,6654.65594252638
4184.72330379196,5210.27754433743
4362.52352607229,6066.67486899591
4257.4915989392,5270.80335367884
3824.99206510191,3046.06778793882
2818.6499892492,5616.73785244741
3565.05241775963,4130.98560498783
3925.06917737916,4940.44007670765
4469.336273988,5543.36823768363
4539.80882240773,5461.41677558176
4265.01291541474,5845.59937759863
2919.54029141138,1914.54772785658
4087.48925793834,5528.47823569713
3998.9301345464,5166.28960389931
3581.88478489202,4206.57182698227
3558.9694560054,5604.80318581671
4218.74453008111,3096.53429369188
2423.31052622831,4656.62259159355
6718.94571485531,1986.09885360941
4143.89238975631,6127.48483706663
3355.86936400059,1542.52718288214
4508.9062198295,5298.30966496217
2099.36197962122,372.645747200989
4025.66197089084,4257.54998759018
3451.84957042869,3529.81948184668
2094.5935429549,3559.76989648621
4584.53009703345,7120.05127851998
4182.71274198589,5801.44102649398
3851.47712468467,6035.58781943918
4937.65194843407,8681.61682124429
3588.84349498419,5521.37426746457
4955.25929615155,1919.88986968194
4126.04345057065,4803.58931724666
3767.83244684843,5450.95998805658
4460.07692406547,4892.24684078901
3599.32387797835,7328.96460716102
4099.43208502446,6961.20654883993
3987.82192703549,4399.11812024179
4005.64423109763,5937.04182583025
4448.35158781827,4489.65100682649
4196.3536604045,6099.9785257833
2280.09019895641,1440.34368268223
4648.03866072399,4446.288469306
6569.17367323324,3353.98210243987
4630.36401158964,6015.86754190979
3734.71205192084,5109.40119543507
4147.46176764135,5700.67842565439
4496.25324392003,3509.53067543106
2020.47285816477,2755.20299719591
8780.39071589728,7380.56817068654
4825.16024725443,5880.83506003213
3881.28257035144,6205.9126463541
4282.84600368286,4280.96475145575
3900.12140929546,6007.79734942655
4011.52620545191,3292.88797563985
4502.66081432033,5344.11630583887
2643.52106272089,5269.04131584402
2879.79070618476,3943.83875044031
4102.61017647873,3555.28001942113
3704.47499210977,4565.63513561301
3999.36478677362,746.541760931588
3954.4586217283,5390.66125198545
3153.87193351146,3803.57808622768
4003.475259418,6923.98175530131
4286.77500378504,4259.312025425
7004.8604891761,766.66020953758
3963.33384054512,1015.46961405754
3683.65158420913,2038.09990107175
4379.4696444959,2560.27010889445
3823.67300227638,4379.22700919062
4258.88183747133,6759.90842043104
4402.1287014995,4939.53093791598
1902.99516610805,1662.72632537707
4798.36467740336,6195.62626949545
4895.25728316192,6674.49039097378
4359.55521174726,5938.51928208052
3139.96766785936,443.855893050032
2681.73975260996,877.766272694826
9124.40537717027,3743.27977301181
2804.40032500159,4968.11722151276
5222.40818170689,5433.85337883942
4500.87340416808,5426.86315866963
3315.66014267788,6372.77090591363
1498.2305416485,5907.4893179828
3865.39839885482,5128.66690356862
3358.98232901318,1868.1729809489
4303.67604268112,2965.36670881693
4312.71558669075,5527.68284496823
2822.85636470691,6132.14512479824
8466.43408231484,6659.42997832076
8759.81271328751,8102.55883924023
3035.25105074425,1361.40442996754
3985.62489387432,1889.25760094867
4950.85425992566,6861.12601352172
2728.64106968714,854.919932001674
4324.545383176,6020.92531357822
4437.8628369825,6841.34822767807
4921.83531257376,5008.58150913647
4493.50429573454,4407.13122726602
4129.21355234915,4869.57122790383
4132.25918374604,4071.02811310502
4787.20438877688,6406.69911990813
3968.92307113966,5312.34719076076
3909.83414091732,3492.70843637084
7815.56290045102,1046.89759066115
3786.80692040727,4380.81821350367
3002.92166788356,4076.65462508731
2741.69905722176,534.616222903368
3595.18507645088,5062.74207837046
3819.30952521267,5592.92560464502
4516.45304644594,5757.22601278558
3926.06574899623,4192.02306918409
1747.36370427774,356.164540901449
4137.62204578289,5351.95900219657
3780.16311644379,3103.1836925286
5225.67945203307,5427.82938292031
4078.33273063521,6440.68484221691
4653.2177349121,5165.83503450348
4272.94544051322,4359.84713013905
3097.67158240405,1365.78045325604
3958.15283115753,2881.93779046479
4172.29001640922,5207.49261964817
4040.94156408099,5131.73598698719
5079.8500143274,3846.2585582268
3945.78338426496,5721.36535028971
3994.62494680557,4231.23697382782
4509.33699686951,3157.79904258605
7618.20109468748,924.254661951465
2867.71979455462,3859.84151462956
3138.58291109754,6517.91893112815
3561.93264473466,2500.0851208861
3955.43724930635,4716.75049414289
4640.03354321706,5920.61728213447
4996.86757721816,4494.0271358288
3864.43937938926,6230.3502970741
3590.68789595851,5057.28639990996
4395.88737321391,6493.19712167884
9770.08099982795,1914.66147591935
3351.68596355891,4492.54925672328
4803.30356187222,4993.5777590872
4435.30214685376,6104.18382126383
4108.20862713521,5016.3104574314
4166.76857369136,4415.42849301955
4270.23624620496,5216.3582028603
2121.00441053705,1194.60325586702
4300.29818529955,6201.08194795595
4199.91808835242,3442.69650001361
2917.02976821279,5885.32493709721
3787.57902441474,3777.03757633979
8643.28236249378,2299.69655412413
3721.37042834918,4585.29875053864
4412.08503776333,5859.35274466792
4804.24432472192,5405.83541270125
3347.10609838575,4192.76179730923
3483.47659330872,5413.50769839242
3944.70399750609,3913.37710380119
4544.14508534619,2501.39237789746
3991.89867468128,5391.68413883989
3725.51574107056,1389.30875375675
4188.89148602905,5284.38588722635
4211.11047402198,4401.78887401303
1753.7742866189,2755.37340786244
3921.6577085127,5593.83474343668
4240.42663113917,5415.09890270546
8426.31848995335,3532.26337377526
4775.49050339741,6698.01890290213
5100.30005964096,7087.42968725396
3946.11457764695,3151.20651778071
4752.05216864764,6846.74724353481
4145.772441077,4968.57179090859
3606.64435887782,4917.36655703039
3801.38146165183,6221.59846192474
3595.05029745297,2697.06399432406
4275.57716486584,6280.24848536856
3701.16652160341,6040.24810717078
2659.52254933124,3391.20689597849
3366.15180678522,655.610967554813
3998.760783518,4346.71916598738
3448.11010087743,1932.9045086261
4433.42016191759,5578.37642399158
3654.22913384993,5248.07065533465
4104.27524356091,6978.36982066084
3903.38987216357,5337.35315893937
3940.41608151087,4641.61884154428
3988.10086873085,6290.30778895691
7159.12823024466,966.878471346828
4195.10180421706,3984.53053418956
4423.48804451054,4230.83906703575
4254.51896229515,4020.56160735196
3513.96778101155,542.11799221419
3998.369686969,6703.47458136263
3236.49490877778,2424.7263950172
3601.09863709396,5823.15083798374
3881.80141272146,3932.69989739375
3882.28925442152,5916.98030411255
4265.54018098216,3659.11170367928
3718.11838754029,6403.85753261511
3977.38909420806,4199.01328935388
3781.79729294548,5304.61824246583
3908.83971987535,6296.33220773128
4127.08098682665,5444.36725182361
3538.09242370724,5555.64372564739
4341.94593384881,5386.91052590076
3861.17686140635,5382.53439689846
2841.50544816859,3188.94275474655
3873.53107117974,3667.18189616252
4136.09002733229,3310.96059768006
4038.7364244417,3930.88119695517
3976.65422120782,4474.53350871445
3912.43846574807,3286.18191419936
3887.65647707876,5858.67067914654
4048.63922943933,6815.66061683333
4056.62172972446,4783.24363679965
4239.33996712547,5621.34147757526
4171.46390133866,3967.76516916072
4469.42090268376,5608.83849348595
4011.1992883287,5757.56725697389
4018.17758150193,5568.03338452918
3896.65889812009,5638.04975714509
4735.48235156371,6839.81410882403
3282.23098165647,3555.62126360944
3954.84772587548,1372.94129551998
4139.68795615194,5245.85404810399
3365.31527456374,6122.25623187641
4061.62390806211,3978.73361154074
7975.21750805073,3788.97224297049
3683.02894293384,2042.07812328198
4406.1800027643,4807.11297006106
3272.31268049247,5575.08026730272
4228.28850136325,5844.51982814043
3966.5310879274,6354.7551579048
5027.16053111632,5744.78011415528
4429.01362445331,5849.91884399718
3595.93817196506,1044.05600336813
3077.88282685945,1265.07462073402
3584.64588996454,3434.96734029106
8982.51290133016,2183.93020323528
4179.01436000318,3922.98141513846
3563.20569888094,7040.202675586
3237.63926504951,3059.08221545534
4486.82779143179,2873.46969118948
4808.06724765164,5655.61093575808
3968.49061953888,5975.005347494
4584.1897962331,3443.3216915036
4078.51960177599,4657.92963717729
4418.60765395416,4262.09652725902
3954.1916528526,6073.60842656194
3654.78338672023,3559.65614842344
4208.64362999404,4473.79478058932
7934.93751904252,2883.52899477783
4756.7755410522,3657.8613206993
4344.50264122308,2952.9774727904
1935.35627570659,458.063829515153
4347.91068593374,5164.41424085697
4120.05621066903,5107.58249499649
4100.06466153189,6338.38769966803
3596.9846994308,4139.68120038868
3762.36108866484,5777.23087189952
4208.46468471853,6471.94230244017
3864.10708803725,1840.89374293587
4816.57628550734,6963.76397740365
4064.04667694728,4680.43483939594
4403.98170296851,5382.64814496123
5037.64890617543,7449.61874190703
3896.331661182,6232.45315624199
2952.91109224464,1850.15744436771
4184.53321118537,5538.99210868132
3698.21614906293,6811.11407716449
4438.77526486768,7148.97880630507
4175.65361399776,1589.58388959739
4314.16413985586,3447.64094647452
3812.98827964417,2886.14329737294
3600.70856505307,5580.649693826
4067.63119066113,5677.54782051813
4250.46557603607,6190.28391624246
3905.26381395015,7526.39826142244
3380.82902465502,5837.47252251163
4185.92690153082,2089.93053786756
3621.48293427464,5712.04477482649
1791.26963548465,614.351130631483
3132.00942884734,1621.92111070648
3847.46366077233,7257.0724486475
5047.70777476273,6999.96588408783
3933.92777452123,3465.88376775364
3791.34006776377,4292.3877632316
3714.62193159,4228.05456520174
4291.87957439018,3972.88002628816
3907.62199024479,6503.71099466303
4181.08751821822,6193.52341032756
2219.93993140817,1397.15155582826
4623.96712998926,4391.38874909162
4040.19498105288,4421.62332246044
3668.91509807519,4260.3915748832
3932.91789059685,5916.12782792464
4260.86807991264,6231.77109072062
4412.17146992546,5820.47966135724
3763.72991358382,4479.53504063438
4196.78539744482,4553.70046898231
3826.64531269999,5925.61839119914
3875.08035166996,5658.62293371764
1974.4368434466,5207.49261964817
2545.56617073384,1783.20952088748
3855.38975882327,5512.56534685619
4206.50943095783,4477.54592952926
3899.72687948691,4338.13731864929
3221.41693925754,3559.76989648621
2500.40210553283,2292.87674462087
3353.97251214091,486.650218825739
4027.03744229464,4575.01237367999
3809.14898323881,2475.13602673887
4421.31339898884,4414.29185810234
4126.28595251863,5244.37659185372
5152.36061192471,5230.33906605513
3561.30850337162,1292.18334236671
4060.2522580235,4344.84380294503
3836.69755334149,885.609074766336
4663.19183822098,5971.1975359503
3839.9952420542,3813.9782111491
4238.01819531132,7411.37063865872
3085.51528663344,3866.88882025836
3955.93650676752,2966.95791312997
4381.55092562711,4961.18366394673
4533.52019183218,6152.94537464107
4187.72245238843,4704.75916490843
4259.63245608203,3768.17199312765
4490.0926502413,3605.23529317459
4817.51331946206,5863.04680814885
3486.43468945822,3997.60183573747
4747.54894894269,3967.99224243101
4670.82932969026,6636.0722999142
3796.13863397569,381.397820206432
2284.23188279343,1847.03169834538
2513.32007863252,3035.44016689186
7867.55341319672,205.617248759872
3720.87278001264,5237.89760368352
4467.63615843409,4565.40763948747
4164.54093879119,2391.30920159466
3756.88721013509,2573.85285386958
3359.55821845081,4007.20614707475
4683.33758129012,6927.1641639274
3880.75609558532,4250.33227129484
3828.27618573734,4943.67957079275
4816.49547198631,6725.46855158169
4127.04501721122,5727.90100106367
4524.14361744591,6582.19546655426
4010.20762780665,3628.70671964392
3703.36018465725,6618.34071063468
4043.38514627651,5520.86303546497
3647.14553763598,2985.31469389949
5093.87444330918,6493.59502847092
3768.63260962312,2103.05871344686
4032.98355892548,3773.22976479608
2975.90166052948,7649.95064606523
4402.33266499292,5423.96490877285
3977.09949130913,1346.34401731452
2520.3958817497,1194.83054056494
3956.56302900203,6180.45210877965
4255.95215978463,6000.40922246469
7830.09147080057,4424.52157235723
4237.34614666148,5768.25154062461
1468.26621887618,5680.44649327016
4595.94960610526,6486.94562963419
4271.63425924596,7889.72395099271
3986.64674446737,6477.51172896345
4356.77550861453,3974.75538933051
3942.26048354181,3940.88341508451
2826.08206417164,1387.37651668302
4332.75857625616,3930.14246883003
8589.87532480246,6919.8897850283
4089.52455953978,4276.53195984968
3702.83348151367,5429.53433529613
4520.30197964149,4166.22128742133
4841.00487752001,4284.03383487431
1940.34596482885,2170.91577571875
4619.79349678035,4084.72481757055
3325.64074873076,2504.06334309633
3194.3257252151,2348.79914026207
4149.55594425289,3130.91749993747
4299.59573744655,5303.14036336031
5020.97305057463,7233.25977798986
4062.12738837554,4162.75472006594
4191.45245046271,6484.95651852907
3897.74979259829,4094.10205563753
3221.41276679121,4087.50931940456
4435.51021860096,1736.77811137604
4195.53436036837,5520.23763254736
2723.07655950327,24.4944809792681
2465.59734690785,270.575942206942
2561.69101600201,2781.85704371895
4090.57690004298,4741.98395844704
4174.61611241171,5487.84353740688
3426.67116482109,6216.4836047973
4483.6375343496,8711.56765873907
2977.87815703645,262.335339057171
4116.36296895153,6589.98150030819
3733.63018176349,6374.58918349696
3465.30060669376,3534.25248488037
3830.24717044101,2948.03302632948
3758.60327502145,4116.43684718965
3757.27923409268,4728.79890883636
3197.23456359884,1239.04565998716
3196.41596001193,7498.2665472215
4262.28278574086,1441.99186674047
3969.74777654513,5749.72413776094
4529.77114277539,4335.75072360735
1766.77248879305,1292.97894452323
4414.3705815967,5949.60147252331
4925.88691652602,4381.72735229533
3340.96852758576,1381.52282571663
4538.92274318275,5176.2351594249
4039.35767625393,4272.43998957667
3803.21170988036,3368.98564106151
3894.68231139641,3186.15804148491
3997.60700461784,5602.18909464923
5125.4716512823,5538.02588443064
4369.56403763986,5288.87576429143
2347.15057317038,1363.84821618231
3806.9362017124,7101.06930626048
4186.88992382005,4473.34021119348
8958.30193178057,3801.30481639326
1880.01744242251,1892.04231421031
4261.71526038858,3508.10988178455
4999.16087601466,4283.12427322739
3749.17405757981,3758.28310020583
4118.63132643506,5564.73680498507
4070.89906194411,1352.93643640604
8214.18109095218,1913.01339757493
3978.99669965842,5101.1605922853
4633.61379558928,5004.9441082593
3784.80007014589,4021.64157966541
4344.31769964538,3920.02650263791
3813.63363246225,5708.52112201209
4693.53177106734,4924.75468399226
3111.26436262633,298.480318853058
3224.31229781679,3309.312307908
3058.08183274539,4216.00615050826
3365.77186794865,3049.98913611767
3551.81959384459,3546.6985949383
945.158057321825,195.387534504985
3149.70692798008,2342.8886809781
8056.71934852548,2323.96358274998
3759.32366654368,1872.54910995121
3923.83997381355,6249.61642806291
3602.74267230534,3482.02415272011
2724.26709064384,2637.78856796263
3282.62605705419,4086.71392867566
4246.37793557533,4597.74507202418
4110.81500698286,5094.79535217788
3241.69141086469,3880.47135380587
3737.8219283367,5921.3560102596
3928.28461716126,5404.98293651335
3941.75667020647,5039.15690383836
5152.89433134594,5277.67982578586
4295.75372633276,1685.91369883091
5258.99551804931,4083.41777198681
6180.11708342817,5292.85398650166
3597.45534417316,2058.27517085222
5463.09304661397,4990.90700531596
2123.24106909424,774.162031705308
5447.58759065379,4306.93694388504
4260.4991505903,4650.71192088195
4130.40214026049,7119.08547712455
4256.3841248238,5737.73280852648
4608.40220318679,5228.52036561654
4365.41427422111,5256.82249048401
2491.37210611161,6501.66522095415
5023.64028279114,6536.38924853281
4226.51339733886,114.629620994393
3463.45731147985,5989.21328395912
4556.95667874885,5370.88388899706
4310.85324977123,5227.83830009517
3142.91426844802,3195.81943828119
4098.90645018337,4214.13078746592
3666.91858368123,3461.56472421034
2925.11170003509,142.875003972744
4479.26464390729,6518.31683792023
1010.54748747732,1223.13277114622
8084.71705878835,3280.44186558193
1660.66863951032,5230.11156992959
3762.07444346621,6067.69775585035
3289.96552419306,5362.47287518076
4382.82803475342,6078.77994629314
4755.99884488574,6710.06689474035
4679.03266863275,5828.26569511118
4075.74578871769,4856.55658895968
3904.02993081206,871.344264269829
3753.74652840358,5631.40078116362
5338.91549312027,5962.16154207163
3929.43492286764,6196.42166022435
3092.74196260244,6561.56562737795
4405.31076776182,6221.59846192474
3878.44901727288,6071.90347418613
3931.33447841114,6073.32426783264
3922.04888296202,258.470759195896
2750.95682390351,4415.14433429025
3984.77793252834,2363.97308955024
5176.91147759651,4227.48624774313
4612.00541032319,3753.73656053699
3330.13493082145,7771.11558995558
3915.78316846687,1582.36627901587
4217.42112807033,2108.00294848015
4363.17032950907,4538.58297087027
3030.60718996323,484.376948991319
4474.16287731237,4627.01342114233
8197.92311753858,2815.10361504734
1685.6695323503,955.11432109647
3244.03816609657,4452.19871716233
4162.6423721202,1790.82514397489
5415.47938512293,3800.9639950602
4198.31643182707,3235.31750165423
3705.65194524624,4210.83420792181
3722.22887634245,5236.19265130771
8011.40335359652,2625.22870984193
3761.44176770876,6659.60038898729
4875.85918974235,6162.72051950013
3951.83134622981,4212.99415254871
4792.9302006089,6293.20646170895
1295.13843177227,1662.10113388708
3094.56758109954,8065.84485484595
2850.55253806148,1936.42795001287
4315.53781716427,2092.4310923999
4500.20542356823,5192.60261766167
4642.56164294063,6545.36857980772
3848.09394912849,1795.31480961234
9091.35886340213,491.594559572838
3676.36297946893,3927.35754414077
3843.21356032553,5292.00151031375
4353.76087721255,3748.16713401371
7996.19396408613,1258.53896996007
4333.13519153924,6516.04356808581
4243.03534591141,5198.17204418495
4345.92180626419,4982.43890604065
7969.93501093044,1829.01595033656
4409.11369804823,6413.63267747416
2186.97101754006,8234.06682259298
3527.3291649366,2005.30811056683
4394.66287177458,5158.44690754162
4021.48512984671,5636.40189022829
3473.20558429704,4685.37928585685
3469.76781148834,1381.57969974802
3361.16908665398,3039.02069373764
3629.22574616874,1918.2986653689
3096.94085818613,2913.64982008389
4120.13130675201,3676.33163810396
3977.24050919302,5802.86182014049
3733.89228204958,4876.44770001085
3849.81951984761,3038.33862821627
4497.93041372953,3868.65043523794
4005.98122186692,3210.87985093422
3859.07353727313,5551.38134470785
4301.05612139988,6293.09271364618
8769.45195392578,7407.16492032294
4527.74475306064,3511.06500571272
4696.72860412418,5853.10125262326
3872.35762256141,5325.47515491243
7903.1297168279,2401.1412204851
3038.13127545179,6745.18925196633
4021.39474303219,4191.11393039242
3571.97556663281,2513.38391855955
4832.61360704172,4295.11602531711
3773.49186618901,6340.09265204385
2908.47230293848,3539.65150073712
4397.44121848932,6030.8708691038
3936.88892658686,4449.35712986931
4510.13304862581,5354.63017882306
4771.70926718812,5722.33157454039
3126.13510025778,3088.74847136557
4445.58299152945,2417.16764596118
3748.984696231,3374.27112028311
2817.89871375737,458.973179734446
5313.75052801454,7320.09902394888
3673.76884973643,2901.99931218249
4389.70519248218,6151.35417032803
8198.71531212749,1922.1064769126
1384.11721375774,178.622169476142
3943.30213511611,2300.94672567649
2714.55216665736,1415.96290599361
4125.50283136801,6230.12322380381
3779.19697822098,4855.07913270941
4063.2422572525,5124.63201875463
4147.1817027863,7196.71747282787
3553.74815596033,2898.98731422294
4058.05728067239,998.192699887666
4211.88135997829,4385.98973323487
3924.65639477455,7749.74702265414
4715.07147044202,5486.08192242731
4244.4759015281,5433.17131331805
4880.86122452948,6992.12318773013
4809.94580680063,3575.96694405644
3229.62468077421,5148.78551074534
4126.0970024564,650.439289252891
4046.05085504698,6216.88108873412
3675.13879075874,4918.44652934385
4093.41811873058,6764.11413876682
2850.23648545858,8219.91639444213
4820.35841299682,4528.01243528232
4233.69316730311,3293.74045182776
7681.45173768075,1890.79214265795
4150.19830023408,5881.11921876143
3400.1092660366,4722.49033133269
4121.16885601975,5301.94706583934
4690.50210525083,5210.61836567049
2634.68812816085,2558.33766039309
4060.8501109025,6155.90070999687
4922.17947553677,6670.51216876355
4253.58875745389,6138.11245811359
3956.92356903468,4945.3278605648
3854.34537083618,970.060985686727
3694.66946252512,6030.70045843727
4960.62739475162,1620.38667471101
4267.63096193086,6280.70347761964
3722.67101279847,4244.87659283434
3794.65520164512,3010.15003998394
3807.7282526595,3138.58978562863
4532.01513681535,5660.44163415622
3329.4499085868,1398.00403201617
4347.77158159764,6284.85211049641
7899.42440473593,2990.08851826624
4134.0544552818,1039.85039074616
3886.59293120839,5984.38258556098
4635.67213323278,6297.07093585641
4044.7045477458,5138.0441416356
4225.56664444047,6508.65544112394
4454.09001211882,4875.87938255224
4053.0433551481,3014.86720174694
5184.95964498921,5871.40115936139
4576.52365214257,4893.44056116523
4416.92846721314,6204.60560077036
4356.69074944472,6406.18788790854
8158.24201678259,110.480908832268
4521.49317379713,4579.10392109775
4403.68446839874,5034.26954283646
4280.15388362519,4708.68030165965
4058.09528171062,5442.03731938543
4328.92166778864,5950.34020064845
2614.11100697557,3612.62342013646
8816.69800007798,4805.23760701871
4059.83541353428,1304.4590417581
4469.2286931458,5688.63001096092
4135.08021354604,3934.23443910304
3313.30832918802,936.302970931125
3500.48582914177,6580.14969284538
3141.98122390373,470.566813604459
3656.94156627469,5439.82071215477
4251.39740865814,1629.59339639764
3934.06096179409,6488.19601261417
4651.45631650167,7213.9369843973
3796.41699439585,5193.68258997512
4144.89041684406,4599.33627633723
4366.1426439489,5561.27023762968
3384.05101324567,1527.46677022912
4062.90084769606,5127.01903665182
3913.45585669909,6430.00013571093
4416.71793599761,3721.00164406345
1917.69655892462,527.455433496329
4098.17815451532,6600.94994268822
3198.45512003293,2961.21807594017
4327.4249716025,5320.07613905568
4501.3076788772,8020.60695428311
4039.44107155936,4842.8603073494
4817.59283881063,7125.96194923157
4333.12748546499,6995.93057641858
8870.01244580076,7361.18871449021
3529.33950320533,1607.14485678275
3005.47443660141,976.142067064849
3742.96395657403,5445.44722413706
4031.76562530074,4102.6268175166
3856.36148981027,6601.80241887613
4542.85175515128,3257.31126044566
4195.48929600623,2882.22194919409
3240.19133124837,402.880241284457
4406.7375856528,5341.61553987891
4283.41616204577,8846.77055128326
8258.956547776,2199.78621804483
4164.81488395935,3384.55770856938
4137.95346895745,4790.17719436568
3983.64460557415,5850.43007599677
3585.09666956801,4290.1715788562
4386.99357417664,4486.52526080417
4572.24223962419,5360.48376407564
3358.28163858247,124.17736222749
7552.91269749536,172.711670549498
4217.5639647876,3892.34935783281
3418.69672259462,515.634409214586
3979.02922152646,4893.89513056107
3932.77905659708,2822.09383521713
3968.33333187197,7318.50739678059
7484.83170274601,1152.71828031061
4279.62270063977,5077.23417356489
4412.01741870774,6038.08858539914
3749.45504694907,4717.65963293455
3783.35289562514,1425.68107110746
3395.24601397301,1518.08953216214
4057.8896078309,4692.88116088148
4428.99290463239,7030.08670939388
4516.41105150345,5793.31417140698
3634.60998222596,5258.6411909226
8114.79052748579,2977.07409074972
9175.29534634221,646.972563326783
3312.99921167472,1652.21245239288
4314.45728151255,6052.69442865633
4088.76914037896,5270.17795076123
3579.91833767134,5989.38369462565
4332.00942056212,6794.74619607247
3402.50791173477,6287.01163226806
4431.89874027461,5321.32652203566
4274.79576556076,6916.65029094321
4682.93275536368,6129.24687490145
3624.68475356648,4727.03687100153
3997.81720498581,3589.15199366713
1454.92809504696,1235.69262926692
3667.15104304521,3377.33999227405
3951.00370818664,5071.49433637508
4446.34599740248,6314.85918773969
3965.39759546337,4682.36728789729
4210.19070608865,1583.33239755273
4499.1948823213,5781.09534604698
4437.09635295671,4531.70649876325
3978.43791759784,4276.70237051621
2064.35300436156,3238.32949961378
3889.52412450953,5303.02661529754
4093.63208434252,5183.85078251231
4326.24472954824,4523.63630628001
4060.02736469545,3359.21070763008
3896.94485565639,5006.19449123928
4248.89062525685,6104.35423193036
4140.45069631088,2381.81842689253
4697.12654135717,5917.49153611214
4824.07132412331,6620.32982173979
8338.13930227689,2790.26805753525
3768.18744865856,3857.73865546167
3873.78014499495,3603.41659273601
4511.02157853888,3426.27216774546
4477.10256800365,4533.12729240976
4019.28238598601,3404.5623562557
4778.45655388572,6128.11023998424
3875.192287279,4722.71782745824
3784.11675173535,5430.72763281709
3265.17119139744,4035.05370254638
4207.29528253741,2593.28918409729
4610.03926109641,5648.62071558829
3607.41193093434,6919.71937436177
4133.53430017492,1508.14397663655
4226.8404854292,6950.63601325198
4163.51885748033,4449.41421532832
4715.32151659304,6637.83391489377
2364.35103248427,3863.47891550673
3576.05400983669,3375.86232459615
3416.63765557251,7508.49626147639
3384.60642370159,3620.12529516109
4343.645630355,3617.16995980529
3815.82696521455,5389.80877579755
3082.83349170225,3261.40323071867
4052.50099745849,6852.54416618363
3673.62114378847,308.596364330533
4436.54202601756,5024.77855670671
4222.40846482675,5671.12591780694
2856.52124150572,7829.36812946258
3917.05932649375,4011.18436928498
2919.40220284815,1818.84311011305
4589.5809719123,5642.82379293947
3860.26149872147,4246.46779714738
4288.69180330293,5279.55518882821
3171.82405774641,3739.81278280117
2554.45179036014,4398.89062411625
2427.01483067828,5333.82950612497
3562.35681868689,4949.53315604533
3614.90468691046,6326.39594757832
7658.96173883552,1562.36141990193
3091.52883733816,4271.58751338877
5167.11150944773,4891.79227139318
3879.91336380558,1054.96767743058
3471.48039403337,2525.09108906471
4811.78766128189,5143.21608422206
3274.29942283958,322.122314559638
5105.04074953408,4948.73776531643
3666.5766724295,6039.90728583772
3598.64829233268,3751.97494555741
4312.18013691855,7032.70080056136
5867.9378016107,3457.3023432708
4233.66217755394,3100.34210523558
3946.50796732454,5446.12928965844
4354.07365999132,7115.2772427256
5128.37717730107,6862.77388043852
3820.81627328484,2707.23683454756
4676.35498061665,4243.5695472506
3941.34097565994,3708.89656676622
3699.64204811208,4864.51303338015
3717.46116888319,4031.30297646169
3778.02307395488,4908.33014029648
4492.51812655687,8067.94813686909
4437.88939753252,2842.5532637269
4225.50791742289,2439.38890087815
2387.8102262774,2312.25641224483
3771.52677337086,4540.00376451678
4371.77522540859,6277.12273934623
3486.79010260461,1772.97980663259
4030.34802505149,5094.28369732303
4246.82417650108,4144.85272011989
4031.83482140629,6293.54728304201
4850.09005148704,6040.5893513591
4262.62226444216,6027.0630575601
4076.09385485812,7712.06723686444
4103.73994929639,5714.77261405674
4825.26807757446,6131.1222379438
4010.08487109969,6454.15362770164
804.562036351132,1718.08040355965
4738.61734518579,6848.96385076547
3911.78444469234,5135.77087180118
3795.80423300858,4806.26049387315
3559.26248422131,4437.19538996832
3674.9948610962,3003.15981981415
3631.51734622317,5669.64846155667
3310.18057893015,924.481946649381
3761.27083149231,4514.8840482754
3699.82081309679,5164.13008212767
3080.11640827306,4909.63760873547
4131.66583699129,1203.35530244401
3916.57658132204,6172.15484302612
3376.00471438061,2161.53853765177
3357.4937265283,741.199619106227
4098.35740033434,5370.42931960122
4967.38719113721,6954.78464612874
4508.57855531216,3195.76256424981
4365.32201116063,6303.32242790107
4092.92902727468,3424.33993067172
3612.28420843274,4924.52718786672
4156.56380994013,6163.63008114705
4062.71966597478,2472.80588287307
3607.85375322322,4977.0398901839
3783.59667452928,3341.08142298611
3736.18514257809,6197.21747380849
5046.51273938034,5007.84278101134
3325.58036541261,4535.28681418141
3563.66432044867,3982.82558181375
8230.70955857818,784.505388309154
4619.50240519004,5353.03855165476
4030.97768142103,5019.66369957927
2721.65351571911,5302.45829783893
3728.7010379206,3080.28058351788
3810.35085143732,4317.62122753576
3879.99382341387,6382.0910585216
2411.20559663645,2794.36002780826
4472.85442755214,4892.07643012248
3175.55131251386,5127.70067931794
4675.00678222734,5958.80829992376
4003.19934349824,3830.45941744864
4254.75395950119,5956.70544075587
4000.61823407931,1769.00169013617
4450.4098475869,3263.56275249031
3540.50597662081,2523.27260005375
3800.61356984491,2418.64531363908
3942.11045717401,6027.91553374801
3824.64801000097,6710.74896026172
4386.2443822112,5762.62502864232
4231.89427349032,6350.77693569457
3775.34149155129,4593.70976435494
8098.98960774429,1684.60654753335
3648.65307505202,4963.17277505184
4256.90684926682,5421.23664668734
3423.43045493918,775.58282535182
8156.66050938039,3062.83315296766
4627.91249252111,4540.11751257955
4420.94502200912,5303.25411142308
3775.86640746275,6037.86108927359
3822.10667431534,5006.76280869789
1517.84442415993,3378.76078592057
4511.65508658865,6200.62737856012
4877.98669759347,7388.52461510701
4026.51872713532,3679.74154285559
4454.58849609059,231.759838641469
5262.83550247817,4920.37855498995
3499.01532526495,3279.13481999819
4117.16115775304,3973.10709955846
4989.22643948022,7224.56502829951
4621.56314419256,6188.92020805496
3704.32468067875,3279.41897872749
2050.0570189806,1203.1280177461
4384.23428310048,6842.76902132458
3370.31025619672,5613.27128509202
3201.31393419367,1442.84434292838
2889.35492081204,1087.98685834723
4569.50250141313,4116.15268846034
2909.8577706845,3397.85629481521
3034.58206248478,4447.70926295251
8150.31655634628,4505.9618024595
4178.9769256306,5301.37874838074
3738.58824899883,5258.41369479706
3492.47478595285,4163.66385885761
3699.51739046262,5058.877604223
4792.83285441156,7073.50590951814
3568.10336054844,4476.18179848651
7725.70640161358,3038.16821754974
4317.32716968119,5672.774207579
3820.69060969936,4727.66227391915
8786.91026236143,3768.28574119042
3908.48951684652,4959.6495450927
4355.11556709153,5236.42014743325
3117.53980787275,3342.21805790332
7821.9570097962,2679.44615310731
4076.12389196479,5357.86925005291
4321.12994724269,6057.18388286616
4074.26000048877,4510.67875279487
4284.9906319688,5403.27798413753
7893.40988980459,6128.166902588
4038.81670832958,5166.51710002486
4633.47101479906,4908.33014029648
4689.33119470089,4433.89881042421
3678.39381380745,4530.96777063812
1642.37364973602,3118.81242264024
4325.09644490751,6840.26867821987
4160.04185140941,5976.82404793259
8473.83084961009,1332.704398308
4041.05257781804,3797.04243545373
3593.71456152267,4520.34014959116
2309.36540049258,3834.09681832581
3950.17533457855,3740.267352197
4980.90969705236,5943.23623241589
3899.73732746304,6842.71235872082
4281.17608347949,6251.03722170942
3341.55668561725,4031.35963906545
4040.1164245761,4270.6783745971
3823.51489103621,7019.856995139
4210.33631984581,5348.889918778
4036.77865262054,4803.41890658012
3786.60723191263,2766.22831360732
3733.56960237567,4944.53204698066
3900.9088411883,1820.37765182234
4257.96375684768,4979.36982262208
3907.86661291862,6218.30188238063
3637.17629313477,3348.58308658312
3905.29933190703,5693.97236421391
3688.30077825104,6017.62915688936
3564.81039356941,6964.95727492462
4131.7086656558,6391.18413785927
4986.89847901263,6297.07093585641
3603.51215586806,2616.02188244149
4370.87837720831,6708.81693461562
4030.9265973793,4819.04763669176
3811.30805404516,6022.85776207958
4739.69665861422,6839.75702336502
4619.4454274159,6205.51473956202
8694.86369210898,7979.40393853425
3848.51283001342,5840.20036174188
4393.38078378403,6782.69820423425
4233.51247959544,4605.41735771535
3333.97481236034,1057.240947265
3179.39447259449,76.2681991456791
3696.86865461306,2621.93255315308
3903.91008395166,6121.46084114752
3633.81813389742,5559.11071585803
1726.21248588523,573.659611166758
2707.3563738996,2039.74819084381
3321.75585305318,4979.54065614386
4387.74347418292,5285.80668087286
4041.70082525845,4174.85979736317
4141.4245915245,6512.97448466724
4706.40718422836,5936.41642291263
3427.81875017043,4389.62713411204
3202.96753752767,4.14871711745968
3498.05116395249,3087.21392965628
3165.54238936599,1171.81368349144
3562.08275569778,4212.82331902693
3206.58745042839,5141.90861578307
8907.82827512857,648.734336877076
4732.30209705288,4819.84345027591
4240.09183660447,6688.24375804307
4203.02098630645,5824.96953842232
2130.58193619977,836.847415675278
4133.17859740351,4728.51475010706
4502.84581994882,4096.94364293055
8121.49778213014,1502.68808674842
5155.11062686254,6477.90963575552
3035.90606410526,3439.5138799599
4876.11620029435,7970.87917665518
3792.7655743956,6009.50230180236
4170.58360276907,6543.54987936913
3625.51097018629,4747.21214078201
3556.68992341563,4376.49874710512
3542.08845396053,4524.77294119722
3087.95398873106,4258.17539050779
4082.74712915244,4247.3773587943
3349.2210560641,1797.01976198815
3999.34402819729,6870.67366225523
4488.76416506221,5939.99716118604
4261.80892019922,3344.43445370636
8868.91115725255,2204.21922107852
3824.62564089753,3031.74610341093
4600.78945213563,5068.70941168581
2886.74434838299,400.209143943324
4139.99833833165,3627.68383278948
4451.90494860243,6661.87365882171
4274.4388229383,5721.93366774832
4727.18954910011,6022.91442468334
4627.5791748685,5700.22385625856
3941.40451441454,6667.38642274123
4351.33625228827,2697.63231178267
4015.96327120494,6533.77515736533
3331.63694517033,5004.37579080069
4118.01458216377,4242.83081912546
4641.49849383326,4370.02018179018
3460.16581636836,2529.63762873355
8941.33811338008,1362.4274225358
4724.28827763947,6348.61741392292
4627.94837147339,6005.52407959213
3953.51604588918,4805.69217641454
4250.91967003372,6614.1349922989
4512.35237988059,5481.59204536223
4083.17007296781,5929.31245468007
3723.47689603784,6460.74636393461
4737.92175726105,4830.01607907178
3826.39285387814,5886.4044865554
3673.61996082794,4722.54741679171
8412.44000833477,2867.84339063482
4991.92019940958,5052.05779471974
4093.48620226739,4238.90925951899
3019.51867781569,3084.99753385325
3208.08218434053,2079.3029168206
4629.19120642107,6615.10121654958
4320.85877449327,5729.26470925117
4082.76165014605,6796.84905524036
4360.57992522132,5628.84335259989
3823.83651529808,2594.19853431659
4545.07547510514,4941.34963835457
8777.7600114078,2218.59756821017
3723.32436564479,5882.82417113725
3713.72831409441,549.165139272271
2060.06520345154,5419.9296011036
3585.71073907422,4851.7825531653
3961.5755240329,4509.14421108559
4347.44967176786,5369.29268468401
4695.21947396144,4827.00408111223
3747.16368387138,4244.36493797949
3967.79469605539,3929.06249651658
3343.58779271352,2950.24942213252
4483.17168832046,5589.06113049755
3968.31544553954,5531.14941232362
4134.63186750953,5316.09791684545
3115.58708806854,4998.18138421505
773.481000103989,1847.71355243913
3385.2374234921,3578.46771001641
4503.83217085502,4106.09338487199
3494.52336494997,4362.5749693693
4572.84611170615,5502.84728745615
4347.38144572789,5509.26919016734
4141.39681559728,4785.91481342615
4388.72712625643,4844.79233299551
4512.47778716789,4690.66455365082
3758.69062494304,5150.88836991322
3112.1854098937,4247.03611460599
4196.89743456851,6526.61410367376
3543.347835101,4835.92674978337
4916.64830217684,7301.57204394046
4670.11635400982,4317.2804062027
4055.60785073996,4954.19344377694
4208.02180739266,3847.96351060262
3793.66640317342,6628.7408355561
3613.61241694828,6631.69617091189
8229.69576065193,3804.08974108253
4330.28544348068,6145.55724767921
3937.99841231691,3488.50292946268
4218.18286956153,2477.80720336536
4724.3705225428,4685.09512712755
7600.52460917313,4241.23919195717
4016.90997276105,4811.20494033406
3751.66659713697,3788.57433617841
3760.62403871609,4638.60684358472
3828.09042729635,4916.40033277972
4551.35650112193,5340.13808362864
3992.91680856514,6713.19264076267
4606.51007255018,5569.17001944639
4288.89403756628,5319.28074832679
4204.80908287568,5988.41747037497
3800.58066819835,4443.44688201297
4365.33986753413,2707.80515200617
4585.34545377333,2085.09983946942
4380.89142592436,4695.26817877867
3012.6999034761,3001.51174146972
3516.28400629764,3467.81621625499
4767.82018583391,4378.77201693954
3388.45645894883,2035.31518781011
3488.41236840293,3854.95415362766
4186.51634597229,3243.558104804
7649.77142296012,1367.59904798081
4586.5359065573,1707.90756333615
4349.41887336085,4835.18802165824
7071.48414919429,1639.25479319392
4748.9866539355,5209.76588948258
3996.98415449464,3409.73408741453
4591.33097945637,5261.8806850077
8859.29863778009,3569.26088261596
3952.275761877,5449.93667834689
4089.93611049989,5991.60030185631
4549.02689868053,879.300708690297
2252.27633469433,2017.92463129128
4079.30627823317,4614.39668899026
4777.31843031907,3869.67332209237
4065.88512391561,5358.49465297052
3837.96202446674,6742.80223406914
2794.60411337989,2330.49923352394
4299.8856699506,6023.02817274611
4036.10330928295,5666.0110606795
3478.19186827221,2219.9614878253
4699.44424135571,5816.72893527255
5161.9995629575,3219.46148684468
4391.8763451573,6783.77775369245
4331.97475661523,4801.94145032985
4639.36468900442,6248.08188635363
3102.52234694863,4942.48627327178
3443.55295125729,4038.40694469425
4855.54426440351,5355.25515888542
4374.17929361418,4101.71725586968
4245.76445846507,4409.1770009749
3990.62552038307,6936.71223551616
4804.6400360129,5489.32141651241
4011.77279428823,6123.84785904471
4159.81976215857,5938.40553401775
3908.77976621225,605.655905228973
4831.23384923333,6911.99042606685
1506.81487171489,1162.49331945585
4514.99461168618,6247.34315822849
4305.29738151993,3363.75724729892
3733.00665741382,4877.64099753182
4854.49242187565,6737.06197402408
5043.23807558433,4798.30404945268
4045.40738620612,6192.95509286896
3949.95678468805,4305.40240217576
4274.46155732514,3491.40139078709
4030.1678907051,5767.51281249947
4062.54747177187,6138.90827169774
4100.0822380867,5453.5174166203
3752.93208186818,4225.78129536732
3469.72987747715,4151.38837089384
4522.40572198081,4875.82271994848
3919.0255720402,487.104893935385
3581.80521186842,6465.74747299928
3763.41199088888,1561.62269177679
4091.52152992831,5438.85448790409
2966.18766442019,1011.207233118
2940.29705286918,2931.60869406133
4479.40657260875,6078.09830362702
4255.82067413024,4614.51043705303
4342.5702002335,2339.47877622647
3836.17081430561,3965.4918993263
8738.42783562519,1468.7027872949
5196.79966997051,6914.7182652971
3863.24309049575,5137.13500284394
5125.07233772112,4846.55437083033
8997.55963569643,308.14171564934
4123.4244025403,5482.55826961291
4376.37870063125,4853.09002160429
3919.04204530115,6754.96397397013
3248.26401220979,5333.20452606261
3651.69509665844,5297.96884362911
4290.20713494076,4869.51414244482
3342.38038318857,1753.99804580072
4175.80141310504,6489.10515140584
4761.01120236492,8656.21336912886
3780.27410709791,1596.29005675169
3785.89183162634,4079.95078177617
3973.36169390562,5199.30867910216
5190.8300081665,4921.96975930299
3422.12083158443,2293.84275744393
3640.8511309506,5307.28899623707
3363.07486846241,1854.47669933863
3611.71193705104,2704.850028078
3921.12257445699,5898.79414543719
3363.0622324327,4859.79608304478
2149.30055044259,5351.27693667519
4246.32047750864,3879.90303634726
7637.71889942279,1904.03385487239
3350.88636669193,3485.2065613462
3996.64157312366,4680.54858745871
4137.1497073893,5576.21690221993
4576.10693559557,5035.8607471495
3380.28848411037,3655.13348146905
3493.78173237777,6270.70083663505
4287.89858190396,3076.70005667209
8699.91290337623,5505.97303347848
3142.35405160756,2046.1132195236
3669.21053471561,4132.00891469752
3843.42572643478,922.32231916392
4972.58811529155,4990.50909852389
3052.75407236987,5605.31484067155
4023.95363438552,4512.15620904515
3803.51193040263,6689.09623423098
3621.7610320831,1746.7804352192
7847.06010897592,4024.93773635427
3821.52957178218,6938.47385049573
3949.24330539908,4035.33786127569
4557.00771691285,5454.14239668267
4054.89485185131,5911.41045473402
4114.30890729432,5242.84205014444
3621.03345827514,2705.87291493244
5035.7128088976,4831.94852757314
2609.78663015802,3696.6206559472
2322.84148981872,3178.59950385652
3335.68250388135,4447.25427070142
4420.97598317321,1933.81364741776
3411.37862417541,2286.05693511762
4105.50621036838,3727.99186423324
3759.69391982041,5323.08855987049
3924.0112764226,3035.6676630174
3942.61940643028,1412.32561083025
9539.097355555,5226.19043317836
2047.38155332315,6788.55178948683
5249.60275594423,7408.01739651085
3447.57102422401,3215.19910590514
4283.50134731895,3471.33965764177
4866.38453716202,6913.29747165059
4219.76472314428,4776.992144755
3898.12564802238,5579.2859856385
3195.8155627005,5613.38503315479
3520.96657492914,6705.86159925982
4409.2730814149,4727.71893652291
4238.39654493619,6800.316045451
3743.01106679212,5506.76842420737
4370.70071442473,4452.99453074648
4148.25625639651,6792.98458109289
2301.95544398157,4756.646464308
4366.71082985905,6994.73727889761
4057.8795515941,4750.96328972195
3979.57578055397,5823.43499671304
4112.4266349988,5058.19553870162
4067.8757769399,4940.26966604112
4581.917586703,4618.20450053396
2949.73692378233,2492.35617259117
4356.57248848796,3073.68805871254
4179.25983158231,4337.22817985763
2687.34287599533,2434.16029568794
4012.03206285861,3943.78208783655
4166.57315411822,5245.17198258262
3582.86797786021,5928.97163334701
3657.93469184136,3669.79598733
4150.88934745224,3835.9155187644
4060.23335723216,4563.87309777819
4160.53733134463,6540.87912559789
3564.76577064835,5373.66881368632
4390.38027382493,5661.06661421859
4288.47644878435,4531.30859197118
3792.67153174146,916.923303307174
4197.39698519033,3856.31786181516
4101.39119670851,5581.78632874321
2486.725576924,974.039207896961
3980.23213327119,4553.47297285677
4605.21397372303,6238.1929934318
4933.67531338941,6096.05696617683
2427.17757572502,1759.39706165746
4597.07318064357,6982.80261226691
3394.04231138868,5586.27620580829
3588.78478414134,6362.3136955332
3600.18767719223,2129.59901190713
3978.96147766484,5169.52909798441
4987.11880074511,5805.47633416323
3550.12069138695,2985.59885262879
3457.23944397406,5964.60522257258
3362.13816854271,7605.50771337603
4915.12117263007,5282.45386158024
4360.9473363227,6162.60677143736
4686.66419141211,4666.73855778566
8075.89001643857,4303.4699536744
7783.44032127319,1627.14961018288
4067.59582845896,4637.18604993821
3549.86995312914,6836.68836280171
3402.74653789497,3209.00448789188
3762.76027669776,6135.61169215363
4422.03771353047,4828.02696796666
4207.37771908211,4187.81735084831
4478.07273241012,1097.7051291749
4418.90098179348,7328.8512819535
3982.21808845637,5943.34998047866
8321.75476967875,8718.72828957539
4019.66103757884,6837.4837535306
4557.96667736508,3642.74424544251
4295.84208746558,6322.98604282669
4012.44555513268,6185.05531105225
4238.166701019,4079.89411917241
8699.89654634445,4959.76287030021
3478.07766748721,5107.52540953747
3333.65604194468,4573.13658778239
2690.80769450621,1275.19069263995
3008.14369195699,4607.69062754977
4348.42695518265,900.896772117281
4526.47225169506,6025.81309743537
4594.50961120955,5507.62090039528
4286.66445477506,5550.01763652035
4036.85498860014,4477.60259213302
3973.26641804922,5439.59363888448
4204.45609002148,3201.55948689863
3126.22737775594,412.598459255219
3871.89114027908,4455.72236997673
2683.38210329937,2310.60812247277
3738.67332128041,1972.00466520706
4313.66047310882,6264.84725138247
3793.9647580556,4856.04493410483
7938.24106943198,3918.09405413656
4603.68227220871,3786.01690761469
4481.67749850494,7148.18299272092
4361.1297167262,6108.95785705821
4125.240591496,6002.96665102841
3207.02795688634,6490.18512371929
3438.35820180053,5836.50629826095
3504.19044951196,4802.16852360014
3246.97659284044,6343.04756454439
4404.65158712669,5016.99252295277
3781.25563294091,4370.87265797808
4341.36441488644,4361.38167184833
4468.83441125893,4850.36175951878
4165.47063211787,5580.47928315947
3888.65352289425,3283.85177033356
3908.53805173212,4792.4504642001
4462.67084765306,5760.46550687067
4915.59475745776,6609.92969681838
3835.41245533687,6120.38086883407
2790.89961452782,5033.41706664855
4102.01277388558,6173.68896188015
7687.29254595734,1122.42693862421
2467.66263807814,2575.10302542194
3426.85896679156,5140.65865565834
4955.037166,2302.367519323
458.439058201836,4974.31205095365
4372.74419551983,3498.50535901966
974.165182595243,2622.89856597613
3808.90812187719,5586.16245774552
4344.54990298232,6322.41772536809
4066.66215193612,4712.09020641128
3861.49841678027,6349.98112211042
7792.04072470204,3299.36675238242
3564.85799160257,1317.01879416498
3599.93216023326,5124.23411196256
1322.54976665815,1670.22809468789
7693.8158190951,7910.41002991753
4168.08914264156,5256.59541721372
4232.94785716255,4711.63563701544
4121.47762063653,5453.68782728683
4066.34299049481,2297.25266219556
4060.88386084056,3818.29767754765
4273.39582017435,6364.35946924207
4233.35798329883,1130.04235028399
4569.93116174738,4401.95970753482
3670.22512207157,5040.1797906928
3079.17090554996,967.105756044744
3887.85786743974,1492.68576290526
3770.96741881883,3040.78252014484
4700.74922828153,6504.05223885135
3762.83333215182,4755.73690266108
3897.81817985315,1610.66840388334
4405.18222852213,4393.94617765534
4057.87308928211,5754.55483615908
4627.28170599496,3972.08421270402
3936.97642295218,5818.37722504461
7715.62184037176,1398.57234947478
3985.15996362423,4849.56636878989
4010.03740650327,5223.97382594771
4724.72167150775,2604.14408984217
2965.08534132408,2505.71163286839
4604.37726402776,5930.79033378559
4302.55073693509,6708.87359721938
4700.13180204618,3039.41838910209
4285.34610268562,7593.23222541227
3661.21785259475,4197.30833697806
4196.72448256814,6564.57762533751
4122.5582645221,4565.00973269539
4373.46371527693,5244.14909572818
3099.68280056202,2509.86026574515
3776.05753355347,5456.87023591292
3951.8064225239,5291.66026612544
4279.75177368363,6627.09254578404
4228.66622438185,4813.76236889778
4113.73703950703,3644.50586042209
2961.75276566845,5253.86715512822
2778.50529808574,2280.60104522949
4507.02840085247,4692.65366475594
4014.83586463377,1925.23222293493
4601.72577838438,7286.5682938912
4499.57408625015,6689.20998229375
3632.44998879478,6408.34740968019
3923.1317684528,4685.89094071169
4313.04402988538,5939.2013476019
3528.22756767852,5536.94633497244
3618.24538240809,3165.52820230861
1859.91867418082,6023.48274214194
4343.75087445227,5083.03109621371
4278.25249308651,5849.97550660093
4327.30596262211,4655.65636734287
3375.49785268529,5838.9499787619
4185.07470939901,5610.25928713247
4451.37074582278,4775.34385498295
3535.66447654803,4716.92090480942
3815.58110334614,4545.28903231076
3280.41069003076,1403.63043828465
3731.16529352054,5802.29350268189
4282.30013053131,4008.22903392918
4395.28210078116,5017.67458847415
3694.16515451418,4249.36646989942
3933.25248971901,377.703756725501
2410.14921750289,2688.59610647637
3737.11603818966,2205.98104748572
3943.80692981374,6376.97620139415
3781.25015550367,4571.99995286518
4533.89209406551,273.474350674445
3921.08164878513,5043.1351260486
4525.9392721709,7004.05785436083
4623.47272999273,4221.46182896877
4469.24802105432,7213.76699658602
4340.30621187116,5726.42312195814
3710.22710006989,1453.86965933979
4494.90727328736,5404.41461905474
2552.9570740665,2310.83561859831
4318.25564933752,3316.53002420334
4407.78056374133,1389.42250181953
3923.49524321238,4092.56751392824
3332.67673654249,1822.4802995626
4076.71783018244,4116.60725785618
4012.85664194233,3719.29669168763
3916.45995344927,5657.20214007112
4469.71195776106,7383.97807543817
4203.39382259243,3244.18329629399
3309.82034813155,5065.07243366389
3874.37886884507,2892.39478941759
3902.7539681948,4393.03703886367
4302.38632898487,3886.04078032914
3986.49911439705,5127.01903665182
3705.88808583919,6443.24227078063
4601.08040981938,6441.70772907134
2546.74654111077,3439.7980386892
4603.01063259328,2881.0284402455
4201.96112840716,4186.22614653527
4217.95277133818,5787.00601675857
4027.12251445774,4295.911416046
3916.939593073,5577.58103326269
3857.71662078269,4229.13411465994
3575.07488592136,5927.89166103356
3668.77104225059,1201.9345087975
4288.29289986487,1495.64099254724
3734.62695404377,1376.23745220884
2327.09428005085,1964.78694891173
3065.93760091761,4207.70846189948
3576.88136407531,949.203756098692
3856.17863662902,5560.8723308376
3633.20814597159,1172.8366760597
3556.69112027572,4524.03421307209
3685.07148195303,5254.5492206496
5514.3484927351,6387.60382244111
3250.70572538945,199.649915444521
3853.75260163125,5662.71490399064
4257.27767793191,6785.53979152727
4654.72358258379,3134.10011999118
3707.33839228586,2915.52518312624
4298.49459536338,5425.15820629382
4363.78033359442,3063.8560398221
4011.51561331695,6461.08718526767
4457.59727983061,6995.58975508552
4252.72877931856,5307.91439915469
3747.53277908727,5696.3593821111
6824.10524958315,7741.96141175546
4234.36516813184,4796.65575968063
4905.44472186904,5114.23189383321
3658.43859839564,3096.02285026466
4284.67250800018,5969.20842484518
3769.06753844166,2424.89680568373
3726.16527715206,2852.95360007594
4411.98826261321,4463.33799306414
4912.99020411041,5871.79906615346
4697.72201674815,4973.40248930673
4354.22817512199,6659.60038898729
4254.75276314264,5442.37814071849
3814.28518349756,5422.20287093802
2014.28157386797,5693.63154288084
1601.01680336296,1599.87037216985
3891.67635765584,5867.19544102561
3007.05355737465,1065.99299384199
3873.1571062264,2767.02391576384
3647.17188617632,1874.59509508771
4240.75803606209,971.709169744969
4302.21008328253,6364.13239597178
4465.3383730411,5874.41315732094
3938.83688173402,5311.49471457285
4001.9176259286,2847.5545842192
4218.42100985203,4230.66865636922
4400.72462923883,6304.79988415134
4807.14760632277,6351.28816769416
3209.77215950078,4255.5042138813
3115.7895680946,3774.36639971329
3852.2381013747,5984.49633362375
3515.33630463776,4456.29068743534
4321.98433735239,41.714499644639
4763.96857446153,3716.28469372808
4274.24891337012,3201.84364562793
3897.35761747826,5239.88671478864
4348.81116896432,9055.6838799243
3631.63480022196,6148.34217236848
3278.81262318158,2372.49785142931
3974.26278432828,5318.14411340958
4471.8032713595,5695.27940979765
4170.18387531138,4138.1466586794
4288.65337385372,5195.04629816262
3791.79138657689,1170.39288984493
3548.41657283396,4719.47833337314
4007.639867684,5795.47369317863
4039.87971541852,3990.83868883798
4162.07661476261,4641.10760954468
4411.79878956003,6287.40953906013
4046.95374680292,6753.94108711569
4420.88690610148,6450.51664967972
7425.34412191265,4879.11887663734
4347.06755047727,5996.14684152515
3917.33048077243,5611.56633271621
4328.51142534133,4863.83096785877
3921.92587579525,6153.85493628799
4110.98069913388,4939.01928306114
4257.56648745532,6518.82806991982
4057.7017821268,6409.02947520157
4373.56101940059,5885.94991715957
3591.79599838864,3568.40840642805
3824.36921955226,3075.73404384904
920.115542779768,6116.11848789453
4319.66295347106,6462.79213764348
3761.43725774956,4869.96871184065
4289.50960140355,6764.85286689196
5181.17852465464,5665.78398740921
3752.89018632749,5607.58811050597
3906.15835749812,3612.96424146952
3776.31654890842,2051.17120261966
4421.778747496,5333.4315993329
4040.47268064806,6667.27267467845
3564.91072783201,6543.43655416161
4905.41377407787,6891.47391209806
3932.80865617882,4123.76831154775
4045.46818304375,2678.87783564871
3704.72657204498,2293.72922080878
4333.16428910028,6661.36242682211
6426.07888221009,443.571734320729
3419.89844684839,4235.04478537153
3836.21398265007,3348.63996061451
4505.26289582653,6930.11949928319
3865.20042756143,3794.42834428624
4030.54689781291,988.076733695551
4732.15129534948,6815.20562458224
4366.30416260255,6134.47505723642
7849.15173786915,946.362168805668
3982.47357283652,5390.15001998586
4277.35316698349,4894.69052128996
4368.49717092297,7022.0731795144
3785.54801022667,4768.06947608385
4082.63240876955,4474.76100484
3687.66211219787,5529.33071188504
4177.78983087707,7158.18521085026
7955.8493089267,1043.5444542271
4154.03183921063,6610.49801427698
2806.67445528513,3075.56342175488
3441.51149313973,5230.33906605513
2838.44215890822,3462.13304166895
4467.03492177921,5953.12512533771
3918.8632209438,5531.49023365668
5028.34994353114,6989.56575916641
4484.53193682875,4726.52563900194
3893.27716210092,3017.87919970649
4128.4717623502,6287.97785651874
3527.8110927762,5346.84414506912
4307.11628120954,5715.96633443296
4204.79453454171,7275.08861951158
2686.64448555466,577.012694743908
1966.64856021064,2389.71799728161
4495.67776009648,5258.30036958954
3610.29023281749,1035.30385107733
4117.25971213115,5578.49017205435
4184.38560463913,4706.69119055453
4412.65382727295,5710.22607438791
3705.98837815806,5458.46144022596
3878.50983117956,4575.69401634611
3470.13517350436,3467.41830946292
3537.28963059661,5590.14067995575
4435.16250135257,5542.00410664087
4134.37306599051,3751.57703876534
4809.88734928846,7027.35887016363
3630.44891751296,5242.72830208166
3922.44621006947,6794.74619607247
4490.97015701153,4781.3111882983
3171.72540704765,1129.30362215885
4241.64243249475,6842.76902132458
4109.53627291247,3953.38639917382
3264.64080860351,7377.27159114243
3777.96438424556,4633.26491318699
4161.53991107595,6319.40572740853
4765.36237963483,4722.43366872894
4313.99749984587,6136.12334700847
8070.33876272179,1375.83965113058
4306.36492298127,5900.55576041677
4271.98442403443,5627.59296961991
3405.87572971521,5491.31052761752
7133.31040656013,3410.52968957105
3449.10773121448,3894.39513154169
3480.39982438277,6518.37350052399
4685.56471179293,6684.83385329144
4351.58182002822,7345.50247606432
3788.60562599937,6430.90969735785
3363.9627902619,3112.67467865836
4100.34878609199,6005.18283540382
3630.87935368756,2791.97300991107
3208.66520773088,5803.1459788698
4582.0907380387,2935.58691627156
4432.76738945082,5292.17192098029
2599.50835849691,674.82011879842
4273.05789689145,4964.59356869836
3481.04310990015,191.466146683457
4060.80067534224,6268.31381873786
3668.17437008622,5239.3750599338
2357.58290848786,1136.63487508933
3712.58574157844,4877.5276723243
3363.92758520676,2561.97506127027
3487.07327468002,5790.01801471812
4046.0497064692,4372.40719968737
2861.63829880608,926.698448166228
4405.62697886301,4596.55135164796
4078.83155754,6210.17502729363
3690.45841432466,4379.68157858646
3759.13415241075,2945.36184970299
3986.15729460422,5892.20140920423
4013.23978689889,3036.97470860114
3593.43347391765,3381.09092978637
4332.16317704438,5581.16134868085
4177.30208754608,8161.60634662087
4022.12717189629,6875.9589300492
3376.59629714915,6634.13985141284
3898.238432427,5262.73316119561
4792.9858514648,6330.8858246434
3204.75541460942,971.481779333239
3357.32275266078,4937.25766808156
4806.67914626913,4445.60640378462
3681.63366154834,5280.40766501612
3715.3764685223,4828.25446409221
4317.51254520488,5115.82309814625
4339.18153354651,4231.12322576505
3582.40431175618,1960.80872670149
3800.46161823975,5502.67687678962
4138.28208017701,3805.73760799933
3591.7949261154,5786.77852063303
8766.20766801253,2991.62305997552
4163.75769039225,4570.57915921867
4052.09323217824,5092.40833428069
4086.97961949387,4907.02309471274
4015.86875809238,3012.87809064182
4386.25167581135,6435.85414381876
4043.59900259545,5267.16595280167
3775.94423073215,6065.19741274564
3316.66514888735,2700.92867989915
4524.96998724003,5871.05991517307
2981.6618002249,3516.29361090294
3409.77715855841,4882.18753720065
3638.21255831932,861.057728840463
4231.39909269366,6999.45422923298
4659.04566372222,5851.68045897675
4388.66632842585,6454.83569322302
4617.66679160748,5942.15668295769
3197.26153316461,1935.80275852288
4663.80785220124,6951.3176559181
3654.53103090223,6833.50553132037
3897.97744049402,6525.98912361139
3516.22057189325,2668.07980393521
4227.71742181812,6087.87302563082
4340.88536037183,4825.12871806988
4726.35913179429,4813.64862083501
4098.45807256509,3706.50954886903
3885.39003181256,5051.94404665697
4116.00123095665,5991.5432163973
4385.46434361777,4969.65176322204
4383.32984359274,4505.9618024595
4428.70676915171,6091.28293038245
4732.09451244585,6928.41454690738
4030.38724133512,3060.73029379977
4249.09191917176,6475.0680484625
4914.89361096681,4347.28748344598
7641.62583788942,922.54970957565
3824.95934413167,7608.17931285778
3059.21108861741,5273.30369678356
4141.61980763039,4589.95903827025
4371.54383753964,5807.5221078721
3941.58818765111,4659.00960949074
4166.38848415532,6519.05556604536
3928.63512248313,5697.04144763247
3455.44541727633,1149.08098514725
1423.90899215051,1362.4274225358
3913.3520834196,4974.53912422394
4070.78403074306,6324.91849132805
3852.99240648173,4387.69468561069
3456.91985242411,4065.23161331145
4572.09148975374,4464.30379445957
3870.81114814996,4725.27525602196
3364.58030082016,4409.12033837114
4747.7806509751,5604.97401933849
3454.10406196875,5725.62773122925
4422.81753213863,1174.93942951377
4808.89626417715,6422.10077674948
2823.03936137611,691.585483827262
5048.82127238757,4554.60960777398
4894.01261620389,6840.60949955293
4508.53145541663,6337.87604481319
4438.14673172784,5972.10709759722
3955.4456064942,5507.16633099945
4024.66148235221,2542.70893028146
3963.74951849941,7120.10794112374
4310.71053262191,5916.07074246563
4225.71844845074,6539.68540522167
3749.80931591977,632.42364695788
3540.22372278019,4200.09326166733
4022.71430230101,6475.46553239932
3624.85718371292,4951.57935260946
3714.65059710387,1841.80309315516
3192.38693043161,4585.3554131424
4074.22102305977,7238.65879384661
3934.26638307565,5505.74553735293
3424.49547244394,3419.50923227358
3431.91564107268,3398.36773824243
4581.13821375251,5324.05436126592
5154.24777254289,3934.00694297749
3200.49695919947,1835.43806447537
2989.03860292459,320.417362183823
3845.71563417502,3795.16707241138
3909.18984256359,6803.66886474361
2564.98031257594,1716.20493480349
5039.37917736656,5677.54782051813
7805.55988140816,2979.85880401135
3978.99540962402,3343.18407072638
4271.4252659609,6452.3353501183
4188.15293117454,3887.00700457982
3950.50238293864,5089.5100843839
3876.66544801358,4144.45481332781
4264.2447596414,6867.77498950319
4442.32154075984,4171.67738873709
4522.60539475245,5023.41442566396
8401.84141003688,2418.41802894116
3850.22842252367,4874.0040195099
9152.20589769686,1732.68614110303
3361.27178111146,3745.83720157553
3922.93222022847,4575.29653240929
4584.65486488374,6036.89528787817
4175.31379661839,3892.34935783281
3787.10623201897,3157.85591661744
3195.73479939804,2803.22582244802
4042.11994942345,5238.18176241283
3543.97939956444,4092.68126199101
4464.049847621,7107.83245315997
3790.87798719963,3658.82754494998
3763.20906912999,6994.45312016831
3411.15403522719,4638.72059164749
3460.33536589905,2197.05837881457
2020.6114004786,1464.26988997502
4658.33930670068,5203.6281455007
3652.89411382273,3775.84427881882
4634.28376919436,5809.62496703999
3818.77494551204,3136.25985319046
3071.63240979251,5959.43327998613
3108.57391503633,3339.77416597475
3741.92173282361,4181.11128940783
5567.30570779683,4836.60881530475
3934.93846630907,6531.55855013467
4026.79437053652,5354.23227203099
4759.6186626011,4925.60716018017
3719.15042583089,7110.50320693122
3783.72203582493,3680.59401904349
3769.50564862178,3521.52221609315
4682.77324212384,7170.85902846135
3043.46440535896,1038.48647113104
4038.24039266034,5261.65318888216
3146.55415953275,3383.42107365218
4364.4427973264,5369.06518855847
4008.99145198831,4761.87506949821
3975.315957983,6611.74797440171
4195.96997572634,6088.44134308942
3488.66660011688,4384.91018377667
4502.25495612959,7067.3115029325
3646.01881412633,5305.41363319473
4221.55919705864,5449.25503568076
3517.5407831633,3801.19106833049
3917.58935517549,4200.94573785524
4102.73083775662,4014.59427403661
4196.0911309707,4770.79731531411
3102.78551205371,2480.76232729353
3906.80716682279,1453.75601699083
4323.65033869572,3719.75126108347
4853.07879929058,5172.25693721467
1916.44043362091,131.508654800647
3810.82971642937,5092.29458621791
3831.81333875528,5757.16935018182
8745.82490086104,1306.16399413392
3775.08696874555,6935.40476707717
3842.48025297715,2525.48899585679
3920.68946720512,6366.68982453551
3331.1637207131,2661.08958376542
3915.14998674229,5387.99007535896
1754.92934671818,2104.42263306199
4074.51905649427,6497.85740941045
3765.90044293036,3658.82754494998
4683.66487215594,4578.13811970232
4409.40624795192,3494.07235598596
4500.08278892537,5361.22249220077
3961.72323331745,4205.26478139853
5045.73798156176,5181.35001655234
3770.4317700853,3757.48770947693
5026.94643087698,6659.60038898729
4570.99551498621,7094.76115161206
3689.47131795265,5410.83652176593
3959.63697069275,2267.01830025435
3961.34110336561,4395.48071936462
4192.43103252438,6207.16302933408
7377.19013164477,656.008821489981
3458.30876992577,5689.5962352116
7814.35739111148,3824.66249479982
4070.3398723926,4706.8049386173
5858.62969267497,1177.15593103062
7286.12879214809,129.462709306824
4592.28917214809,4144.11399199475
3206.76288923205,3969.8109428696
3946.80762813154,3373.98696155381
4167.27393358076,5829.34566742463
5014.2296224752,4951.40894194293
3835.95446613332,6775.93505733475
3769.96230947503,6313.66589021872
3711.68747256594,2629.49109078147
4203.35060058338,5311.60846263562
2114.15303393565,2407.27896446698
3868.40164514456,3627.74049539324
3738.34564735761,976.880795189985
3438.43005882079,4526.47789357304
3918.65253916651,5313.9383950738
3422.61809722072,3759.70389385234
4225.34806448781,7951.49972045886
4549.33369526176,5888.67775638982
3555.54186019199,2653.36042404287
4546.76359690245,7116.64137376835
4146.51763851502,5622.87601928454
4580.52726656924,4726.12773220987
4373.94622449962,4975.67575914115
5458.97933162606,1037.52035259417
4544.59056672653,4958.73998344578
7714.22068300803,3084.37234236326
3721.44447581266,3254.07197778819
3610.0276398289,5059.33217361883
3933.65908848149,5635.20816985207
2460.77759962895,1590.83416686356
3812.29157766616,5643.10795166877
4409.60345048146,6561.73603804448
4378.96957045706,3181.27046905538
4073.70537598617,5766.77366151909
3844.32274754685,7469.96399949878
4358.44785941442,4473.68103252655
3058.45997275792,2611.53221680403
3755.16761591443,2684.61788426614
3720.46396037113,3413.37127686407
4713.52906042785,6237.68176143221
3824.90890029093,3295.38853017218
2150.97554313872,1712.16994427569
4194.59285508591,6613.45292677752
4450.23533091208,6889.99645584779
3373.36867060106,1140.66997133095
4092.39859005908,3912.80878634258
4684.22492942465,4263.85856509384
9067.24411576483,6226.14500159358
4218.52519887623,4626.21760755819
3257.89813692802,5379.29490281336
3483.71487951385,3602.67786461087
4185.95525071946,6584.29832572215
3876.68382997985,4959.933703822
3338.84133103797,573.943769896061
3527.65631465874,2637.90210459777
3910.7996205411,4675.37706772751
3821.52652410919,948.976471400775
4260.04016335359,3692.18786434113
4136.65457816357,4788.9268113857
4097.64677316328,3925.99383595327
8644.64915269088,2312.82472970343
3954.99977549772,4364.4507552669
4688.23554141058,5314.27963926211
6031.63454406964,4480.72833815535
3922.68290272612,6098.21648794848
4493.30798364963,5123.89329062949
3008.89185186278,2160.97022019317
4614.95649197367,4525.11376253028
1461.1620850329,2746.67823531684
3891.02467457994,4286.42042991625
4727.48412730757,4641.96008573259
3751.35536432982,3694.12031284249
3774.61267230559,5116.78932239693
3817.30333627265,961.479455490082
4515.7006594034,4697.20020442478
4266.54284319359,2363.40477209163
4412.73035525015,5633.21905874695
4705.76327613113,3881.43757805655
3729.40735066318,2530.88801171353
4028.30876825169,3437.58164288617
3872.14281302783,4436.91123123902
3930.29139075591,4983.5188783541
4880.79258124467,7125.56361958424
4186.10475097054,6062.92414291122
3637.38116584892,1541.95886542354
3992.45631893904,4630.99164335257
2914.62677014703,71.9489838174373
3778.80183567562,4513.91824687997
4397.23252315461,5414.81474397616
4190.0451803045,4612.57798855167
2248.50634055162,183.850695380998
3906.66994127269,2893.19039157412
4613.11577788338,5071.89224316715
4434.06835973686,4711.80604768197
4174.92649391348,4752.66824209776
4875.17750634657,7095.10197294513
4391.42290846228,2428.87502789396
4419.54945495114,4519.99890540284
4118.77264996302,5747.56461598929
2050.83792820088,733.754618112979
4000.23980587286,6591.28854589194
4217.74678937369,4962.32029886394
3981.52386904781,7007.58108431998
3868.00224341467,4604.6215441312
3815.47235751113,3953.44348463283
4457.90401504676,7062.65121520089
4803.9549569977,6044.45382550656
4014.17694305244,6772.97972197895
4135.58154212891,4133.31596028126
2846.21481769932,3248.55921386867
3579.64227506177,4692.54033954842
4539.18376420379,4609.67973865489
4353.84107751965,5883.84705799168
3701.10618194212,2400.40228093234
3690.41982939256,1917.44618918099
4175.98361776951,5382.19357556539
3812.98399099566,4681.96938110522
3640.56745156849,1060.02566052664
4311.07157395242,5433.96712690219
3941.77559109153,5624.80804493065
3699.30862819586,2336.46656683929
3674.7047148964,4319.95115997394
3898.71173346128,5278.9868713696
5641.36232855996,6864.82007700265
4426.17585592831,6538.60585576347
3287.78302890261,2866.76362974899
4713.63071237351,5631.22994764183
4229.77346399247,6220.29099348575
5556.9153340042,9338.25098205843
4309.021088415,4320.63322549531
4061.7485259703,1586.79907062194
3463.1268313968,5506.31385481154
3591.47279347805,5846.45185378654
3507.51279722311,5163.90258600212
4134.59625422963,6564.29346660821
4493.63628926865,3468.15703758806
3888.08764467293,4172.64361298777
3976.64247598726,4228.05456520174
3169.79052183818,2646.8816473003
4266.22333298466,6472.1127131067
2445.69529279481,3208.37929640188
3243.61847579359,4213.05081515247
2934.47180229848,1445.1176127628
4243.01986746186,1290.70567468881
3910.23576818277,5062.4012570374
3402.03163145421,6456.6543936616
3888.26254077911,2862.27396411154
5046.54294234254,4824.27624188197
3854.68445548963,5143.78440168066
4597.43340389303,6973.31162613716
4797.65211189042,6334.01157066573
2251.74359826531,387.535669902127
3797.54781725572,5916.92321865353
3640.45039221036,6638.40223235238
2848.49672514644,7267.58632163169
4249.93746767527,5046.658778863
4701.64127907666,5056.14976499275
3945.92977914903,6208.41341231406
3804.67516187688,4449.86878472416
2338.53079118492,3425.13553282825
4392.42518200029,4277.61150930788
3356.7052666998,2952.63644002971
4660.37638120797,7021.61861011857
4514.34875479042,5481.64913082124
4125.14690693717,2378.80621750535
3878.60588514873,5435.1037618194
4698.94701317612,5159.24229827051
4131.19308565861,5834.3467764893
3870.74342456836,5590.14067995575
7940.14189456602,2357.43743877628
3430.36001088187,4895.14551354105
4115.53011243275,4830.12982713455
3595.34048375391,5097.9210982002
2606.4586456112,5030.80255262582
3452.26146674945,5728.01474912644
3897.68227326721,5012.67347940948
4403.76262369814,1553.95040608563
3807.77402856568,5138.61245909421
2435.25514304144,4453.22160401677
3206.5466819833,1612.99854774914
3928.38998252301,3436.21772327104
3726.09046513053,5111.78779047701
4523.53304114631,5269.43922263609
4775.83970968946,5834.97175655167
4417.80072544887,3682.75396367039
4074.71979502508,4815.1831625443
3900.92499659153,5156.1736377072
4378.14393481461,5606.33772752599
3883.09060657741,4072.10808541847
3731.88350628761,5076.89335223182
3169.09447927951,277.679910439502
3622.87624432076,5311.55137717661
4881.2591342463,7816.63764924773
4988.4634006447,5916.29823859117
4123.92939225383,4399.51560417862
7866.56502193089,1167.94910363017
3976.93320322778,4779.54957331872
3958.98798784879,6132.42928352754
3985.48246556961,5409.64322424496
5142.19787383626,6595.72176035326
3839.23137104194,7059.12756238649
4751.43127578731,5740.63105842326
3977.26288701591,3486.57069238895
4337.29699168281,3887.4049113719
8148.86954798067,2966.16231097345
3953.32121577771,4582.22966712007
3567.66476683204,2415.97413701258
1839.52660855082,978.472105216841
4472.04672934817,6536.95756599141
4151.03900000851,4538.35589759998
3828.32122000546,3633.08284864623
4556.59948426151,5785.30106438275
3475.63651080919,1672.44449049092
4151.66319159243,4620.47777036838
3650.03313459803,6199.43408103915
4562.60186330501,5283.41966297567
3749.57387188228,6086.67972810985
4524.69244853428,5216.074044131
4337.19976158736,4273.34912836834
3939.19825996752,5080.35991958721
4552.66056187536,3954.12555015421
4050.35264796164,6900.96489822781
4240.43086677498,3283.62448563564
3243.37930648896,6026.32432943497
4456.36640374539,7870.85530394073
4099.44706343769,5321.83817689051
4833.40668773773,5723.29737593582
2215.89183390004,3709.74904295412
3857.01547166298,4439.86614373956
8683.88840157482,3344.2638316122
3842.99040834139,5121.67668339883
4470.51837534379,6754.5094045743
1749.75788764951,1289.68278783438
3631.75697869927,4044.31719255059
3423.49987233278,4582.79798457868
8158.62977508308,3389.38840696753
4010.42534843861,5530.92191619808
3820.9984179999,1399.65221607441
4596.95096841454,6217.90439844381
4478.19316923485,5956.19420875628
3796.6025747545,5939.82632766426
4559.36785720865,5650.60982669341
3753.33257430107,6780.70909312913
4854.73442910401,4893.55388637275
4873.35383620105,5596.44925745942
3439.50517499264,6344.98001304575
3373.39679840636,1716.37545118384
8033.55907726366,518.362354158651
4284.66435415016,3393.59391387568
3748.43287207702,5373.49798016454
2912.75261894232,5114.34521904073
4793.50938906447,7067.08400680696
4710.22487852427,3727.70770550394
4115.08631077085,6552.18838931097
1499.01028713107,2426.43134739301
4172.81147658413,4748.12170242892
7555.85056971778,1121.68810478526
3709.41081043497,3230.37305519332
3613.82652004351,3563.91852936297
4276.39254372542,4062.39002601843
4765.41155096132,4474.93141550653
3717.3471509075,5856.90906416697
4478.24322754782,6787.41515456962
4318.39763983263,4845.13357718382
3719.63136822424,6016.20836324285
3938.13274458552,3972.31170882956
3696.4914721192,322.974790747545
4056.59992413852,6183.12328540614
3494.87175080327,3998.5676371329
3849.38664840276,305.754777037509
4311.54995496761,5022.73278299783
3723.16774040743,4017.5496093924
3698.48021318627,5028.07471339557
4222.89728356018,3920.13982784543
3474.99308031724,4234.98769991251
2842.72537481166,1490.75342011772
4336.29930112679,6134.53214269543
4597.19901211409,4423.8399296911
3620.27247889579,5035.0082709616
4168.09974452573,4520.79471898699
3820.14179886781,2135.56634522248
4254.45498687827,6620.10232561425
3836.25068705444,6281.66927901507
3915.14058625864,3045.95403987605
4122.69655398107,4875.936045156
3624.96658043859,6027.3472162894
4821.65073431363,2238.9434600848
1131.94902712872,2358.40366302696
8499.06469167297,3249.92334491142
3892.64768143497,4990.05452912806
4372.22613579081,6589.98150030819
1129.68239572861,3483.16078763732
4368.78495309557,5413.45103578866
3508.87122249261,4984.31426908299
3579.29234113155,5539.33335286963
4502.20380798982,7714.39801501312
3707.76846603962,4379.96573731576
3445.93397826512,4140.36284305481
3734.54050467769,1353.84578662534
4075.74850641282,5309.90351025981
3505.25182885478,4876.78852134391
3900.73913783071,4628.83169872567
4196.62699178681,4180.65672001199
7997.21409212844,8982.93924522288
3806.62952619571,5120.36963781509
3203.79319567289,220.166178343002
3321.9191894665,6388.22880250348
4712.60924841661,6759.39718843145
2799.17719733688,4138.82872420078
3905.81063044887,6036.32697041956
3817.26153955863,6177.49677342385
3846.64339295953,6147.83051751363
3511.48785688421,932.211106371932
4057.33815240571,4314.15466018037
4437.28572050789,5652.03062033992
4986.65068305465,6164.70963060525
4717.77420664595,5655.72468382085
3811.73289741281,4296.70722963015
4224.4157075622,4141.27240470173
4168.46826994599,3660.53249732579
7983.46304879767,2885.68851654948
5144.11444702868,6346.57121735879
5609.05536251279,3789.42681236632
2130.07535042496,863.04683994558
3661.24681455381,5792.57544328185
7931.12776904452,783.993892025028
4827.07141914717,5690.78995558782
4469.6527455263,6302.86785850523
3848.9242616303,6749.56495811338
3557.09061568091,609.577253407821
3051.3232592196,1379.5905886429
3993.53026565461,5309.16478213467
4035.52575579725,6442.16229846718
4212.51967230853,3956.51214519614
3603.09539010642,6875.61810871614
3647.82433702219,3933.32487745612
4708.93230738232,4514.54322694234
4832.82569289264,5582.5254797236
4505.17488113551,6753.37276965709
3839.51804471669,2490.31018745467
3364.87136831682,6291.95607872897
3990.51163888637,3738.78989594673
3845.19494815896,4556.59871887909
3325.71375378637,5364.57573434864
4609.25800533713,5659.58915796831
7627.44069385727,3383.76189498524
4228.58701652548,5772.11601477207
2574.09549240965,3469.52116863081
3341.71381500925,3110.57181949047
8397.79860115182,1451.59638950537
5061.53886010716,1357.71036648661
3879.58024205521,5778.42416942048
3877.33587747162,5578.60392011712
4070.17671474077,5109.45785803883
4200.964284731,309.903489199634
4808.88263061376,4848.94096587227
3279.10236722149,5623.21684061761
4257.52009734514,5031.03004875136
4821.5128943113,5414.53058524686
4072.41805956021,2507.53012187935
4802.58525435994,6373.9642034346
2816.41690522379,617.590571859675
4710.46215499803,5029.72300316762
3801.44502991294,1632.60550007101
3648.63231334133,95.6478271269497
4104.85040174846,3641.26678919224
3325.68523151314,1403.28940552396
3838.30670239428,5497.10702741109
4420.31313950783,1869.25295326235
3770.63144743391,3866.14966927797
4486.2639329161,5938.17846074746
4681.52116852054,6216.42651933829
3874.72150860874,4828.36821215498
4090.62845111525,4524.54544507168
3909.83977672318,5560.70192017107
3461.66011861791,5586.21954320453
4050.90207057102,2873.64031328363
4442.58889919799,5397.42439888495
4753.15133109565,6507.23464747743
3094.56467317702,4317.73497559853
4515.61299890286,5487.33230540729
4920.45385182758,6880.2779735925
4159.70672268245,3081.18972230955
4365.6508247474,5249.09354218909
3753.43701361136,5264.26770290489
3484.45887047278,6092.59039882144
3808.75561504652,5200.33198881184
2040.53936479642,3798.2357329747
3676.45964677105,4230.38449763992
4207.4851959041,5270.97376434538
4817.53813238283,6719.61496632911
3319.64287554217,4829.10694028011
8519.09845847296,2865.51324676901
4297.00435576165,4909.2397019434
4187.55059991457,4509.03046302282
4758.84732501245,6945.52115612453
3768.58349432518,5030.9733861476
4962.46649756782,5086.21350483979
3561.22792203702,6430.79594929508
4907.97384435392,7354.31139667269
3937.30898592467,5610.14553906969
1678.24540588018,3172.63217054117
3853.53502800897,5672.09214205762
4098.03790768709,4715.67052182944
3563.51036222981,5451.81246424449
3845.29970148293,4586.77620678891
2777.17943866606,1098.44396301385
4261.65903967723,4342.00221565201
5104.4153735784,4132.97471609295
4057.7906187206,5934.8823040586
3600.91490580479,5908.68261550377
4090.65450115199,4009.30900624263
3814.68399519592,5499.20988657898
4171.00971797369,3100.96729672557
3882.56588084771,3682.35605687832
3939.50519341066,5054.16065388763
4711.49247771803,6609.8159487556
4318.57213480338,5513.53157110687
3132.44139875652,499.778341548129
4767.77931792646,6235.35140613878
2051.31788450449,1819.29767950889
3658.01568995044,4779.89039465178
4222.83799260043,3310.90372364867
5001.35415778361,4399.91351097069
4277.88113468944,5830.36855427907
6701.67899819152,962.445574026947
3703.80476610686,3888.65529435188
3914.99363449359,4157.41236681295
4220.16706605881,5021.93696941368
3986.05416310774,3184.33934104632
4874.76926285183,3551.52929333644
4506.02531928226,5364.0640794938
1434.03254515765,1590.32272343634
3541.09958253977,6030.47296231173
4212.69837398766,2176.3147915755
4273.04600280315,6003.13706169494
4054.43214699467,5658.85042984318
3946.65739665262,6293.60394564577
4268.84972138654,5998.24970069304
3865.05271229364,6146.06890253406
4057.73834408649,707.043697558551
4388.37672621419,3556.18958106805
4008.76396269727,5692.43782250462
4116.89914772478,4318.3599556609
4360.33613274096,4810.06830541685
3799.68481809894,5586.95827132967
3639.26255047009,4732.94754171312
6646.36774881391,924.652463029725
3010.91984565461,1070.65317585978
3946.63545440854,4675.31998226849
4066.02082543325,5892.14474660046
3312.69543742798,3243.04666137678
4151.24953752189,4919.98064819788
3912.2831010098,1525.7618178533
3365.84734504716,742.677233927219
4014.54868813574,6227.28163651079
4129.69230537927,4511.36081831625
4115.07256122393,3054.70629788066
3554.13674307129,3092.66981954441
694.980647092659,7801.12309005412
3678.8300323612,2692.85848741591
4001.60797903638,5537.96922182688
4673.6125253452,6476.03384985792
2770.28494036802,4937.82598554017
4606.69107452535,5715.22760630783
4370.79303507643,4170.48366836087
3474.2733272391,2282.93118909529
4320.46832085898,5738.92610604745
4729.78962144503,5412.88271833005
3679.71150414498,4941.34963835457
4562.73025159801,5730.40134416838
3660.8414348453,6333.55700126989
3974.2975922796,6030.75712104103
4858.18969192853,5956.5916926931
4744.68597593145,6687.73210318823
4091.39510096542,5727.73059039714
2518.64499997794,2182.96419041222
3622.88319878268,6001.88667871496
4103.19967648553,4335.29573135627
3591.25187707734,5110.13992356021
3990.70916580471,4311.02891415804
2909.98047939771,3054.76296048442
4160.76036252859,5601.56411458686
3533.57129653929,3598.69964240064
4351.54304380661,6897.21417214312
7982.84564956857,2078.734599362
3274.54512908459,1880.56242840306
3120.87806810795,6358.50588398949
3439.98238012218,5662.43074526134
3146.37008206706,6586.40118489004
4262.02847665137,4397.58357853251
3296.82003211884,1148.39902533969
4296.70341534207,6746.83711888313
3337.58267598466,4910.94465431921
4259.48178152266,5112.07194920631
4378.00044773878,6416.41760216343
4018.04662766084,5129.00814775694
4152.22709925748,5371.56595451843
4174.44846801679,2933.19989837437
4336.96540615925,4425.31738594138
3628.98088296386,5796.26950676278
4309.92666471701,5201.80944506212
3298.55303534451,5006.76280869789
3844.89640402374,3461.3372280848
4725.49443376005,6383.90975896018
4511.99680222541,6004.55785534145
3062.30255434304,6004.89867667451
3786.46741388995,7152.61620718224
3466.11650933189,2018.54982278127
3230.23898810235,3957.25129617653
3431.43725088575,4898.72582895921
4834.87240792847,5315.13211545002
4003.52892703965,1563.15712777226
3623.59571686051,5253.52633379516
4048.1446034446,5019.72036218303
4008.25920729069,786.380857065312
4039.25803052451,4494.87961201671
4917.65359839182,6136.80541252985
4095.48063019038,4220.5526901771
4368.95624873673,5119.06259223135
4392.58976466064,5426.74941060686
4043.90950914728,5036.76988594117
4063.68604865196,5261.76693694493
3726.29547219877,4727.09395646055
4170.95219389338,5544.27737647529
4267.52410097061,4856.38617829315
4211.16352259121,5840.31410980465
4540.32538467131,5620.54566399111
2126.7061547899,1792.07531552724
4129.78062533293,7147.67133786607
4808.22587848665,3548.97186477271
3830.84491293744,5396.51483723803
3833.69278063081,6247.57023149878
3639.14083388299,3871.66243319749
4340.62351648421,7997.93091854267
3945.90402025381,5222.04137744635
3633.34732843473,3241.91002645957
2602.56602844328,2604.14408984217
4322.2029630462,4594.61932600186
4896.4691758721,5377.87410916685
2764.49219690287,772.798059233275
3769.10913011116,5549.16516033244
4631.0605254859,3602.90536073641
5179.12716038741,3266.40433978334
4177.81806314997,6798.04277561658
4160.19275213722,6871.46905298412
4220.29071268181,9104.95666530114
4075.19944158425,5235.90849257841
3570.04062959672,6766.27366053847
3782.83413918604,920.503724439148
4129.18439080385,5240.34128418447
5748.76669839017,7179.09963161112
4185.14990241637,6197.95620193363
4514.09967237941,4038.80485148633
3629.57472289491,6633.57153395424
4794.65269678049,4222.88262261528
3996.62351101667,5133.32719130023
5022.48052018722,4922.93598355367
3718.34545216223,5779.16332040087
3781.41424772832,6042.74887313075
4209.37591287733,5333.94325418774
3077.18951778054,7929.90365703187
1565.40389422752,3005.54683771134
3341.28069679462,2096.12515588083
4267.61215495933,5938.74677820606
3495.56869453705,2818.85455255965
4525.14814230555,4175.59852548831
3464.18338618114,4489.36684809719
5255.77410974641,5067.85693549791
4009.15539996931,5767.22865377017
4062.46539559105,3375.80545056477
3777.7326805517,4449.92544732792
4382.08501498557,6747.34877373798
3707.68384080998,1261.83523236274
4525.17100491796,5670.67134841111
3820.93783423628,2655.97472663798
3681.52877495274,5688.2325270241
3978.64048662249,4167.07376360924
4028.9142566862,4296.93430290044
4669.7075935694,6195.00086657783
1799.85916229263,2461.89431452443
4742.64581219887,3861.48980440162
4421.07131445494,6486.37731217558
2980.76992303553,2762.07946930293
4562.93312175359,3827.61783015562
5155.95340705093,4161.4476744822
4469.28271979697,7403.81252388558
4001.43280526851,5610.31594973622
4259.35381869583,5889.98522482882
3671.13729739243,645.949570758531
4625.48736208446,5263.64229998727
3464.51647398942,4637.75436739681
3816.83383510442,5722.72905847721
3723.67424444376,3629.27503710253
3664.52613155879,4552.45008600233
3775.87958288057,4963.96858863599
3317.44411779516,4209.58424779708
3841.05685024564,3634.38989422997
3915.82715534025,5154.58243339416
4259.14398626299,2581.12723276867
4771.06421840467,8456.22228630372
3305.81982899834,5286.0341769984
4088.26803970378,2658.02071177448
4367.48896931211,1575.31907910088
3809.90192311852,5016.53795355694
3344.17133270468,1025.64245428104
2930.15489578203,187.942573154417
1337.39179510955,4708.05532159728
4047.62149465911,2642.90342509007
3709.37659581656,5331.72664695708
4021.41152237505,4267.438880512
4047.09967406925,3195.87631231258
4909.64754209267,4953.68221177734
4525.44319848376,6520.30594902534
4328.3786547732,4366.89443576785
3677.2636281632,5619.86359846974
4857.20033976664,5927.38042903396
8668.39323286525,3566.36220986392
4515.77431778424,3621.48900334859
1948.14718935542,1091.45363713025
4501.62427401799,6129.75810690105
4301.7008373904,4943.50916012622
4409.10561805922,6121.06293435544
3609.08409207403,1079.12116942128
2778.93234564582,837.13157440458
4501.42889350312,5718.35335233016
590.480897106713,1689.26672955115
8290.85876716454,3178.14472303306
3487.20531988778,4450.83500897483
4640.20941083903,6050.6482320922
4813.28386329212,5346.73039700635
3996.05723811872,5682.15144564598
4473.19929652828,5639.35722558408
4492.64089122252,6095.48864871823
3991.75960192821,4370.64516185254
3576.68900212847,5017.95874720345
3920.98231362792,5467.21369823058
4052.12472363634,3330.85170873123
8388.09872053449,3267.37056403402
3775.35721733641,4876.78852134391
4578.09575454314,6706.31616865566
4322.06917748112,5607.4743624432
3787.96015419631,7407.44907905224
3299.06398886164,2462.40575795165
3760.42295077095,6215.85820187968
3602.46804812072,4181.05462680407
3726.60414008175,2727.98042178664
3382.8160107225,2556.12126459006
5343.118173462,4331.09043587574
4724.29384172184,4432.87592356977
4189.99556358623,5612.70296763342
2367.1393562116,6202.78690033177
4206.56459931612,5047.62500311368
4343.67804931657,5639.64138431339
3684.25687737748,5207.4359570444
4814.67634442005,6434.83083410907
3497.59160562344,3239.97778938584
4442.49504989503,4669.52348247493
3405.47684766783,4879.80094215872
3369.60833618645,891.576408081686
8860.76760890266,619.011365506187
3627.77184101522,4281.93097570643
4844.75120330456,4543.98198672702
4686.71522062008,2155.68495239919
4330.97310614721,5124.34786002533
4064.08784715386,6534.22972676116
3809.63407492716,4916.91198763456
3914.15383105661,6259.16407679642
4055.17622831771,7270.99622638332
3771.16879257637,1921.08337863054
3869.11371473923,4824.90122194434
3799.5636680365,6647.77947041936
3477.6646422353,1770.3656097513
7751.56900953275,3916.78700855282
3729.23317152916,5652.7126858613
4141.61695225708,4434.86503467489
3722.20457874777,4331.54500527158
1668.73562809328,158.219575355074
4294.31619807053,6376.12372520625
3986.35478414591,4719.42167076938
4032.3262822196,3814.88777279602
3949.62419131121,1005.80821726126
4287.89481645902,2419.27050512907
4729.60817756867,6677.38864087057
8527.91080412548,2045.43136542985
4649.57961473737,6988.37203879019
4144.40273006686,2871.76473881366
4388.31128376682,4413.61021543622
4636.51562562308,6621.35270859423
4555.78857267646,4556.82621500464
4096.16473599655,5081.38280644165
4727.9594276097,5878.10722080187
4461.8070547557,5602.52991598229
3833.10873407705,6176.30347590288
4281.54060702876,3948.72653429746
4285.350734348,4052.10322630453
3893.30292275697,3741.00650317739
4498.63991241788,7188.87435361492
3949.04165850789,5296.32055385705
3086.03697096144,1454.49485082978
2577.68948035339,1241.65996258227
4089.81568776768,7089.98711581768
4389.80227318355,5756.20312593114
4572.13445333086,5828.03862184089
2249.18426305353,3694.74529290486
4587.1339550259,8105.85457307383
3737.73072984007,3383.42107365218
4136.83010886354,5428.17020425337
3558.10453354363,5000.39756859046
5153.12447267164,3508.16675581594
4530.42274601061,5278.87312330683
4908.601526273,6617.26073832123
8458.90858932551,4816.66061879457
4388.42575607707,3279.30523066472
4751.35324738944,2866.19531229039
2552.04509319144,2461.21224900305
4469.61668339884,5878.50512759395
4210.48013784245,4808.81792243687
3786.46395507856,1093.38587420398
3594.5750659978,5924.0271868861
4268.34905757599,7090.6125187353
7649.18959866915,1207.73132573251
1749.79772777318,8323.00850486464
4048.34930301359,2886.42745610224
3667.98310402628,3051.06889700349
3765.94919869874,5966.42392301117
4144.0446759909,4916.45741823873
2223.68247007297,2369.48585346976
3806.90965986537,5158.90147693745
4150.09710017492,5136.6804334481
4414.81561329964,5444.82182121945
4775.75812062348,3581.42262251695
4478.2507070803,1814.52385514213
3696.76146001791,5811.95489947817
4684.37774813813,5963.69566092566
4683.35211304767,7033.09870735344
7333.00778781673,2066.79993273129
3600.22194167564,3044.76074235508
4062.26312065847,6086.11141065125
3977.75505106674,5161.74306423048
4833.58389772216,6237.28385464013
8728.14106400734,5276.20236953559
3500.34961833842,2612.89613641916
4112.40671614419,6465.86122106205
3880.43067901326,4211.11836665111
4383.88727390484,3922.41309767985
4206.42362852374,5532.79770209568
4511.46343600287,5298.25300235841
4119.53592539844,5453.06242436921
3640.16457428253,5753.75944543019
3773.3949198537,6770.08147208217
3829.22135177094,6274.05407878292
3586.6682317675,8116.36844605802
5054.07801426064,3103.58159932068
4507.78827794961,5649.92776117203
4450.17914740448,6287.92077105972
4331.16437826232,6849.19134689101
4207.90763170034,6116.17557335354
2567.80367236888,864.183474862789
3959.36844102693,6027.12014301911
3402.35913463193,4810.23871608338
4657.62254119935,5979.66563522561
2884.00204629471,1141.52244751886
4142.00861757093,5956.53503008934
3496.37252918576,2143.86382240364
4530.44520399906,4543.75491345673
3742.68350776282,110.480908832268
4321.09148352711,5001.70503702945
4651.36639019841,6600.5524587514
4630.32578025861,5390.66125198545
4025.82141033585,5842.30322090977
3394.82409288507,4068.7548432706
3744.17708481578,2895.46366140854
3741.44971220334,5594.28931283252
4054.56928419394,5761.31798305858
4305.27425318601,6523.3179469849
4389.69138043862,4918.27569582206
3363.27913119972,1916.02539553448
4133.90925138159,4895.94090426994
3731.22280657877,5132.02014571649
3657.66341903722,4844.05360487037
4359.2656024685,5400.94805169935
4279.58004180261,6156.46902745547
3487.99651069349,4916.96865023832
5114.29635627236,4642.07383379536
3998.03433146357,2738.72179089637
1959.80880072478,1447.61816729514
4544.62298125753,5730.17427089809
4670.55384848385,5886.46157201442
8382.01439909565,1860.33028459121
4137.08070657839,5129.86062394485
4121.73496624635,1267.63204929775
4152.01812097909,6180.28169811312
3687.1988282061,4006.52408155337
3770.75090523621,4871.44659094617
4090.09446154039,6110.20824003819
3866.54373373916,4002.3754486766
3731.52738895935,4604.39404800566
4704.01311730856,4498.45992743487
7643.79265959485,1469.49838945142
3959.55163697355,5533.36601955428
4352.41316470087,5359.91544661703
5070.71415392719,8517.25975049998
3534.21436508621,4735.39122221408
5332.76181110819,6789.63133894502
4500.63917181427,6040.64601396286
4633.83784137426,5197.94497091465
3982.84140891653,4614.90792098985
4121.3390155447,3825.11748705091
3818.35047234072,2615.62418707704
5173.34538962468,5260.06198456911
3808.44275560906,4739.48319248708
3977.94089343596,6528.4894667161
3830.71979793828,6199.88865043498
3326.42041177495,3178.94032518958
2862.56115241604,1343.90023109975
3579.15734463398,2030.54136344336
3694.60676192219,249.548196238563
4261.24251524202,5081.26948123413
7297.94059783113,2376.53294767093
4259.8252713005,6377.88576304107
4219.87125369617,2870.23040853201
4196.9766009275,2435.18339397
5010.85440481388,5567.12382288226
4170.79655546651,8981.74594770191
2652.16208871923,4944.81620570996
4788.69811697841,6462.67838958071
4075.35636398285,7731.50420137503
4320.06267489807,6397.89019929976
3885.53448897978,4413.83728870651
3089.48663482509,4470.83944523352
4480.79866612106,6024.44896639262
4376.85291500121,7189.15851234423
4561.50483249082,7039.40686200185
3964.51479210746,5724.88900310411
4134.63478737016,6241.03458072482
3598.70441672434,4253.51510277618
3618.10255266227,4613.43046473958
2750.46308851484,7217.12023873389
4801.0305254952,4439.63907046927
4389.60887136382,6354.7551579048
3120.17625744331,7438.25239273493
3892.47598207238,4891.73560878942
3655.28296811305,4918.44652934385
3921.61642014976,6233.41938049267
3565.34129360594,3335.00034160799
3982.77765158453,5100.64893743046
3648.78443493366,6048.43204771679
8104.98591626874,3414.84894454197
3936.33275454047,1599.64308747193
4860.23697861333,4550.85888168929
3060.84843201191,2984.63262837811
4032.21898910221,4938.84887239461
3674.84939369796,5396.3444265715
2837.67183355477,862.933197596621
4533.99420306594,5189.59061970211
2807.067525174,1607.65640592378
3374.30842021206,5969.26551030419
3827.77221512573,3485.88862686758
4209.83347415352,7051.79652088364
4203.75624718553,5516.3731583999
4058.54881692774,5235.79474451564
3900.04462022106,3905.98897683932
4694.39037683893,5254.94712744167
4446.13793487444,4828.14071602944
3253.45431543952,6252.23051923039
3490.54050284951,3718.21671937418
7709.10523422432,3857.45449673237
4173.99641592162,4944.36163631412
4498.10981821747,5343.37715485848
3008.88290990531,3300.78754602893
3890.85872464405,6716.09131351471
4344.49169930492,5633.84446166457
7828.26268188329,540.185702283552
4461.88723623734,6406.5287092416
4413.5667250027,4036.47449619289
4410.07188634489,4925.2663388471
2498.57984810013,289.728219419162
9023.96943649351,1217.56323890913
3761.85175896124,5989.66785335495
3629.94278425643,6137.14623386291
3585.16872743552,6826.62905921335
4658.36144757771,5411.63233535007
1417.61057078185,3440.53697824196
4806.81456212202,6850.72546574505
4868.65530390582,5226.19043317836
4327.60566629409,586.333111636409
4729.47495648131,6347.48077900571
3954.04687291723,6942.1112513729
4635.09015982577,5466.58871816821
4276.2207661168,5138.89661782351
8147.46829118034,3840.40497297423
4782.93626916707,4717.26214899773
3247.08522858677,5059.90049107744
3662.57178897488,6289.05740597693
4131.67224995512,1196.02404951354
4804.05482500006,1136.23707401107
4290.87104570662,5237.72719301699
8706.62602990528,10.7411998024536
3017.36141881442,1905.05695315446
3797.20842386721,573.602789992279
4582.81746835368,6243.47868408103
4582.92258342533,6286.55706287222
8160.19528856076,1967.74228426752
3579.56826504767,5238.35217307936
4066.23336585402,5673.79709443344
4795.67797978946,2216.83574180297
4267.05843384225,5270.17795076123
3542.13453291968,5200.95696887421
4593.24699224438,3798.91779849607
4073.45305129976,5349.00366684077
4120.46842625272,2873.58343925225
3979.25940194293,8173.99600550265
4654.91444250407,4627.69506380846
4298.52625151602,5264.49477617518
4364.29027509768,4484.76322296934
3538.4631798395,6442.33270913371
7137.19221217117,108.662287679042
3664.92663376105,3150.01300883212
2738.05198381046,1406.52879389524
3773.85693761309,4885.25662061922
4012.87281609485,6452.50576078484
4052.50307675763,8661.38488886006
4664.03611736751,4860.08024177408
3796.07001979507,4745.62093646896
3476.93672656384,5593.55058470738
4357.94713424318,4953.51137825556
3503.2884231345,4618.82948059632
4313.46654763646,4024.93773635427
4460.32217701998,5415.09890270546
3766.64036614079,5464.99709099992
4570.94374183862,4930.43785857831
4132.46382581758,5388.04716081797
3708.25221220962,5517.05522392127
3897.42029018132,6933.92731082689
4494.2696135766,7805.83961753424
960.464154868054,2546.23258309586
4282.18667060289,5831.84601052934
4560.73641658208,6099.52353353222
5022.5193309945,6640.22093279096
4924.72406278734,4399.34519351208
4600.52897878503,5355.31182148918
4180.72500475889,4435.09253080043
4482.90766380604,5139.06702849004
4588.45008604494,5213.40329035976
3421.51239573774,700.508046784596
8246.22765939131,4579.21766916052
3692.44912721931,6951.37474137711
3452.0723413981,3959.92204994777
4101.17204735808,5907.60306604557
3837.91375479259,3336.81904204658
4132.34995570791,5256.25417302541
4362.65504713072,4856.32909283413
4481.98482124083,6374.2483621639
3610.89800713825,6570.99995090395
4188.45773141589,5188.39732218114
3982.75673405456,4383.20523140086
4769.2453220275,4891.67852333041
8508.96122381178,1607.37224719448
4761.89382018185,5016.36754289041
3945.10630381836,2585.16232901029
2495.43505257259,8244.75152909895
4119.03456828136,5356.67595253193
4632.46011007071,3353.81169177334
4281.61048807908,3579.37684880807
3736.61434005413,977.847019440664
4418.03542318809,6373.9642034346
4337.99684985543,6124.3590910443
4977.04008272573,6690.11912108542
8643.50766454838,3772.03646727511
4790.04690113146,8115.74346599566
4787.78446241503,5087.00931842394
5117.95418389283,7206.71969095722
4653.59862747426,4746.24633938658
7677.4035443581,1948.30574261219
4950.70844173021,3450.42565973616
4545.10130383018,5499.32363464175
3683.33531648597,2451.49397817538
8512.30063929832,1871.98079249261
3937.8404621254,2650.91674354192
3605.8081518699,798.429166044972
4053.63862919224,6513.08823273001
4060.46695226884,5239.1479866635
4368.45425096986,4201.05948591801
4012.00514364974,5215.73322279794
4035.95760139133,3715.65929081046
3609.67247841235,4096.31824001293
6392.46126447134,5760.29509620414
4847.94656794052,6392.9461756941
3631.64019497639,6397.94728475877
4361.28308833578,5325.19099618313
4462.55143719252,5856.85197870795
4084.7072655713,6120.8354382299
4289.52042613541,3954.86427827934
3372.18756733312,2853.12401074248
4081.47123511713,5901.97655406328
4046.17949598555,4591.89106391635
4033.11020296695,5182.03208207372
4139.03634948901,7698.08679652486
3339.53944899598,3406.43793072567
3799.24759731405,5928.74413722147
2969.12727597825,2070.607744275
6029.81235850007,5576.95563034507
3823.85689656898,4736.81201586059
3801.09558204035,3626.20637653921
3918.99965322638,4412.75773924831
3673.90255622058,6601.4049349393
4178.51475369315,6895.39547170454
4495.71120119054,5501.93772580923
4848.42935341384,3785.5056756151
4279.64175573165,6101.51264463734
3363.07439377094,6201.99150960287
3601.97356990534,6601.80241887613
2271.47598393792,774.616653958048
3756.44654274765,1041.38482674163
4328.45824515901,6066.95902772521
3604.60825756508,614.407951805963
3733.34772035812,5257.04998660956
4152.75595212244,3247.19529425354
3634.98054978423,5947.8965201475
2675.81599439745,3162.11829755698
4795.61324436627,7269.12128619623
3920.58899448782,5806.6696316842
3035.99280681173,4151.78627768592
3772.68393540886,5108.32122312162
4225.10430870101,5786.55144736274
7915.23678355776,1204.49193736122
4297.50421289985,5541.43578918227
3912.13765783748,5258.30036958954
4086.7766640346,5779.61788979671
1424.39709124819,776.321606333863
3643.84404091747,5828.60693929949
3335.03981973108,5322.91772634871
3816.4230550019,2409.49536027001
4840.13394380299,6030.70045843727
4385.61749503154,4400.93639782513
4269.64291987023,7280.20347663902
4420.62412549141,3124.4387231949
4425.019452677,5035.69033648297
4155.13852680609,6282.46509259922
8632.91209405666,2520.03310596865
3383.60185465062,4155.36659310408
3945.29400731819,1849.53225287772
4150.82867696097,6274.62239624152
4521.31991759908,3532.83169123386
4525.71695842725,5064.10620941321
4124.69355405547,5096.15906036538
3377.01466402131,2215.01725279201
4134.31128798852,5646.91576321248
3882.27982866277,4540.96998876746
4985.12146378092,6056.04724794895
4727.95441230149,6639.02721241474
4399.33644469301,2932.85886561368
3896.137033932,2019.34542493779
4677.80806111589,6350.43569150626
7471.19774781096,5782.68655036002
3720.74248939363,4684.18598833588
4531.87922664847,6301.27623133694
3790.98755844567,3696.96190013552
2042.14485761641,1026.60857281791
5429.45881164915,2367.89464915671
4182.81835902591,6088.38468048567
3951.60332354858,1317.07566819637
3936.63716738206,5798.37236593067
4062.99628382887,4560.06528623448
1697.41136869532,1926.76655321659
3298.71633049412,3908.37599473652
4737.97478034739,5323.31563314078
4636.58161267171,6504.39306018441
3888.45231832565,4018.11792685101
3946.68263374862,5849.63468526787
4645.79530134134,5789.96135211437
4454.18587141718,5834.63093521861
2708.73609557937,3737.76700909229
5513.5506986017,117.471208287417
4509.18685497556,5094.56785605233
4174.45068201347,6209.03839237642
4199.7724876753,5541.83369597434
4580.0356015959,4195.54672199849
3542.10906048516,3480.14857825014
2508.83085464778,413.450935443126
3618.21086210535,5666.18147134603
3860.14562616982,5476.02261883895
5578.998610323,6052.58068059356
4175.21214529059,6651.18937517099
4478.79246869434,2469.50972618421
2917.01655376372,4749.25833734613
4369.38531365603,5708.80528074139
7746.83099252209,6459.26848482908
3705.32619736902,5197.60372672634
4158.69583300393,5430.44347408779
3634.81943328699,3026.91540501278
3558.33550880643,3933.66612164443
3137.28224901044,6297.58216785601
4303.98879508833,4601.15497677581
3974.02772456943,4165.14173796313
3828.04021910485,5928.06249455534
4356.27974202349,4673.27420855962
4229.53965424005,5101.50141361836
3778.91449813552,4953.05680885973
3981.40574307076,148.44450978138
8780.22171188103,3784.65319942719
4695.93110017799,3825.68580450951
4010.84644931147,6365.32569349275
4121.49270870466,5000.625064716
7649.24244866984,4395.08281257255
4806.18063400773,7935.75766513971
4327.46342744254,5219.14312754957
4573.26549604875,5832.18725471765
3315.25461159763,2527.59185502467
3595.53461713627,3280.10083282124
3847.29829124563,5997.11306577583
4180.37074041027,5929.31245468007
3493.28705599403,4847.00894022617
4713.71373223734,5732.73169946181
5160.01672711427,6993.82814010595
3812.3526464841,6007.34278003072
4163.94984546539,5312.17678009423
2688.66154539478,1042.52146165884
4882.82307004581,2127.78052289617
3604.27461427382,3593.58478527319
3262.42858022937,1164.08462948271
4031.80758074801,5823.66249283858
3629.44757750003,5992.79359937728
3949.02149627184,5378.78367081376
3985.5777341074,6722.62696428867
1695.54637766343,5399.75433132313
3883.94552381426,4530.39945317951
7689.59423545665,139.180940491812
3466.92684530459,3728.67392975461
3848.66673108919,5893.73595091351
3633.70139090228,7220.87096481858
3874.60370391979,2694.84759852103
4594.54245139658,6168.11953535687
4407.22820984583,7051.05736990325
3765.1447758981,3316.01858077612
3899.59894206895,5395.03738098776
3591.76941983939,4347.40123150875
3849.77169143544,4695.26817877867
4191.75506654656,5539.78792226546
3911.21316848413,5626.1721759734
3401.40961159566,6052.46693253079
3418.6683809932,3157.85591661744
3816.68239949889,2391.47982368881
8273.31129585583,1094.52250912119
4518.93972006549,6112.7085831429
3787.55571884604,1921.42441139123
4090.04870276639,5194.9329729551
3318.31033373702,3868.76418330071
3923.75183508435,1106.79820851258
2651.07077715757,3203.26443927444
3842.12554711927,4988.86080875183
3406.00797011616,4681.68522237592
4073.78599973243,5335.98902789662
3556.34167381067,1202.84385901679
3772.86929791182,2786.85815278363
3252.02834770543,8037.88397416679
2769.2087632831,1748.8264203557
7996.70751541734,3869.44624882208
4987.31143373864,6344.80960237922
3382.71717288869,1005.06938342231
3439.86553801417,1485.75231105305
3652.18501237546,4639.80056396094
4060.99415491422,4906.0002078583
4581.92901383352,6362.14328486667
4963.22068346777,6457.62061791228
4257.21306179747,3759.47682058205
4019.86885943737,6801.16852163891
4225.26218695774,6246.71775531087
4148.25728000286,4229.87284278507
4947.18343356146,6259.8461423178
3995.15944641494,5040.40728681834
4757.5378078325,5618.3294796157
4437.36777127826,4635.4810975624
4538.85343731162,4698.90515680059
4845.27312350705,4810.97744420852
3509.24313724606,4762.95461895641
3696.58134533165,617.704214208633
3729.4958416765,3692.0174536746
7485.74239723296,601.450345463916
4593.56408177298,4391.95706655022
4770.53878613032,5648.10906073345
4070.76831128489,3295.04770883912
3611.26781745759,5664.59026703299
4854.06419255511,5925.33423246984
3190.48929271773,6380.32944354202
3560.16121457677,2471.49883728933
4028.26265864458,3393.99160924012
4246.98751440159,5057.34306251372
2383.48994577045,1806.73803281582
2579.37972191266,5195.95585980954
4616.8712983074,6058.60467651267
3986.09218597937,4718.05753972663
4307.94327089919,4651.73523059164
4426.71884423886,5642.19881287711
4023.23255124118,1535.82101572784
3707.8386713793,5863.78553627398
4427.14695052602,5643.61960652362
1803.96985577876,7109.42408032827
4865.3030657585,5710.16941178415
4036.94907256342,5116.10725687556
3913.27148669085,4680.26442872941
4290.20014118038,6292.52439618757
3659.43734472247,2906.31856715341
3970.46215982848,6007.85401203031
4284.4585228085,6780.76575573289
3983.54748496102,4320.12199349572
4334.67296619931,6647.83613302312
4415.00540471899,6056.95680959587
3776.96664186913,4723.74071431268
4078.90570545081,5527.85325563476
3318.45275560952,721.365329229537
4181.94116465851,6135.61169215363
5175.91222034488,6451.42578847139
3715.4394755859,4576.83065126333
4382.83919351968,6293.49062043825
5070.64321528046,7072.31261199717
4146.64325024566,3393.65078790706
3604.79936984961,4008.00196065889
2684.77581045818,2684.61788426614
3723.85070905454,5182.77081019885
3452.21443460553,713.579348332507
4524.11288757946,5598.04046177246
4303.44938356101,4724.42277983405
1997.95021895321,675.615773811848
3532.47151176007,5074.39258627186
4483.71861835163,5986.03087533303
2890.07119016343,774.162031705308
4000.36378294024,4417.53135218744
2510.2894934136,5549.2218229362
4169.5492838862,6938.70134662128
4047.13259246799,2487.12756740096
3654.39126720799,1860.9554760812
3838.87540976922,5262.50566507006
4497.83839596486,2013.88974647728
3562.64767276313,4491.64011793161
8646.57889841262,1221.08678600972
1967.73285772225,3841.03037589184
3708.14069020932,6740.35855356819
3919.66396861089,4845.36065045411
4448.94297221571,5283.24925230914
4652.82906213729,4610.41846678002
3885.20513218418,1965.01444503727
5078.99882667294,7062.19664580506
4311.22190785266,5695.22274719389
4077.48014549494,1981.72293603473
4743.60392915169,5876.74308975912
3833.86423219955,5204.02605229278
5116.66212880395,7286.39746036941
4792.92792489502,4880.53967028385
2644.56074693927,2521.73805834447
3744.37054284308,2431.48933048907
4510.03488931749,5210.56170306673
3672.75014289422,3568.40840642805
4039.05658357037,1943.19088548474
3580.1296372389,6136.46416834153
4053.78361351074,4254.65173769339
2768.46538199235,5341.44512921238
6848.27324414805,4243.8537059799
4045.40779220508,5559.79278137941
3647.84400752016,6134.75921596572
3316.93077168991,5013.24179686808
4684.32128785001,4926.17547763877
5156.42725535533,5524.89792027897
3496.49438483579,7994.80517252034
4859.14951415828,6727.45766268681
4630.36307452792,5859.23899660514
3807.05873107678,2815.95609123524
3955.55092349419,4061.25339110122
4114.81226663097,4286.64792604179
3970.15064040574,5068.76649714482
3277.97033820635,4686.00468877447
3815.16382995124,1993.31656990474
3770.13389281287,5172.82525467327
4158.72088772453,6501.60813549514
3894.75895557221,3818.97932021377
4110.46735536675,5669.02305863905
8604.18809622774,2564.81664856329
2780.92125884544,2427.51110827884
4153.57830572297,5514.04322596172
4734.55215110351,3812.15951071051
3365.69726641109,2064.24250416757
3594.24659028903,6200.05906110152
4053.06598310901,7760.77255049318
4208.25309763405,5655.89509448738
3750.88604083565,5361.16582959701
2478.33704334948,2930.69934384204
4680.72651273516,5739.03985411022
3118.2895068935,5933.23401428655
5024.16629105229,5809.85246316553
4561.73968483177,3225.08778739934
4464.7796626925,5564.62347977755
3302.6970777413,6311.6196936546
3417.42309326496,6241.20541424661
4204.57582696937,5667.88642372184
4383.38460015062,6650.79146837891
4190.89270543038,4972.03878111923
4326.19028879739,5957.61500240279
3141.50525325081,1697.16629994023
4568.53460534295,4651.67814513263
4113.65320555852,6524.51124450587
3919.97449066503,1661.7602068402
3558.16354510759,5196.41042920537
3968.58923892186,6193.35299966103
2556.21792825926,1512.86103268573
4711.43547912229,6726.94600783196
5222.66491345511,4480.84208621812
4344.72719832726,5584.05959857763
8727.73522496655,333.204505002432
3480.11172222663,3728.16227489977
4398.44921413918,7070.66432222512
3957.24120307195,5881.00547069866
3202.57081390581,4453.96075499716
3563.98480572962,4372.91843168696
3971.48269671383,5965.79852009355
3701.28455229528,2312.25641224483
3812.65420188844,2824.87854847876
4367.19235483053,6406.69911990813
3648.49817003358,8346.53701679298
3815.28633680478,5730.68550289768
7800.97217373421,3193.77345314469
4560.2071239666,6194.37588651547
2470.17342259699,4333.76161250224
4609.23315473848,3092.66981954441
1771.42072058204,139.237774880518
3936.592154617,2635.51529812821
2332.73311720137,1657.61146824962
4342.27111058964,1174.08695332586
4300.51737354625,6685.28842268728
3775.27483983142,5082.4627787551
4510.5993327403,6701.71296638306
3579.65906646418,1379.5905886429
3771.9955687109,1687.22074441465
3350.079096761,3404.2781975264
4163.92137762157,5273.5311929091
3457.32722458615,7229.28155577963
3984.83007695964,5938.80344080982
2159.36907925081,2413.24629778233
4033.93502983127,5761.14757239205
3955.71992923268,4904.18150741971
4496.08880685499,3889.84859187285
3601.52703780849,2603.51889835218
4472.42541515462,5732.04963394043
3299.92578071007,1053.1490827058
4264.34244545692,6569.18125046536
4662.28314282904,5024.83521931047
4214.48015526011,6204.03728331175
4187.73703889578,4441.62818157439
7955.23307351839,3549.54018223132
4879.2623147157,5017.22001907832
3884.23223596324,3265.32457889751
7712.78486798403,1723.30890303606
4170.21284852699,3809.94332633511
4030.70789548091,4755.85065072385
4737.12574763342,5072.06265383368
3603.31235334799,4749.31499994989
3858.05265158917,4652.53062132054
3785.69172231489,5582.01382486875
8135.22479510153,4100.06938895288
3892.84153979405,4540.00376451678
3802.52741261046,2568.68112271075
3383.82870839809,1703.75882474557
8403.76513643221,1945.23687062124
4381.68109743144,5471.47607917011
4961.52730651608,4014.93551822492
4650.11413390607,3798.63363976677
4156.89357074157,5848.21389162136
4955.98211514223,1965.29860376657
4239.90009720831,5967.84471665768
3509.67230677126,809.170376583985
5556.18661250613,4485.89985788655
3325.41175458837,4004.19414911519
3063.99227904139,3041.35083760345
4887.47601127708,6710.12398019936
4410.01217174556,6015.86754190979
3849.48164525029,5744.43886996697
4142.43195531653,6104.07007320106
3653.45209015114,2547.14193331515
4518.28288183491,5484.26322198872
4339.30141323999,7359.36959119638
4381.80542331998,5067.40236610207
4772.65308165687,5583.15045978596
4288.48525846922,5434.42169629803
3957.61330948415,6054.28563296938
4027.77497746701,4061.82170855982
4632.15300086523,4121.60836692085
3755.42512740266,573.5459688178
4648.54973237637,5618.27239415669
4073.63221515082,5126.45071919322
5018.82268928674,3920.13982784543
4026.90210143521,6664.60149805196
3380.56651318467,6501.32397676584
4934.90964367514,5314.96128192824
3693.49847765632,4412.13233633069
4014.23322506706,7168.98324256375
2719.341908492,774.275674054266
4349.07564099215,3642.51674931697
4659.42286244611,6999.22715596269
3357.06533984759,894.474763692283
5089.66570248946,5035.2924296909
4531.83022515866,5084.16773113091
4123.13935181364,3249.24127939005
4162.17004088241,4674.12668474752
4374.04826143898,4168.72205338129
4061.07717404297,2947.74886760018
4363.56032335001,5265.63141109239
7898.65202272573,994.214477677433
8605.00799186481,4409.40449710044
4355.96557543873,3889.56443314354
3894.54296293619,170.154241985776
4416.39477152326,4879.80094215872
4599.43884982574,6472.33978637699
3469.14299282733,6341.22928696106
4233.29901997723,3823.92376667468
4059.73014007507,6660.16870644589
3582.94445329583,5742.50684432086
4025.82223056534,4893.78138249829
4121.22068373064,3975.20995872634
707.782423792508,2500.3692796154
3992.60657627043,6973.65287032547
3970.72507374772,5802.6347468702
4034.0404044625,5072.85804456258
3648.04901885589,3343.63885154984
2134.38358069479,3637.0044082527
3580.04593579973,2907.00042124716
4635.37672835729,4625.76303816235
4409.40492972392,5624.80804493065
3625.40294394765,5341.89969860821
3893.86880519223,5168.96078052581
4008.70208381491,5343.43424031749
4991.3357285297,7405.74412667643
4073.53677859453,5413.22353966312
938.776378307603,3528.45556223155
4380.43261510632,5078.88246333694
3111.56494227361,3769.81986004445
3861.44266676695,1800.71382546908
4750.60181589248,6067.98191457965
4418.09302167174,6109.01451966197
4571.54501570103,5774.84385400233
4551.46829396232,6719.04664887051
4186.22066025995,6645.96076998077
4855.20406049645,3956.85338938446
4693.60517335969,4521.59053257114
4290.57429861732,4090.29424409382
4328.28657874451,6708.41902782354
4141.90679272495,5768.64944741668
3942.73587238547,5738.18737792231
8216.30760156388,2253.83325064367
3988.09104035481,5251.3097265645
3680.8302685944,3617.79493986766
4963.87390299313,6682.39017279049
3730.37532086812,5612.81671569619
3986.84015809069,3840.8028797663
4256.6625174166,6833.73302744591
4270.80924901258,5925.10715919955
1084.04755661436,2180.57717251503
4001.07157020702,5873.39027046651
4422.59092713525,5375.37376606214
3704.22629519413,2204.33275771367
3172.18151965747,796.610571320199
3225.35435386783,7084.81559608648
6645.99918663964,1100.54671646792
4033.31115700178,6395.44651879881
3983.74237326109,4752.83865276429
6427.14526712213,1396.64011240104
8685.930513183,2723.32034548265
4115.32409183606,4919.63982686481
3249.50700290272,380.545344018525
3757.97442424822,5596.05135066734
4365.43003400002,4057.78640089058
4681.57504117972,6563.32766521278
4387.36154519053,2712.40856570639
4836.06886420569,6236.14721972292
6165.90720836917,219.938840788179
4676.07208785733,6811.68239462309
4766.19223728709,4960.44493582159
3565.83961458274,2624.4899817168
1526.27999670642,1099.01228047245
3758.93625697868,3976.68741497661
7525.1116222851,467.327425233174
7736.49516748619,2689.50545669567
3961.63450844552,6100.7739165122
7940.68984229725,1207.21988230529
4154.37031516731,5892.71306405907
4411.45320106956,6438.75239371555
4642.04089713523,4615.13541711539
8795.20432486434,1393.05969126907
4951.82067211275,5839.40497101299
3995.05670558967,5067.06154476901
2996.9849120773,4304.72033665438
3631.80326285311,5743.87055250836
3947.91397756519,4183.78246603432
4387.98985491213,4584.61668501726
4681.27379143643,6413.97392166248
8519.10951694627,3402.85740387989
2897.60111812902,3643.02840417182
4030.73074956193,5958.4674785907
4245.03908894453,4767.04658922942
3761.80065214339,5277.22525639003
3780.42335541857,2782.70951990686
4742.28424403362,1966.83293404823
1278.99585577725,731.708685833383
4893.57094609957,6222.16677938335
4749.98373526058,6382.31855464714
2666.99223504434,1105.88885829328
5107.12540489642,4857.74988648065
4857.21740718792,2085.04296543804
4390.59600812262,6604.64400616915
3628.84613833397,2367.95131176047
3659.93074519764,2869.32105831271
3216.88920007022,4199.86576554179
4009.4059069003,3859.04570104541
3587.86360303654,321.838155830335
4164.09872527477,5215.90363346447
3741.86355505798,6482.56950063188
4151.04702915281,4291.08071764786
4825.97248389163,6299.4579537536
4514.339480005,4168.03998785991
3620.85421933265,6329.91960039272
4513.84301786864,5811.72782620788
1867.12333907395,3474.57915172687
4015.54651279851,5472.10105923248
4346.2207604289,4723.22948231308
3849.15295945766,5830.88020913391
4036.27202713813,4520.62430832046
4516.21655641919,5966.99224046977
4116.77819227245,4102.28557332828
3716.14963278751,6372.77090591363
3141.80093126846,1367.99684905907
4338.35170787954,6416.87217155926
3085.37015646461,2107.26422035501
4067.59033099953,5737.50531240094
3830.36734406066,4680.77608358425
2957.88942110979,5955.7392165052
9239.2107553915,3287.2048010538
3739.56365975518,5656.80423327905
4085.19233385624,5768.7627726242
3974.12796069232,4750.96328972195
3855.98389677272,4933.27944587133
3993.17920823749,6244.61531899824
3475.33366176377,6027.46096435218
4595.41220296262,7487.29768198623
4800.87510889748,6682.61724606078
1802.0899143338,460.280278175093
4314.57083053479,2657.90696371171
4696.96217419643,6809.35203932966
5360.24685236114,3350.17450232379
3925.36943473683,4696.34772823687
4262.30833564567,4740.67649000805
5010.19468783171,7704.11079244397
4288.57565413059,5747.6217014483
4387.13147604881,4155.42325570784
3890.40921280739,5844.80398686973
4344.56813548205,2470.64636110142
4298.58172453602,6424.48779464667
4285.89932215683,3018.22023246718
3869.95754660238,2556.17813862145
4185.67474504564,5855.99950252005
3383.63823797138,5223.6896672184
4799.1975525057,3143.64798015232
4429.42386886222,5693.29029869253
8179.83197949075,1319.68986507766
4636.90060750415,5773.53680841858
3866.34822787805,6495.29998084673
4427.49731251396,5524.44335088313
4495.49416592626,1485.41127829236
4198.15039898219,6075.76794833359
4078.12393396587,331.499552626618
4178.68827465064,5518.58976563056
3924.60098044938,4893.61097183176
4400.5725235758,2936.66667715739
4147.59212917317,4265.50643201064
3719.96761308066,5982.67763318517
3998.817050079,6004.84201407075
4381.31155135161,5082.40611615134
3869.84197766419,5784.67566146514
3726.76716023656,3442.29859322154
3742.48554959161,4876.50436261461
8999.00642693048,1188.06760509307
3920.32162174088,5094.45410798956
3920.42671992263,5129.97394915236
3830.13657056378,4457.08650101949
3638.95951992344,3196.21734507327
4409.72490550426,4453.96075499716
4327.65405886253,7058.33217165759
3759.5872687568,1462.62170591678
3513.53906328664,1141.29505710713
2437.2478514236,5492.78798386779
4682.93340570641,6117.31220827075
7041.17908955586,2353.00464717022
3432.85345101152,3127.10989982139
4407.50150215215,4139.85161105522
4257.76416847583,5853.5558220191
4721.13549996745,5247.33150435426
4287.71146277927,6955.86419558694
4639.02360911672,5662.65824138688
3119.05621275131,3815.79691158769
3676.68883771525,3125.46182147696
3918.46518168163,4950.89728708808
4503.65568418885,3603.18951946572
3496.81520757756,5843.61026649351
4016.25670928168,5997.45388710889
4148.20534647546,4982.72306476995
3921.72440456916,3351.19738917823
3239.6534933622,4431.62554058979
4115.80768965282,2337.09175832928
4065.38228988957,4887.8707117867
2910.61714434091,4182.92998984641
4211.93116869287,5170.66573290162
3941.44696097372,7020.99363005621
4533.82575549275,5551.09718597855
4771.7435979188,5496.53870995249
3619.69778943628,5541.15163045297
2579.75029110527,4838.82499968016
5338.29727886225,6480.58038952676
3573.64817376965,5828.03862184089
3526.80435795581,1400.95926165815
4114.99576151776,6356.80093161368
4137.60521346126,6652.49642075473
7549.31427138125,2232.57821997738
2592.07668464863,1730.1855865707
5091.01743075403,6235.23808093126
3656.36835348701,4563.75934971541
4348.59345115101,3932.52948672722
8930.76539583478,2209.61823693527
4505.88552212201,7164.66419902046
4806.96674674855,8971.85705478009
4581.90674680934,6081.67861904518
2382.04276938226,3007.081167993
4138.76018296783,4392.75288013437
4397.32227760453,6603.56445671095
4087.75381503109,5176.12141136213
4156.86010657513,4994.82814206718
2756.96010862816,326.100536769872
3935.86394314194,3581.36595991319
4119.01946421713,5791.7796296977
3944.0852392701,4872.35572973784
4110.79709891851,5993.75982362796
3362.67174894471,7319.47404388652
8176.317592152,3196.16047104188
3993.34167536248,5604.91693387948
4478.32688021165,5131.56557632066
4322.3827190345,5516.3731583999
8071.42901881056,382.818613852944
3413.38758787652,2264.17671296133
4542.33449598432,5117.6984611886
4727.1747263584,5559.84944398317
4082.92155974413,1465.12236616293
4935.58849059765,3576.81942024435
4004.28695840752,2634.03763045031
3585.96112174827,4806.31715647691
3917.6301740055,3318.68954597498
4485.58031420637,5272.28080992912
3207.09180278555,2733.15215294547
3524.61955278732,979.040422675446
2594.34978433497,1135.21408144282
3176.81130675493,4831.03896592622
4619.83648841662,5921.0718515303
8546.63072287888,1785.65341281606
4317.4438540453,2793.9052469848
3807.93087359993,6432.5009016709
4201.49272009416,6418.179217143
2927.15588301983,2143.18196830989
3577.36162627869,5959.49036544514
3944.44893575618,3069.99399523161
4031.06824476555,5678.79820349811
3930.55154721451,3621.71649947413
4441.80179070155,5777.62877869159
3694.91453533545,5681.7535388539
4375.11117787233,5408.50658932775
4016.02066993131,5664.19236024091
4487.32123047865,6918.69648750734
4582.13981169806,8724.07064282838
3198.81358630286,6112.65192053914
3875.79380827169,2561.46340641542
4537.81630249056,1801.79358635491
4500.3879707572,5053.76274709556
4276.84039155752,4706.46411728424
4440.97930055307,6594.13013318496
4666.19701214006,4486.75233407446
3867.21229828961,6373.68004470529
4502.51294800543,6956.88750529663
3794.89482683787,4592.00481197912
4257.72164617227,6804.01010893193
4937.22008144988,4118.14179956546
4631.34901115898,5007.04696742719
3715.43418399837,5782.34572902696
3709.84406065996,2070.8919030043
3980.52669853203,5113.6064909156
4101.25166926543,6558.21280808534
2644.12299368624,1053.26272505476
4049.02836270195,5923.34512136472
3918.90091961348,4217.313196092
7849.59588981454,3494.69754747595
4180.99657253937,1973.82336564564
4594.42580158946,5083.65607627607
3875.77031528003,4601.49579810888
4253.10849745649,5312.40385336452
3917.03945390471,1518.26004854248
3551.56495988773,4520.56722286145
3774.08291135123,1167.21037550503
4639.24816405366,6973.65287032547
3619.00237465437,5635.09484464455
4447.08846857528,4795.34871409689
3001.21763027696,1775.93514198839
3450.24043103024,3583.41173362207
3863.78936435401,6351.79982254901
4389.89964230144,4154.28662079063
1526.17972321012,333.943312412928
3652.86320027603,4303.92494592548
4273.76927190782,4974.59620968295
4377.59851623401,5297.62759944079
4113.65085526994,6535.8209310742
4706.9577815687,5082.51944135886
4629.70684828741,3497.48226073759
3898.75145740935,6068.66398010103
4366.67508597006,4662.64658751266
3505.26545137164,1433.12607210071
2357.36901394143,1263.08550962891
3950.25016116068,2823.00318543642
4454.062655622,6196.36499762059
4575.79421721476,4463.33799306414
4836.89684716337,4953.05680885973
3945.67616981814,5069.16398108165
4063.86518128629,4626.61551435026
4219.08598370001,5481.25122402917
4205.31471898931,7797.59901438447
3927.25352252728,5758.07848897348
3962.15991310296,5496.76620607803
3717.8835145816,5453.57407922406
4282.48361745111,4020.61869281097
4157.02614696541,6196.64915634989
4527.38686604074,5446.98176584635
4187.1698403008,3217.47237573956
3774.18267849432,4435.83125892557
4576.32000124989,5107.86665372579
4123.69038146085,1839.7004454149
3720.26475098384,2940.19032997179
4712.30702750305,6397.15147117462
4355.40016473252,5761.88630051719
3286.38422359935,5046.658778863
3887.15165935844,3548.06272598105
3089.70146682641,6059.51423815959
3726.21766322544,1939.04225260798
3687.39651999161,3886.55243518399
4163.73963677803,4595.07389539769
4339.66599699667,4617.74950828287
4390.18524875211,5108.66204445468
3460.53216407606,5363.09785524312
4762.22328876224,5172.65484400674
3268.36352388672,3278.39588044543
4142.15337243989,6863.91051535573
4066.56946845473,3408.0860090701
4251.54004232943,4927.88043001458
5912.29410342516,4671.73966685033
7135.05548072272,2884.49521902851
8309.96815420834,2206.37874285017
4455.69664556474,3609.78183284343
4460.70597283732,5212.039159317
4055.26961770106,5735.51620129582
4270.54657623101,6339.580997189
4711.78694386533,6887.83693407614
2888.27110087777,4480.27376875951
6699.57760585045,2294.75210766322
4907.08809234129,4477.94341346608
3935.68104381505,4315.74586449341
4302.71555060905,6622.03477411561
4609.38759187258,5830.5389649456
4941.88463699753,6703.98623621748
5248.49885137484,7092.60120698516
3993.05163228971,3477.0797062592
3878.31456683618,5789.44969725952
3898.88587218981,3851.54424887603
3821.53085329026,3933.77944685195
1727.85832820862,749.212884701174
4700.07985596803,5352.58398225893
4016.87220458874,4838.88208513917
3906.89186965404,3318.23497657915
4673.99653755634,4479.98961003021
4189.77144054308,5204.9918536882
4194.47428908087,6239.89794580761
4544.62253375463,6103.38843053493
4440.13644216838,2988.55397655696
4907.34841629578,7040.71433044084
7785.90936209393,4886.62075166197
3456.85174180196,5508.98503143803
4292.1868567734,5811.27325681205
3074.34450788262,1462.84909632851
7942.20215807183,1550.8246600633
5117.84685061782,7088.33924890088
9074.12264947934,2344.19572656184
4452.61412742519,6703.13376002957
4098.04506730056,5009.32023726161
4503.93703596516,6331.79496343507
4072.3261917857,5859.06858593861
5180.19969950215,5983.58677197683
4050.50103497105,3451.7327053199
4314.33077411821,5337.18274827284
4371.59259418818,6431.25051869091
8226.46744077384,3032.88273832814
3940.11155200751,5407.76786120261
3604.37780280559,4600.24541512889
4397.45141985161,1747.68978543849
3370.3007370317,1490.01469199258
3770.20687437358,5203.91230423001
4700.70915040826,5388.04716081797
4202.73387953041,5477.50007508922
3854.83363500249,4942.42918781277
3564.57811758104,1921.31066332846
3842.94198947714,4753.4069702229
4112.79057856657,2394.77598037767
4867.99212613746,5838.21125063676
4140.54992214721,3897.06630816818
3660.98136941304,5408.73366259804
3933.87820610053,186.351289556014
4737.12379483238,5004.43287625971
3878.56821679438,5421.57789087566
5292.59933069462,5716.25049316227
4553.4200861713,5767.00115764463
4269.32015057465,6125.55281142052
4410.58698726479,7084.24727862787
3702.03471672418,3057.206852413
3811.75813339867,1961.43391819148
4229.5301236905,4977.15363824667
3187.60854971901,5923.91343882332
4390.57126562933,6744.73425971524
9218.04237212026,2056.51355587265
5225.25382607634,6336.56899922945
3752.36109352,6160.39058706195
3840.58793677325,3309.14189724147
2432.99362592696,2471.78299601863
4227.56069707132,4518.35103848604
7803.43886689307,23.6988375282883
3918.02384746486,5880.83506003213
4391.51918421424,5504.38182916543
4175.02969712346,1204.83297012191
4855.98939585368,7269.68960365483
4090.52487305212,5861.6826771061
3648.60300851051,1032.4622637843
4057.91050449768,4276.58862245344
4155.63492351793,5515.57734481575
4347.52819917367,4337.910245379
3600.47285197598,5728.58306658504
3308.76382830549,2742.47251698106
4491.81118016436,5951.47683556566
4712.90933259853,5620.37525332458
3236.16790137003,957.78539200915
3970.90896069288,6952.51137629432
3659.74606744248,6529.51277642579
4396.14676691956,5189.24979836905
4734.34356793937,8311.18800915196
3800.53269804603,3670.98970770622
3072.03179490048,7828.51565327467
4067.57274415426,4006.35367088684
3971.05678053789,5908.91011162931
2976.90467948466,7699.73508629692
3749.96019142451,1590.49313410287
3857.91738203836,4816.43354552428
4133.86667602288,3908.94431219512
4966.97349573795,6334.97779491641
4551.42912733494,4943.11125333414
3939.0830722671,4783.01614067411
4406.41611170412,3298.28699149659
4019.28404108627,5000.00008465364
5087.47761441529,5054.16065388763
5769.06181108783,6659.14581959145
2682.51850663836,732.674857227155
3141.38145818216,3926.61881601563
4339.42432969101,6662.49906173932
4554.3045064948,4249.25272183665
4310.49865628997,5308.02814721746
3484.65644384426,1911.59260392841
3622.69932319817,2369.54272750114
4530.63738950106,4217.48360675854
4036.72844469479,5709.14652492971
2293.61407371864,6558.04197456355
3961.21707148292,5303.48160754862
4431.95499220488,6374.87334222626
4207.44320423587,4258.28871571531
3807.68114722659,2679.95759653453
4247.85186829936,5600.76830100271
4008.09607168943,5092.80624107276
4197.1961566325,5019.54995151649
3753.26376051074,3042.37372445789
3991.2441242373,6504.62055630995
4075.48581839941,4946.46449548201
4280.57947448223,6924.77756888546
4538.6997208736,5321.55401816121
4149.50259725952,2861.36461389224
1488.34258767838,2896.14572692991
1290.05832158706,933.575025987059
4614.66719824768,4822.17338271408
5190.62622884828,6813.27359893614
3625.05414870682,1003.19391466615
4264.36233425018,6743.93886898635
4086.86519805933,6739.56273998404
3957.22272134328,2990.94099445415
3469.08963317952,3122.56336015255
4687.1339849463,5293.08105977195
8035.9950898237,6854.47661468499
4666.46338100245,6178.34924961176
4218.78176282807,4963.40027117739
7879.89382201278,1908.97830133331
4148.76583012358,4283.57884262323
4325.89515994906,5981.25683953865
4174.03604591518,3968.39014922309
3867.89433967229,5274.8949010966
3890.12488083715,5668.73889990975
3746.74092976585,4207.19722989989
4276.2587575209,6495.81163570158
3555.3083996513,3001.0002980425
4616.5034929757,3343.18407072638
3780.01525119286,3202.52549972168
4584.35703521671,5598.94960056413
3753.50929766889,5400.55014490728
3905.12970036179,2598.29050458959
4102.00146927591,5283.30633776815
3801.54348661848,2821.86655051921
2667.99107669143,1426.41990494641
8148.70039942369,3081.18972230955
4410.9186210118,6002.1141748405
3481.42859864452,4835.18802165824
3517.22213329153,6931.5402929297
4404.52310983101,4737.09617458989
3497.37764696306,6333.67032647741
3474.29440306749,3192.75056629025
2541.5306392734,352.98194727619
2633.94825835149,1996.95375935429
3875.81188236612,5403.67589092961
4448.60837780386,6441.7643916751
4163.39017392973,657.429615136493
4352.21899861596,4884.97246188992
4354.27128993669,5633.27614420596
3495.43698775496,4724.36611723029
4396.36233874211,6481.14870698537
4341.82317716957,4984.54176520854
3877.00652499559,4802.28227166292
4371.51786657895,2723.83178890987
3817.89383309783,6395.73067752811
4612.98489405132,4103.30888303797
3257.84756958555,4716.75049414289
3732.84287888573,3597.79050360897
3981.56387541707,4681.62855977216
4080.64228186744,5454.42655541197
7662.87546198119,4310.91516609527
3777.83927668994,4619.05697672187
4106.10010173493,5059.90049107744
4037.67668717945,806.044630561658
4113.89781802353,5147.93303455743
4650.17684094222,5886.57532007719
4072.91417042814,4473.51062186002
4584.07371786246,7155.05946482794
3761.92981921193,2031.05280687058
5034.61227358254,9964.59348404472
3985.75641648251,4248.05900146043
4429.26844733114,3327.38492994821
2244.38430166088,3479.86441952084
4662.4776660478,6610.78217300628
3342.26969111992,6677.04781953751
4364.16947354444,3609.66808478066
3320.25417865733,2791.51844051524
4528.36942913326,5845.37230432834
4989.23055493959,6258.76617000435
4009.82316496687,5928.45997849216
4419.47749779386,5027.9609653328
4005.60263366666,4131.21310111337
4970.42101113765,6764.51204555889
6734.93135946813,3631.77580306249
4367.3903388003,5932.38153809864
5016.41265425937,6514.79318510583
3569.04381280253,1660.22566513092
145.526007417126,2276.90698174855
4349.7300814451,6346.85537608809
2078.53797231392,1052.12609013755
4244.30078637902,6839.70036076126
4760.22575461928,7613.40749519274
4151.13843432165,5507.10966839569
4065.1265530385,6223.47382496709
4531.13007313661,6592.31185560163
4097.12342541955,6235.57890226432
3783.29552449162,5406.68788888916
2695.16586560767,2164.49387300757
3981.67026981821,6117.08471214521
3733.86023284354,1748.03071248537
4591.99221617976,7065.03823309808
8213.39766127409,2156.36680649294
3603.987994445,5698.23474515344
4454.03679111494,5512.39493618966
3602.43846242806,3263.903785251
3650.31128226971,6183.91867613504
3750.26930300444,3020.4935023016
5331.19040209661,3664.51071953603
3295.4531886309,5251.5938852938
3565.70242124721,4121.21088298403
2063.65929552037,4653.55350817498
4022.35795385927,6051.27363500982
4013.64033600917,6969.50381459346
3435.931245165,5149.24008014117
8624.7212282377,1505.87070680213
4028.6560566361,2810.38645328434
3326.74303067638,1244.78570860459
1917.95198235313,3780.67497721696
4254.48344670684,5599.74541414827
2709.71352033434,701.417397003889
3880.17393931073,2892.84935881343
4075.03404131694,4300.06004892277
4149.50419729804,6265.18807271553
8135.91251357076,5271.03042694914
4156.07276203207,6516.04356808581
3868.18257008153,1765.53491135316
4379.32986840438,2246.44512368181
4032.52742155434,3861.54646700538
4378.88188671199,4319.26951730781
3680.54168052472,6543.83403809843
4672.54699241208,6868.45705502457
3945.58064938656,4846.32687470479
4428.90511490396,6931.31321965941
3453.17112568678,3661.95329097231
3403.60941053851,2023.15323648149
4320.64831324795,3797.55409030857
4487.54183208248,6591.00438716263
3532.88397340448,5320.47404584776
4176.55827626203,1990.98642603893
4003.92625694068,5022.67569753882
3199.90816190855,4774.20722006574
4766.75283498165,4816.43354552428
4525.29988080674,4536.25303843209
3963.50588593774,5344.62753783846
524.968869425051,993.191590822994
4325.51019754815,4535.57097291071
8594.63905983978,5699.5988761962
4153.53538771404,6108.16204347406
4677.29767315903,5169.4720125254
4195.5808896304,5324.16810932869
4312.80882567673,4522.27217523726
3538.93867198904,2030.82552217266
2330.43363675097,1370.66802568557
4553.88466317019,6376.74912812386
3960.84918659588,6033.03039087545
6890.9124539796,796.724213669158
3222.98778748038,1012.17335165487
3388.7171141771,5653.33766592366
4487.56315276016,6351.57232642347
4638.3242731178,5152.9341436221
4312.48847913379,2640.23224846358
8096.21648484715,3568.63547969834
3289.10032029463,7740.88143944201
4019.646008547,4216.80154123716
3534.20288243706,2446.49286911071
3832.47165911721,5527.85325563476
4666.34456178562,6406.07413984577
4850.10139495902,4172.30236879945
3702.10705447586,5941.92918683215
4127.3703221487,4368.03107068506
5066.31701276187,5191.01141334862
4152.87096747282,3840.46205843324
4750.34247313881,2962.01367809669
3423.43946388212,2395.91261529488
4402.03732726677,7054.97892950973
4025.18596176531,3715.3184694774
4400.76209353588,6135.89585088293
3795.8935209871,3531.35402355596
3919.35287415177,2761.05658244849
5002.24650799161,6978.19940999431
8258.72044953494,2895.91823080437
3717.64329780214,7439.78651158896
4119.69195391169,6492.85630034578
4146.28882944502,3441.95777188847
3682.38941324687,5048.30706863505
9309.74131385068,1159.14028873561
4372.91323631834,5826.10617333953
3816.95000104083,7085.27016548231
4063.41536095547,4932.59738034995
2484.18998525843,1098.55760536281
4047.75738376968,5503.30185685198
4296.8866393617,3184.4530891091
2227.9364357126,1709.10096657093
4477.34290618596,6314.97293580247
3519.07597085867,183.168709144981
4134.22192603963,3972.82294082915
4352.87779392096,5308.59646467607
4121.56661838239,4010.38897855608
2719.89707229238,6878.63010667569
3475.73956274849,2476.27266165608
4085.62308729237,5301.26500031796
3643.87907303494,6283.03341005782
4764.07174153618,5954.20509765116
4626.64557866289,4409.23408643391
3874.41694841473,4902.02198564806
2463.88445259868,5077.51833229419
3693.98057942217,4605.41735771535
4089.93468224431,6490.35553438582
4131.11495089267,2203.1394601927
4470.58687046584,6379.53362995787
3299.67915668096,4304.72033665438
3732.58398317514,6660.7370239045
4437.97509449072,3665.93151318254
4494.77443138233,8444.34428227677
4307.3313417202,4147.29640062084
3452.48580113025,4756.02106139038
3586.16746653484,6661.3053413631
3935.19239286851,3772.03646727511
4759.08182604924,4412.18942178971
4140.95182496889,7297.87798045953
3975.76368593946,5228.40661755377
8604.77156188529,1193.69390564773
4044.23268188172,3260.60762856214
3402.76946359164,3962.08199457467
3373.0265967525,3416.7811816157
3878.36431382504,5094.3974453858
4904.56766394798,4055.34272038963
4299.85417443405,5684.08347129208
4269.58966782046,6094.52242446755
3908.39304361131,5091.21503675972
4418.60656825407,5337.01233760631
4030.57614043306,5292.39941710583
4396.34812203072,6284.05629691226
4649.9469554002,6565.14594279611
2172.79236601744,6713.19264076267
4287.21045392515,3066.01577302137
4829.50297764909,6655.11093477746
4206.17179049854,6258.93658067088
1976.03898094984,582.070730696872
4300.2767095182,5561.55439635898
3868.06648895489,3953.67055790312
4147.09425173616,4345.7529417367
4462.96172282329,3431.15974017498
4603.64502162727,5463.51963474964
4909.58858318872,6227.22455105178
4142.48910440957,4284.31799360362
2927.31856788277,6036.7815398154
4331.49330819862,4908.04598156717
4677.03739233658,6870.90073552552
3724.24414503359,3567.84008896945
8695.38249648243,2943.42961262926
3845.83850735393,6745.53007329939
3766.4073729544,6763.82998003752
7938.90952296669,1541.56106434528
3915.87386870788,5280.06684368305
4875.56533352806,3200.02494518934
4023.99871385517,4615.19207971915
4335.77447363971,6876.75474363335
4472.56096681495,5614.69207873853
4374.25351001866,5250.62808389837
3980.50288831279,3445.87912006732
4367.37622599084,3658.54338622068
4703.0124055453,5184.58951063744
4506.13550437056,5723.24071333206
4231.79474779861,4858.43195200202
4166.44390784752,3630.52542008251
4349.00049943127,3244.01267419983
4151.61341914454,4278.35066028827
3540.62235233419,6419.65709624853
4099.29951706964,3105.51383639441
4250.00240582885,5741.42687200741
4724.99706587642,6334.18198133226
3682.5067329614,4505.05224081258
3867.56038864519,4793.8141723876
3823.33965075895,4746.9279820527
4509.72580767042,3441.38945442987
3265.71742058771,1593.95991288588
4935.42495567015,4081.08741669337
3549.33966153212,3390.92273724918
4107.96013558886,4512.89493717028
4747.06337558159,6855.66991220596
7329.74999203725,2296.91184086249
2771.82839954274,3517.20296112223
4733.63007740373,6332.02245956061
4822.99920334455,7032.75788602038
1598.59097836246,1411.58688270511
4031.08885761001,5020.45951316341
3322.36146681515,5326.49846462212
4155.10415990695,5362.35912711798
4663.66134145617,7098.00022284191
3436.57440675465,6337.25106475083
3892.59729525219,2656.71345476312
4742.98983599071,6661.47575202963
4079.00751529175,4157.75361100127
4139.41820688524,3713.49976903881
4298.55639735368,4720.84246441589
2741.62343294914,5010.00230278298
3597.41090406295,3332.72707177357
3896.34099279025,4460.21224704181
3508.7285845726,2479.96672513701
3998.65709043105,4089.27135723938
4265.46457807454,5035.80408454574
4472.76999949515,2744.63225018034
4428.84136285648,4803.36224397636
2844.59390470255,4544.43655612285
4022.08166283875,4599.39293894099
3016.00763783338,379.010908023054
4256.37611295457,4565.12348075817
3678.49125631291,4658.61170269866
4679.48279864229,5267.67760765652
7851.69690568963,6926.99375326086
4220.09231221135,4379.62449312745
4088.77722215287,6127.8827438587
3956.40901229611,1467.56615237769
4580.07749359664,6713.30638882545
4392.09025937376,4717.94379166386
4635.29644706823,6065.822392808
4142.6479905317,6788.15388269475
4389.49593951025,6021.66404170336
3894.66941450935,5100.81934809699
4082.69049248977,5011.76391776256
4446.48046409632,5105.30922516207
4266.61345936899,7126.927750627
4760.29293488888,5215.39240146487
3482.85606229249,2190.69313870715
4886.44531202028,6437.3882626728
4489.42155016354,4147.52389674638
3388.49380996663,3979.92690906171
6907.59240418097,1092.19247096919
4150.14115383819,5851.56671091398
4006.53259713386,6416.19010603789
3246.35021031453,8153.08158474179
4092.14796651296,5252.21928821142
4373.52347018371,7058.27508619858
4227.88044055157,2815.89921720386
3532.57000762196,5423.68075004355
8480.94281844074,4861.38728735782
3741.74243544745,4609.11142119628
7967.26679430377,3058.9686788202
4006.6626903074,3198.7178996056
4249.20233382076,6145.04601567962
4101.14582554676,4399.85684836693
3742.33516959765,4567.56716125912
4017.0942651866,3105.62737302955
3753.85006570736,6136.06668440471
4607.18741468208,4232.60110487058
9064.98774059154,6672.3875318059
4041.15448238264,6397.03772311185
3528.92902685035,2458.54128380419
4481.69467148916,4939.36052724945
4081.00119285899,4141.49947797202
3565.81225650515,282.681098789534
3985.51682288395,1548.7786749268
7904.40600213379,7647.90487235635
7246.69722674941,1692.9039190007
4319.3629016954,8016.17458553229
4635.07628405931,5894.92924843448
4103.51909111688,6338.55811033457
4240.3146749698,5138.49871103144
4720.31032705336,5697.7230902986
3538.68264160391,1769.39949121443
4239.63680243803,6436.36537581836
4120.40783864112,4669.35264895314
3510.15735012819,6506.32550868577
8778.45659698069,3129.04213689512
3365.36411620079,8226.11037817252
4323.81101508207,3705.77082074389
4167.09163923272,4952.26141813083
3923.37291518648,6885.22242005341
3913.55262425385,6098.8418908661
5320.88081014543,3066.01577302137
3043.71356220641,4592.51646683397
4306.85002430349,6137.14623386291
4124.77253877116,5545.24360072597
3389.88772464273,2149.94490378176
2497.67383242329,612.418840700846
3957.41447697734,2480.19400983493
4679.82192047012,4152.69541647758
3699.86367426534,2136.47569544177
4432.83576719229,6968.36717967625
4838.1661323331,4345.24128688185
4708.60581136529,5551.77925149993
3712.04609328585,6236.31763038945
2936.09387098141,385.489711194077
4844.28256626653,5809.56830443623
3518.49720753754,3649.79155107131
868.141994053827,3009.75234461949
3587.39946707661,4945.8390925644
3834.25923254648,3937.24643706259
3274.82419645426,2164.15284024688
4662.22529576172,6866.35419585668
4004.72643726817,5016.65170161971
4408.36995592719,4128.88316867519
4164.33098235069,6862.71721783476
3385.09883215109,5639.12972945854
4567.2007049391,9023.63060611689
3783.29827177254,6043.43093865212
3236.40286585225,925.107138139372
4278.13232630502,6784.34607115105
3440.31279777696,4075.12008337802
4051.90944604871,3331.93146961705
3920.0220914563,5958.29664506892
2995.15673675487,1957.11466322056
4841.51977243116,5407.31286895153
4303.70169071676,4325.00935449762
4121.86781007367,4685.94760331545
3674.46069347688,2210.12968036249
4037.89522990857,6310.76721746669
3538.02866906088,3111.82220247045
4680.31174937427,7261.61898831634
3863.40659621211,4402.35719147164
3594.01230820511,5226.30375838588
4186.25805568209,5121.96084212814
3963.73418118642,4435.37668952973
4298.38740875301,6019.56160539072
4000.5779751034,3931.96116926862
3362.57474481666,2163.4707747255
4453.33915803591,5146.62598897369
3698.64647429591,5330.64709749888
4291.15158118195,6491.6059173658
4388.59921882763,3200.87742137725
3957.4027244546,5742.16560013255
3056.24494610899,3692.86992986251
4405.08546376454,5855.20411179115
2965.81684271112,891.917335128562
2770.22501904228,745.518821220243
7761.93554967214,2887.50721698807
3557.37711615578,2091.12404681616
3384.20712218441,3909.45554419471
3837.71360031894,3672.35341589372
3552.11882860744,3881.32382999377
4693.66961980219,5868.61623467212
4196.42264933173,5655.32677702878
4742.59672296052,5972.22042280474
4476.42984162044,2940.53115130485
4528.22589250847,5468.74823993986
3873.30484977126,3431.6711836022
3643.54330778857,5495.45916049429
4606.955198093,2925.69823477736
4266.33317394312,6203.46896585315
4962.35507584723,5703.74750907296
4687.02839727342,5337.86481379422
7862.97003583479,1373.11170618652
4013.64572372043,5190.55684395279
5273.38253117889,6446.36801680296
4255.95960594979,5022.90319366436
4128.03182705757,2590.44759680427
3901.07841883722,3675.19500318675
3766.94551567825,914.252232394494
4193.06815233413,4711.29481568238
4019.86066552652,1952.56812355172
3643.23355699946,4868.43459298662
3533.72808815582,6055.08144655352
4384.7769096309,5835.36966334374
4920.94411798639,5226.47459190767
4154.64404284867,4102.68348012036
4330.54569993485,4046.02214492641
8281.42533508843,4844.84941845452
4242.01082762491,4048.75040701191
2159.1020080015,1167.55130255191
7499.25375586293,2951.61334174764
4317.74343994543,3883.0858678286
4368.01497108731,2821.92342455059
4016.58826277984,4392.6391320716
3956.41084912117,6438.86614177832
4329.29370120332,7757.19181221976
4459.62946460451,5290.41030600071
4120.64157977083,994.498636406735
4423.21843795746,6704.83871240538
4382.71129212807,4755.56649199455
3896.14584836499,3101.59248821556
3932.20126141441,5322.3494088901
3185.91487866085,6634.93566499699
4107.0011916997,5962.44570080093
3978.41869780626,3781.58411600862
4681.44430454526,4801.14563674571
4249.68912336498,3061.63964401907
3914.6408887142,6172.95023375501
7363.13286904231,5959.0357960493
4101.49321777816,3839.38208611979
3332.80210233556,4990.62284658666
3433.25308513964,752.338630723501
3977.88652928459,6644.36956566773
4413.86587593901,5012.38932068017
4655.52152075036,4919.35566813551
3667.58555085409,8629.95744082552
4481.21789061121,6303.54950117136
3172.64490920647,584.344000531292
8655.58975397956,1539.85611196946
4208.55354083093,5238.2955104756
3580.39399186025,2055.54733162197
4588.5525038731,4786.48313088475
4724.78347629842,4192.93220797576
4881.83708883266,5225.22420892769
3243.77869862738,1021.77787441977
3638.19097544713,5974.4370300354
4145.13340590579,6332.13620762338
8217.69528474978,3499.52824587409
3594.06925376843,1710.18083317057
3204.67359482845,12.8439747296472
4420.87896629655,2507.4165852442
4177.08250772842,5650.8368999637
8767.16171808278,5149.52423887047
3155.33296896865,6598.3925141245
3882.57860627489,5004.26246559318
3881.25028961367,4134.73675392777
3440.2920378179,4512.89493717028
3469.15522468796,2447.62950402792
4039.11812556891,3740.43818571879
3640.0121215999,5128.43983029833
4645.41793794851,6473.02185189837
1995.53227004947,1948.47636470634
3502.50893501927,3261.74426347935
4225.84295746094,6616.18118886303
4250.18380659489,2942.29297771205
2779.43568611891,1893.86101464889
3681.98887986811,5573.20490426038
3779.5056243105,5935.73478024651
2568.24059101547,725.911868898376
3845.0359574426,5944.03204600004
3682.08316103102,1549.23335003644
3779.81723739034,5227.32706809558
3692.7609476787,7084.36102669065
3578.29601347444,6980.58600503625
4339.79818569543,2329.58988330465
4561.62383540469,4631.38912728939
4016.30434566465,3537.15094620478
3956.11349620293,6661.93074428072
4712.42197419313,5251.0255678352
4047.56972563678,5804.39636184978
4671.07135934199,5329.45337712266
3903.9585352651,5074.56299693839
3992.7957342723,4117.85764083616
3910.71195135377,5065.75407633002
4081.37025150234,5380.82944452264
3871.83777390834,6086.56598004708
2022.54250993537,2549.52873978472
4132.61675948712,5148.21719328673
4259.44235853673,4777.84462094291
4457.32844893167,5688.40293769063
4562.69850198389,4434.24005461252
3707.54620771536,7525.31828910899
4465.77139804187,5174.87102838215
4850.63029740752,4559.44030617212
3744.79016017068,5602.35950531576
3155.71794851124,2171.31368251082
3498.85083341936,5143.61356815888
3070.11368335356,936.757646040771
3976.4761902635,7295.54804802136
5572.36242269752,7262.58563542227
4443.85503217083,5509.49668629288
3740.57450436065,717.15976946448
4157.85629972703,5501.93772580923
7871.16764667565,6865.18954927135
1772.41583461933,3811.44643590584
2163.33104250567,9044.76620794243
7087.02252076537,7655.76647071541
7279.01489412661,6718.08053713168
6967.23862573476,5651.05152192922
2256.51227431913,9130.96538181332
7619.65956716198,7501.81745110112
1028.39630635119,3139.24096237412
958.7500819656,3569.42627962173
911.538056144424,3467.19091025333
7708.37925623332,7301.29737443504
8026.43899538013,8133.25631944692
6719.52220076766,7228.69041023536
6537.12002512254,7812.05508727926
7023.0627255835,6574.16768478451
3013.82350103399,2897.62516334255
1380.71164913566,9323.65193465129
1151.82258817853,3497.45948018747
807.443851854549,3323.404571157
8911.36813403002,7860.82328430911
1412.25999234931,3672.11126887279
1710.55399355601,9125.1966717232
822.621095134889,9039.14342907689
1492.16420260096,4047.04955059463
2032.6551009926,8429.04419296739
1886.97633247236,8991.96799787361
1257.85800105153,3768.05894124341
7682.2650520371,7065.78863018405
1536.14341446979,3855.51011362698
1078.33958665819,3165.09337027631
3364.76125483821,8623.08290990041
1445.85129961553,3793.65130557705
2210.36988140571,4158.40415188322
2739.22881576811,5197.92295304616
1638.28559793065,8624.72182592995
7673.65425462662,6913.19942309253
6815.58898978793,7402.30082291879
1789.6752147762,8905.27245042761
1396.58745133742,8961.33919322324
1668.95599003849,7926.25727653181
7942.18486054848,8612.50445074406
1010.6668881222,3196.74366879779
6540.61123754466,7974.47912709878
990.577840868294,3211.95336475965
7614.47325657484,6456.94420306805
2208.28845041693,4131.12895783409
1296.43683246192,9381.20434883474
6628.84548866722,7778.60339947541
1099.61920089743,3142.82705226736
3514.83991089983,3867.07990062647
1825.52300042657,8062.27754863899
1592.17101355748,8905.97505993507
8683.00672808227,7103.50119583798
2123.16041045485,7816.68223952364
8373.36634375041,7683.05653766795
1066.92247434732,3497.03191802446
7531.54993849335,7665.32029647838
7973.47704737021,5575.41112717033
1218.01135363208,8928.98253614382
7440.35040563509,7290.279312197
1702.78767034774,8716.21238497292
1393.90692569069,3730.19359131553
2316.7049031355,9011.12764770236
1285.15135302114,8921.078024322
1327.65951197381,3686.62404891175
4322.74757195192,8627.9251166166
1365.54039684883,9145.71370285249
917.846168674166,3599.88677461606
1366.14465858836,8749.61109615186
7713.54852114541,7671.56182106509
8129.29796025992,6488.9857996194
7432.23452117739,7662.38511846673
1292.07609742348,3519.97151603073
1568.62553540336,8778.63351951121
7812.89320558795,7224.43424489999
811.804106015592,3259.00329646176
7387.9818439434,7236.15468263909
1627.00667703024,8574.7481798688
1404.94549653996,3939.40952928743
6900.09635189035,5496.86938451575
7279.46847789746,8287.69915682375
3791.26739186378,7312.59624339425
7688.43707613557,7576.54221263115
1492.15181976883,2728.32081772342
7643.35014413647,7650.44524010983
6402.0387706925,6313.57134660312
6804.24686794904,6911.88567077446
1015.96341331293,3247.33752970847
1040.71354507859,3233.26433589679
6624.7534808431,8192.04007923822
1623.71829286545,3901.80577278181
7823.60747331175,8057.30029925806
1085.41426592472,9003.67896287933
1344.42496607356,9422.46823309576
7587.54990407354,8084.26158221514
1801.49214681741,9283.6458642255
1587.14528906321,4743.49326400585
7366.09494801634,7510.83310539714
1783.85631347143,9397.56451021992
1393.45357920631,9124.11733240895
7894.93131776575,7421.02932089836
7969.89210170741,7547.31545212112
8507.41502592751,7631.62332081833
912.263259089823,9030.29775024791
1715.36199778508,8880.81198296647
5789.98873606475,9245.91358513594
1753.23820710017,6303.47987023374
7454.78181281755,7859.26816216166
7811.20619441559,7763.21008253161
7527.40145194401,7830.52482721047
8463.95810739471,7612.8392042587
6889.83545082853,6100.02891968106
1181.02406980018,3597.56837743878
1556.27706004711,5875.49770004868
2511.06972705713,9207.49545326294
3331.45486322707,4707.72445745351
1102.0706995777,8730.56899395055
3097.23394848526,3322.28509718173
7932.42123021706,7798.19132677748
764.923116589033,3484.48693541516
1104.54422530299,8922.34167390423
2756.1950674973,8983.01969835113
1070.94858661722,8769.94514245749
3139.99462702609,8538.58129448504
1364.31194935351,3652.17354223372
1207.56890306912,3763.77362724313
1194.79801957523,9284.63046523935
1377.93047978456,8947.17756904941
1350.54619918481,4140.6041339258
3891.53199067009,8501.07383531156
1305.03045262487,3751.06795804969
7552.08024664001,7636.26222629195
2907.70656542991,8112.04852876058
7806.50796151701,8517.60243130236
7671.38858538189,8075.656320223
1343.60715706824,9109.42022807693
1720.68883974921,8505.73111497947
1589.34788715711,3373.25449255866
7434.36987345024,8030.40700392359
5122.0139570303,9199.44364630105
8441.1076710572,8523.38509063079
7752.00678536147,7723.00254368597
1167.80844443597,9039.88795269896
7977.63491021404,7606.46513787891
1064.75997665085,8827.283039933
1228.27579969478,8420.35612980818
4991.90257688714,7496.97388835277
6088.22261390771,8149.90305331801
1862.97205601404,8710.92078879951
6987.48447732922,8483.86250857378
959.321860584214,8935.89136697539
7524.55710269449,7213.20712822777
1524.90315929336,3550.56353778489
1868.49103775001,9052.39327338639
7990.52063708143,8028.21971266057
2307.38941544933,9391.47393486966
7785.48361737923,7261.59224530531
1842.77515329535,8617.02368724099
7490.32337258358,7862.4250310959
2394.90373812407,8945.32096272696
1677.2586590572,9233.42402956886
7145.4099459253,7031.40135769719
1403.78091063044,3699.58219113951
1401.23156549999,3932.4361417902
1947.92181697409,8824.87262063502
7404.29342050251,4525.00493421179
7534.02648262131,8180.01680285203
8174.40955727907,5461.56416272391
819.365055872511,3343.82520192975
7828.05617958691,8254.14952322735
876.416242837054,3421.77383672843
8412.46835651299,6222.61276429705
1557.65974584285,9108.19994974621
1161.32467795635,3829.03537913158
3785.60147819778,8854.3141966777
8032.88914893859,7809.65836689691
826.255921692885,3060.96553046111
1969.10394899648,3556.40621469612
1217.0835223156,8900.60401493719
7556.0938028825,8079.65905190549
1113.04921908076,8997.57911834846
8008.78593423647,8145.2435235557
1545.7895660452,3480.18725422066
1459.78725280502,5223.2746977529
2067.19970618265,8976.44092328735
1084.24395314496,3403.4279474148
7431.9333601715,6859.78471986751
2624.94577216246,8883.6345706141
2803.06026123248,9014.09423909082
1710.30205878082,4249.79245140748
8528.7099861963,6121.90581454004
7849.0120903148,7625.48351200846
1141.94275341404,9094.70103636056
2051.07874438944,4406.42681142661
1306.69480053147,8847.55067409066
874.167039668284,3064.95626384294
804.940600884632,3141.73959211314
927.70017596758,9127.21726466412
1791.34149979532,4160.64326567258
1737.76449311542,8883.11182445241
1730.9840066347,9694.06661645091
859.234768228138,3286.34588709397
7473.54013761833,7853.33907007958
1336.50471581572,3301.26286854951
1581.46694197051,8632.76738437807
1735.5823249654,8770.39350061751
1790.94691588662,9299.18449748774
1614.56913228782,9016.27541795818
1726.55672190556,8226.02631062611
1512.72983025989,8955.86829777777
1407.69886322868,8551.43891547848
8485.76035601177,6231.70451938925
2455.7715168798,8677.41162985421
7351.97442100571,7966.8634808193
2172.75772957134,9280.39566953599
1189.86255016677,3342.33363727658
5883.34492437368,6265.66001635584
1992.19620910692,9205.27936303834
7453.41935032189,7150.0799136549
1418.26909043375,3058.38789528919
1451.26346998168,8969.24761650773
7302.12901377274,7869.44377491147
7516.37675569626,7608.69791647043
1481.28151381917,3811.69743617728
8094.24996875321,8281.37683289942
6866.2720820726,7580.2300714272
1553.01121251313,9524.41110826002
1766.67878242582,9104.99697970558
8072.9503662118,7382.08759911751
8293.59033126896,7469.22169377022
1298.89007075089,3784.68425607837
7090.57259900737,6819.14454810713
7787.54969978066,7595.27174696539
8170.8444866645,7715.76569221883
1635.15534319179,4192.29311580238
2266.51561592951,3944.32212088551
7588.29477900963,6411.34126717294
1695.30101378089,3676.23352134601
1286.45416267704,9245.7861247891
8334.90602761579,6079.28234153483
7609.50849956291,7136.73901710729
1592.30779659653,8390.80192110695
6781.50416896289,7433.47397511172
1573.20910744867,8362.06734163278
1255.00439032739,9186.32749494331
4486.17178840453,9103.33896409225
625.238081048318,3252.63610707752
730.048320465745,2971.70427330144
1328.44164994937,9182.65470920163
7884.44842240508,8186.2510220359
1267.59737043105,4364.09223006074
1382.5528483433,4091.86615239057
1879.23086005267,8783.64012590183
2094.83239688991,8784.51027642814
1468.10720509853,8508.44337078282
1914.5847471639,9226.19610423319
1923.976540104,9018.81268039659
1592.52963088024,4631.58583635142
973.070091956178,8911.18198681055
7330.80325409756,8236.2596770071
7684.99878579963,7457.67391444582
1396.42525308611,5068.21451716105
1079.93734414633,3189.3010986242
1439.61831697129,3812.73333844582
7558.25199424133,7661.2694933716
7942.61325480053,7827.74663820345
1181.01256049432,9109.5738587269
907.629768800582,3975.52768474522
1276.93002482561,3464.64513238755
1328.55857416876,3702.34262210705
6778.00506199219,7604.80278490427
1097.49144571364,3330.70664867869
1276.2371513409,3433.97460466591
7938.94802633075,7690.99336649074
7269.67629158021,7943.18059944724
1596.82838905357,9009.6124355469
8590.05641544989,6581.90270576466
2051.54827196482,8177.43453318978
569.150417095881,3217.46711818592
1420.33388282923,9091.90323240458
1160.93638801503,8571.91955996628
7549.36125569692,7995.70860514085
1141.07605763393,3521.56824525703
6721.19176913887,7262.95137005274
7980.67049220121,8406.81322937641
8271.03823545415,7723.94351039229
2048.91268254619,8971.41646914631
1358.76920386468,3635.70035124027
8270.38415699375,8437.2136183498
7652.33744249941,8199.37569410923
1531.63065983992,3689.58366905821
1873.67424847154,9053.88196884365
1158.75363844884,3273.7376585195
1548.37610390857,3361.13183288569
7243.17818333451,7472.2944895274
2163.7386010578,8977.80635412442
1479.75101486856,9180.56529134865
8293.03888921523,7523.68010132475
1673.86458850058,9103.60929401721
8235.27745816577,7557.17296608055
9016.98259913012,6571.41222027045
7869.57071421068,7500.63227707005
1987.94412247436,8644.01316544366
7171.51610837048,7560.97394123193
1393.97866737807,3593.74091495169
7664.75824064511,5788.51985744341
1283.45155969205,8807.99259130336
1751.53005710795,8357.39291520667
7575.94334398152,7570.61544410648
7865.75856965574,7374.02640728883
7675.82600136133,6637.25893664786
7534.54496441636,7610.14708386679
2117.69146828142,9073.72329273008
8067.38727628603,9118.58909379223
1108.90271272803,8396.31630870772
7613.13754420618,7185.27306202778
1516.63366937192,8783.05143584735
1849.63412243215,7722.65136574585
7412.46547860494,7971.85463756272
1337.66808752948,3489.96628738093
7234.00110312534,7871.46279605289
7564.98251057743,7729.35482919299
1796.03160911353,8929.02083396497
4422.76337066041,6040.65687092951
8046.31446362578,7452.35258649977
1580.19174364603,8865.17119486751
7843.79672805925,6321.70837597822
6400.5234126539,7535.8333194137
1298.41809226651,3479.10149005007
1292.31403736953,3422.0092048022
1196.67763597028,8129.75900482428
7944.50268699529,6663.78100055174
1937.41129757782,8997.27199785497
2030.53774176034,8854.78438980474
666.368456442527,3261.28976606704
7815.64760021356,7302.74943122797
7080.11213384154,7895.86445878705
1117.50094684943,3356.65318043297
2824.61503510387,9036.41909089642
2021.90103426149,9132.57015828235
6662.76497479807,7822.11991519946
1442.27537152255,8074.10679980779
7898.26017136749,7765.24043952657
1844.15719343176,8587.78869048205
7315.02402371889,7028.33225730043
1804.11775718519,9139.03688435755
1340.29273075914,3583.08558701418
3944.65299609021,7932.42503404124
7682.65498241494,6911.57489011603
7297.39392069273,7942.59686829387
1231.86562501007,9009.92129957846
643.80396442225,3280.24496468092
1843.12626391407,8590.82122142284
1570.83634026466,9446.58767787311
961.480050212722,3539.82689838791
7889.97799593136,6935.18484954501
7416.34968372398,7417.79168233392
894.130655499175,3850.81743573291
7050.6169254746,7736.31227857982
1385.27414252024,3457.91045468102
2069.01712684174,8328.42635369034
1229.02642459318,9174.16208924746
6993.38403733526,6795.04927736402
7243.05901621022,7384.89958382236
1163.07885689537,3557.1983228397
961.054190233756,9054.08784921715
7466.33208803957,8457.31855938606
7779.91019717374,7977.09199146703
1053.69372561895,3422.70434603302
1379.83981962553,8936.28076224722
6258.77997969442,7444.0559208206
1194.22495268417,3366.36272168022
1444.6840724825,9306.87868045126
1426.20243594083,8379.56195657872
2016.39233204243,8730.13858886453
1734.58069865097,9183.78912473831
914.784388474896,3411.1233891385
1925.27147104421,3376.3731290021
929.910185823949,9238.96072562238
1706.23991178418,3789.73623048456
7156.26589597387,7302.47187282882
1362.79492952055,7684.11941890787
7155.91991732938,8059.38965289315
1304.17006078437,3414.7824315573
1006.18590451913,9246.12051763623
7271.65322819186,7138.78005441236
2029.12018474954,9194.31979750138
1842.83895603756,9224.75681128698
7828.9247455015,7980.90781417491
1350.24512066518,7733.46876548362
1284.24505283934,3472.29476097168
7970.45935784658,7801.1953447438
696.132123248082,2981.25170160155
8283.93315670069,6785.11962779565
1484.59115751496,3514.88236012635
1176.76905487494,9127.03448183017
1935.5924149941,9020.92701779353
7737.19837035338,8255.64601453165
8369.22582676799,7220.09758597948
1686.52854368339,3510.68974223695
7108.79586242427,7516.63238231055
7685.48261048584,7101.9082173795
7359.99130803637,7435.12165386928
1215.64686381925,3521.19313203263
1425.89258926862,8403.84344083336
951.819907651965,4018.68397388423
1774.49165559873,8983.36821780015
8093.90814646467,5542.96479551232
1378.75762931112,3529.68912783889
7582.59796280006,7275.66603277217
1105.82738516113,3583.43583602199
2408.28525833796,3900.40813734851
7314.0522766697,7514.51336454468
1065.32850048745,3294.81452320644
1313.1383805167,3805.55931764975
1647.48079608967,9071.34599924367
7455.90206325216,7856.86043852854
7290.41770518717,7575.08673764683
1721.08282217398,9022.81136729031
1293.3854352128,8764.04791814486
7508.68393141512,7208.56160451252
1796.37923255782,3901.07473353362
830.853698266049,8618.25306671591
7911.60352990811,7694.91720581891
8559.7556906941,7787.67053134771
1063.73888266168,3447.36299399288
6259.37480869474,7132.96228697952
8053.91820882121,8467.10714403033
1146.75788522482,9015.9479542782
1794.03415183616,3969.50321557407
5693.82426900049,7086.66468867329
1590.03383160628,8480.53450735307
7463.1431331691,8720.34741478282
942.724881803886,3085.13377548379
1240.49610456345,3421.80767754401
1374.40786927498,3619.69542472226
2242.45235225777,9008.47877677203
7563.90247759731,7948.59271219459
2340.91140999061,3675.2521422093
1528.33247666721,3379.41878900829
1459.86078748249,9128.71637361396
2013.94985036442,7216.61716911466
1304.36835061573,4350.60134177327
1762.59228427968,8988.11074337309
2210.62706503218,3780.01705943263
7358.96438255782,8384.0914424181
1306.63422306079,4177.7849485387
1701.52676618605,3590.92074306862
7546.23994049583,8212.40177437799
1025.74667866559,3286.19483230089
7419.69350679622,9480.36385461511
7790.23797413714,8366.95166716824
7156.08467685575,7780.10827066234
7981.96016625272,7352.59538257036
900.985019345122,3154.92699449969
1534.87008131309,8118.93442665052
1024.98188999415,4151.33650074325
2125.58678322676,9096.73385231025
898.146989975348,3245.21713695112
7160.95866950111,7971.69827675172
1589.5158768247,3448.90554410069
1852.97791506269,4146.07521880182
755.914583225241,8677.260057901
8296.44850595,8186.02104721492
7458.48089041395,6546.48597264455
6422.87685420991,7631.80677271883
1655.98979960691,9097.06361066719
1150.6876143858,3439.88817096395
1157.59284675147,3406.88386961901
7323.63262869122,7073.42596275462
1133.36109047661,3718.38428749
1930.26932189969,3757.55020246019
1264.79904056559,3462.55291360351
8006.40883602672,6948.91154911494
4950.5540071904,3224.27347414396
1199.54683957153,9023.62631316793
7914.33060019303,7582.3184339619
1926.72607137123,8635.34565122087
7337.42641731167,5337.3237270789
7648.49233940586,7874.18836893473
728.758400638866,3300.4111827663
6900.60011295912,7585.24023265002
7203.01208830953,7541.91598430844
7730.79614174421,8157.17036685979
1027.91026636619,3227.79035935466
1630.73228769564,4061.47351832221
1706.44781329729,9313.29543041328
6744.67943509017,6704.93260120159
7885.28786476624,8247.13717713236
7285.56122515327,7035.93717712746
1130.46659387042,3583.11905475358
8628.93929916488,7566.84315829266
7235.63132233381,7682.53795067633
1568.5057157295,8890.93347272815
7335.96413515584,8267.56515166184
1021.8968853343,3211.7687452112
5141.46457448152,7382.44910848402
896.035051733493,3329.56239345573
1128.464287832,3376.45226480402
1384.34696040902,9302.34740603648
8554.6406477662,7701.10400723557
7134.38714555921,7395.00192363238
7064.09122485659,7942.80481050526
7910.0815067278,7096.12348953775
6249.2693267297,7866.44767985766
1158.92666831307,9204.31407765127
7743.11600031903,8313.24423384983
1216.60439597544,3452.86972391499
7660.95889249519,8236.22852823563
1189.33424914974,3303.78509093966
4358.15887080464,8817.5996725011
1449.41935716966,3474.60019735609
2588.78440540205,8925.24931965664
6642.99859498122,6565.51862544126
4323.05161126371,8299.58433413299
1479.42289626607,9037.26444331713
1128.0446476056,9265.11158646272
7178.85113413045,7010.21831495799
1103.06976901289,3605.7586663621
2258.64755180342,7950.08736451303
2301.86028128825,3668.90950054256
1977.5068676868,9194.74251070316
1643.71897790001,8264.34440611692
962.274532380517,3579.70325497051
8333.33759853626,7219.96873509357
1019.38166716153,8670.72207171042
7338.4307076168,7657.15211731835
7302.04354312038,7634.33226817218
5917.25003566768,3497.68597247859
1492.56400951766,3694.96481066242
2241.74157111722,8825.05608263379
7889.22852095181,8151.59701070272
759.721372708501,8759.1189062441
987.105125248732,3680.15969770013
1314.98151746012,3321.03051283625
3510.0315683495,9496.23786279458
1392.32248028689,3457.33852034995
1887.19652531005,9014.44212484361
1151.94539502815,9410.80109293126
1856.68759278339,9153.45496525026
2020.0075743124,9094.31803576754
1117.33839464106,8324.02062199193
1714.82274967984,8811.51397221721
1245.20254420355,3356.59776329498
7352.8250900184,8738.39208030583
824.357474201768,9073.25363944992
1178.3265886587,3908.39378176009
2029.83302903872,9115.66865648482
7039.98213609842,7654.78590709448
1108.04590188849,3511.37822086646
7256.72518554235,7476.50008831351
7559.45764615063,7743.28348477733
7966.01217370682,5803.53087881287
2103.58561714915,3318.98048837883
7229.13643571482,7586.7653705678
911.594105128438,3321.27481411951
7427.27172497268,7891.59179047444
1919.13932474991,9360.26119112114
1290.95789149807,8744.838335013
7870.11911949626,7448.52146137863
7828.65685631527,7206.36663161183
1861.14960385318,8717.25348459304
7911.62708801953,7407.94877225689
1105.67644185694,3560.33880384192
7680.04601939021,7683.58001659658
7830.46369516999,7149.52473470615
1499.81316711405,8028.55247192465
1755.99861588711,3610.97072728478
1069.1240715681,3303.92750342033
2260.33963322568,8931.6105838319
1039.03917002323,9331.92086725093
8688.28818521784,6949.44659846934
879.392989418004,3396.26741433321
1778.80047107869,9304.95540512685
7929.00749694371,6930.74084250253
1361.41936629739,8832.52890057041
1167.70605015998,3262.93685489421
2880.47314702176,7975.44930661202
1076.85988516938,9064.16343501904
7183.19252513002,7185.6644645042
7209.26350885384,7555.52423890108
1620.39350328556,4198.03683089599
3437.61723774194,9403.91251920256
1209.29494023106,3501.3443238536
2867.62641051587,9025.61844563664
1799.55810312548,8727.89735091181
688.148040353641,3220.46308421589
2656.86627968847,8740.25057774558
8324.7963780256,5585.00136655643
7091.96668944819,7573.45143894915
7347.67868618756,7579.51344780453
1254.71875853736,3604.9188207943
1165.46830898983,3604.84406829736
7125.85066814515,7975.92669834118
5556.80395489402,9045.53936826556
911.658748094162,8784.85380089569
1368.63466853011,8006.60546257221
3504.24685906643,3182.65385113682
1368.53460392007,8922.08699262975
6517.51958436997,7572.55665270701
1422.64859030421,8571.77941372881
1345.82668805002,3756.3746111453
2360.38812379708,9251.67323412829
6942.77990109831,7223.76135058661
7757.86742706868,7005.41255021979
6113.63167497178,7745.79304707211
2118.95906416088,7440.87225627138
6773.57792610873,6364.277762406
991.286698551655,3282.30985447439
4472.5286065715,9181.20037902044
1189.84975280101,3526.42161996023
1067.43434433011,8119.03207399441
1341.52477810218,7389.85633351572
2220.31589118812,8420.66488615484
7685.23083375773,8178.03840305261
8097.58774968941,7236.37947991923
8445.43285916795,6812.06237027144
7458.69015254743,8188.3787335715
1542.3810351034,3738.13436756869
7185.12812028379,7350.45415244855
7184.41991157893,7037.94854560795
7244.56900647404,6761.60951521551
1724.8475550922,9042.14099468923
7549.85314106937,7669.74931814829
1566.33460266134,8304.88109805849
1330.46480302675,3592.79202539121
8381.26576323081,8092.46472653035
1096.39133609134,8981.8578887911
1215.89249271671,8976.42299232811
6536.50265287125,7906.92947901593
1523.94451421199,9155.49305428771
1201.40073968824,3639.98159216517
5125.07048894322,9080.86194542309
1130.94881860524,3440.3701389773
7419.26180140303,7361.42263878482
7927.15379001901,7096.01484269472
756.14852197677,3186.26026223797
1251.29039442946,8730.12881845572
884.154669483707,3402.4415089131
1623.5504059709,9041.14919159302
1098.10890059011,3415.89862087987
7856.66362155782,7180.50270152008
4110.44759492523,9066.14594824265
7528.72471829064,7231.01559246102
1075.97210683547,9198.05436379433
4560.71427691075,9068.79725450858
1550.44406480055,3949.02403608124
7925.51811165435,7403.51697133304
7715.22804546621,7543.8012485535
7705.94492438226,8071.28545422659
7327.67058267828,7715.4130697707
1347.81370462916,3335.78477340549
6998.90432604033,7912.86663543724
7982.83467787925,7265.69709159499
1447.05251083571,9233.61967797312
7538.19082420246,7725.79612094653
8496.99474677346,6975.81333959776
1568.09835835414,8856.88034673065
1286.11783017809,3830.25643817091
1617.96463962601,3887.8735312676
1438.1624288544,3804.08104897826
8543.31250384765,8083.65440094468
1838.7262388005,3808.22823389784
8044.2538223455,7366.81551226492
8229.15572316221,8080.78032692025
813.447458933836,3193.56930631265
7485.02156797066,7781.09410118579
7836.71243974623,6699.616629358
7966.35493443934,7975.96150609499
6738.66483261199,7786.2620899179
1976.94380557571,8465.25074234137
2371.89620781392,8948.44491213294
1102.42533715894,3574.51280013794
1807.10831980495,9330.11127817089
3297.22834114595,7963.79626931141
7008.90845148077,7812.93456984587
2854.52516340897,5184.68767728708
1560.71775283192,8355.47609545904
792.082106904869,3125.0351285785
1458.25337221435,3337.8326867697
2346.50392286943,8735.41614564322
1091.14893367866,3114.59186973043
7504.73418046978,7024.66997548772
7041.53121261726,7509.74885061362
2557.19351085264,3303.68926928909
8273.70105956716,8008.37500649171
7411.7700240509,7403.86780859143
2724.01752470261,3673.48095674546
1574.47379617261,8141.37618543597
2458.11354527524,7988.15075797927
672.911800275406,2991.83845949161
1447.62828974139,3909.55094029795
6384.38239179336,7315.25417283731
8285.71591446551,4716.34897727275
1795.54579985599,8705.11488148201
1822.22134797473,8832.16573108015
7015.36899958236,8223.9957953219
2703.95231825498,9049.48870586638
1464.98348169642,8992.04336030491
7955.87508246118,6971.22750742326
1038.64288716115,8958.2737476704
8695.18606173839,7257.77200782148
6759.2607625018,8037.44822877131
933.707954450809,8655.19896813353
1590.36298928817,3780.73203175136
1431.91899621313,3499.31519165693
1102.79654361853,3556.48778894302
7266.63742917353,6991.4660305449
1413.69832554963,3619.56130061897
7215.31875894652,7867.86722505713
1557.02057278246,3809.38393157421
1265.84440306534,7826.56670583368
1093.7184646315,4081.23073065818
7108.61986495367,7719.44762123035
1997.93089190763,3712.22674801766
1567.14413427727,3650.10371760547
8055.93296542195,7977.95730995106
7798.03997885898,7672.35841969677
1365.68735316611,9247.54799893655
1677.71479403555,4002.86694210494
1486.74216052905,8902.58334129937
1093.36872013492,8864.23105682333
1443.16727877546,8547.16254996002
2240.85879361457,8615.19386317615
1399.67710380284,8865.88782207885
7301.49980037838,7574.51160232846
1403.77847896693,9048.82009048428
1634.44768275544,3496.13936445859
7982.12267558733,7238.33196200496
1138.67628988127,4589.98476761809
3499.34636111608,8292.53005427884
1472.72227235059,3611.3867391325
7447.47902946395,7953.11595860721
7736.36196667572,7839.5606713395
1426.41110893981,8709.33749010162
7706.58227018022,7244.60966744849
1511.1394722327,9259.3445437742
1535.97257171623,3374.67796969987
8355.86345216856,7645.07696604533
2489.78364903242,9101.13879604469
8688.88216399359,6259.89356083635
958.746250083737,8795.15863998638
7899.15137933725,4326.12101733831
1149.26037060204,4405.45015176568
7087.52452886907,7800.04074343507
1296.27891776187,9288.6556289056
2276.31247984083,8776.78322805455
1414.88104563285,8915.03506620923
8645.84132580538,7580.60734788559
7068.15963610745,8206.18746132423
7406.49701902736,7824.51634336131
1216.48094784454,3836.37523111383
1575.45765425016,3649.41593683845
7070.26925023297,8226.0730957955
840.947856031688,8420.73671038207
7434.31068869046,8481.20490440014
4989.06944147025,5868.76627961338
2350.56949687031,8788.83507118871
6551.85324891736,7594.67821042287
1330.29125622885,3461.05158253296
863.255167267031,3173.56660767474
1366.69324673441,8978.4302211468
2047.76690880633,8839.61119745518
9145.41787121508,7771.95215819488
7346.550980598,7936.62678173686
8680.1258921177,7723.62790744935
1457.77223502925,3833.62119861046
1309.19814344481,3962.31722243943
7363.22817375127,7114.68184149578
8975.24668694813,7625.59074309866
1160.95843225037,3133.88138202612
997.415151021411,3276.41644981997
1235.24026666046,3583.43686162008
923.233556646072,3257.30676486524
2234.63412321101,3939.45875453571
1832.96723331267,9296.7308693368
1137.42137707741,3578.46400891968
7767.64662308065,8304.30914792401
2642.89752130924,4370.50517329389
1710.4618129873,8824.55359996352
2080.81481253597,9040.64611108746
8568.18756602371,6952.37364956498
7319.64792936971,8352.64164155471
1082.36669443177,3305.68126478663
7057.89735907412,7236.8604850865
7771.41053103412,7837.70194955467
7351.86607138281,8412.48006530378
6741.49090799422,6127.39522492086
1122.98535285058,9330.81370509104
7449.53437558995,7085.26721220707
1101.15618537878,3398.50414277805
6559.00141764764,7598.55385012302
8003.58792665127,7658.5857408379
1052.05084566887,9237.03191816224
1967.61535861327,8268.83911269467
2435.6274312395,8486.88515006198
1652.01619083168,9231.13629175352
1856.94461827147,8870.02730645642
1485.0944289538,9007.93061991922
6067.74844849072,4772.18261975841
957.742328815911,3463.62149865705
6950.77911414482,6865.83212754395
2346.57227647639,9529.82930879884
7357.86454682562,7756.64181107073
6872.28834370046,7317.60508136766
870.464834318069,3239.92879874559
1478.37153103068,9298.81477650685
1702.67952519823,8881.86398440932
7012.62047421858,7416.97410752376
1122.9296651997,8905.0051705748
2245.58804986145,9223.74769484661
7523.66178294169,7836.95767427781
1242.04706238306,3282.61132651812
1995.44034332913,7867.20653496751
1813.61905867999,3850.94736041215
7281.49272055538,8144.54191170392
1240.59900169798,3120.97262220074
8225.81350632839,5356.05237293803
6880.3340995008,8096.92057234548
1176.88531021834,3271.11431390213
1481.85249522331,8345.54069476516
1007.19612040948,8947.17647124064
1161.36897624717,3430.45140829817
1283.42147530932,8812.18047305752
7126.77994118733,6737.41059320638
7608.2661470389,8493.76113921826
789.304254726409,3215.46705608704
7827.97146897854,7523.50043159592
7909.74474568858,7135.86738248256
7470.89559235535,7579.92083936555
6990.53476775544,7604.96160135764
6660.32581127789,7337.11799177592
7795.42557589377,4574.22871239721
997.60767094528,9125.77856670624
1550.04898087124,3824.74254735334
3904.94646105313,7621.72424519762
1485.64923689368,3546.70111694428
1459.1297697357,9092.78370395656
1234.08018901683,8701.266233264
1774.9260134106,8959.01545436468
1550.08666512157,9027.10897661708
8363.79209617073,7245.89509804787
1712.70627146156,3766.8826447935
1860.30946464157,8840.61900482347
6947.66367618419,8108.62807276685
1191.27031168603,3256.1319465483
1515.9726809374,3832.74742582968
8234.66209035468,7158.17033537905
6702.79118707936,8074.60826526459
992.27917163588,3335.99146770239
7382.96656770621,7014.53470276634
8456.09497459838,6548.42296554671
7689.24345244461,7895.42996158391
1598.1027934473,2868.46493096398
7383.71859106424,8585.65916561937
7434.40355788521,7743.19889905699
1186.99722283356,8764.16016754151
1669.53971523492,3529.03590024163
1603.11080770693,8249.22498956193
6835.86927947033,6690.94809162236
7610.28258741662,7628.7745058433
8364.51390646106,5964.79626819711
6449.3714449108,7303.90860449523
3832.11259567024,3956.87026584486
5296.9008444631,9371.91496442867
2203.22095086715,9155.03093569574
1198.25248055661,8658.54484315696
1273.82456425628,8636.01972631041
7371.40305442171,8324.25967332835
1838.38935320094,9313.27126911358
8248.83768630273,6908.25671674696
4415.6947950578,4035.07911100536
9027.29953583024,8270.49186842521
4935.67521446261,4586.81633689145
1319.25684071976,9083.8551710183
8080.12757472,7325.62001295528
1021.16183218492,3312.27226800388
7255.99934732135,7130.33550051724
7096.76160204932,6711.07972502094
1201.78438619026,9016.67102978774
7916.9244764645,7804.79088205453
7842.00861091668,8198.85394436998
1504.58076463102,8561.95057035044
1233.02184853813,9142.55437552508
1199.83162700004,9161.43592072745
1816.91137334913,9075.14042283272
6666.15306450192,7447.92791518463
8615.35060047338,4628.79784296942
7375.13048158984,7397.18020043051
7229.05906390071,8422.84925151111
1047.09997195686,8539.75746590251
1178.86502461832,3582.38267498717
7491.50481661717,8142.4077849979
1424.84683065637,3680.19695541246
1266.88054928114,9166.99292754562
1055.52901312748,9007.45551316722
1057.11553703404,3590.0301151251
7499.35317070088,7844.66495460217
7998.67551531746,5158.38159476344
1530.4944093466,9116.57166279284
6133.47900462943,6436.19291825113
1041.77512381667,3067.95188208047
7509.84230168586,7641.46978647912
1760.50316009942,8771.48811249132
8482.78084236323,8088.7650296627
2045.79559332986,9250.35052769374
2322.44233478027,4017.67834646161
1176.64118376003,9188.71477993376
7435.10394204587,7629.21561570097
1605.04081991097,3729.39055400114
1158.64217865688,9244.63865010458
1934.07413625883,8989.51589219052
1538.1203740801,3999.65272709401
916.108222175012,3030.48520080094
7664.61685640809,7542.46479008453
648.444776635025,9248.51768169193
2012.6704060911,8816.368179854
1057.49399025675,8661.50374532943
7658.82272113471,7615.85919516905
1411.66729586382,9294.78013451992
833.334839503316,2825.37875950309
1389.64547728528,8958.06592514269
9424.15915909799,7544.32443324679
824.281451601835,8866.1875554206
8558.43134126026,7012.54445471893
1034.38666283479,3913.75210379325
1324.91706967494,8906.12548887426
7053.01992628692,7484.50829872942
1929.50404873644,7995.21883565863
1497.65878771783,9127.90208207405
8123.06720947421,7420.93660739861
1983.63613217166,9173.4998897017
981.892233548494,3822.12624773575
1371.43048374218,9069.50985648749
7268.89673232561,8062.37013336974
768.489696791774,3170.24912086457
7128.13836229901,7162.77658672163
9111.18451365963,7684.00306442157
782.597476490037,9236.79767441746
1753.76323672524,8067.95158055366
7856.306835607,7689.38455454786
975.475640909912,8627.60516749341
909.180052388767,3479.87950103917
7294.91800138908,6696.57969874124
7785.6730111395,7317.78945011766
8640.5663436246,6540.44285432965
8330.92577685538,7234.40422130402
7520.45128450389,7651.10697342714
1091.92501795557,3769.90215080905
1730.69225144981,8758.54592276366
6124.24402822339,8111.90281223879
2292.69895448618,8185.09726215352
7501.61720250402,7674.00129202724
994.223314664033,3161.55422295455
7388.05493957823,7974.55250000791
5190.34695283204,9139.70664239871
7154.60831139456,8075.43238111605
1354.5988835865,3832.3782801086
6962.64154848384,7485.03401075302
7547.94417134338,7417.76989248937
8494.12680885777,8263.00295082834
6844.34804512215,7686.47227508319
7600.50661963249,7787.55679235481
1182.19881072872,4183.33999987953
7201.6346667873,7743.28681207136
7596.03478181837,8609.47115655062
1114.79741827258,8808.87220415492
7695.11451932363,7512.75553325149
7619.36479814773,8282.20667716592
2010.11923335615,8487.20149991573
1612.06054843666,8604.92919985981
1062.34221051799,8813.76907687594
1736.92335231314,7408.9673292057
915.926847311707,3201.99218433158
7813.72473158698,7945.37044844856
7964.07897354992,7346.74593642098
1707.64669325037,7442.01713447159
1319.51107526201,3667.8310325758
7649.21865163884,7535.59578715138
7399.47129111106,7838.95606081674
7268.89075819999,7702.22564294372
1373.06081024003,3500.31794259364
8506.33899018865,7340.76641833587
1464.30240359714,3676.52033027277
7720.70914075586,7767.92711214215
2531.22657031842,9009.08205768011
869.252025127199,9058.41148350211
837.661177684105,3186.2906941865
1158.81846057643,8977.41501496344
7315.55060416878,7664.06995307493
7399.15915361585,7657.27455329587
1401.63010323875,9245.1873598497
4774.91812508418,6924.55896384388
1900.30295208918,8998.80962136614
7556.50268730462,7587.54336599825
7277.11174093846,6476.57627809818
8678.77674856965,7883.07604687883
8268.22858566301,8193.54437008625
6778.17327922946,8449.46182099152
7675.20540081501,7717.03719066216
1505.59024135384,3786.84315477187
1449.82815545927,7484.13985945397
840.298447601332,3204.06544416955
7429.30841403354,8276.88312425476
7587.77740379189,7808.07996857637
1846.288628683,8469.99991245897
5191.71634077791,3898.66787407801
1752.13028912746,9665.93467377462
1292.21716798287,4055.99239873652
1423.88094816937,3541.88666145111
1311.45145806272,8762.1435543716
8562.33403309952,7585.28887820877
1527.4870043933,9246.2581986401
6284.96652068945,7698.22278115842
1237.59159461357,3774.98749360841
7159.68797523318,8225.85375795266
2294.73080845498,9412.24121384761
1630.73444100773,8794.71336822592
1572.22396868531,7955.94604464624
8134.56183647463,6821.63120665053
6443.63568936013,8921.6766014515
932.872638922081,3703.34633047656
2347.85206256857,8664.8616006504
3727.71456463129,8040.74179499127
2154.30501398751,8059.39797036403
4235.74723865279,9113.7464973372
2154.66397671925,9012.2683724416
7613.05617455541,8022.04013845676
1419.63366873713,3508.27534086127
7439.27474546756,7660.44759511229
1604.40233930295,8868.54838633582
2804.31562790013,3329.94494432555
1492.90498275369,3736.24462801707
1254.56754392973,9240.74004141704
1911.72713340047,9008.59214261192
1941.687806136,9277.64054746767
6933.64201875759,7657.03053163542
6785.70309288712,8061.28189453702
7415.96386060098,7985.96479821315
6560.76661444774,8177.9218780108
2049.11768246162,8754.91685995615
1459.25615886236,7519.02802023908
1075.22357442927,3358.21431944552
7109.14947755802,8114.95433643152
1330.07222977662,9037.02171942535
1016.38742811934,8191.76431570561
6250.75665475244,7805.79081948257
2790.38782962703,4242.63847261804
3118.28810751783,5332.37016686174
6308.1851014436,6893.67582018878
2064.34792968448,6890.70062410365
1165.66468358386,8481.64169112262
1804.69110817303,3406.59200171253
2124.70866576509,8530.88287717
1607.41970708088,8439.74253147976
8547.58402685028,7801.05774736482
7441.70241035002,8137.09501346091
7500.13419713607,8101.53661643598
1300.83393009323,3641.25944212014
1696.84554783706,3835.32910378192
911.954700885836,8944.75564053746
1596.13215668334,3393.23564534849
975.435812182892,3226.35278512349
6818.45613453691,6675.19501490682
1809.91629706093,3825.93508022913
2409.32162553903,8468.62647832713
7526.15085706597,7493.17148063515
2827.06512123044,8092.32121455512
9105.98361455161,7761.44860027296
1151.46226570539,3443.72306813746
7274.35415545954,8469.17169096734
3921.6921446057,6566.03869492026
1424.16950845868,3430.76149649073
8560.49977260677,8197.97692813251
1944.88703572618,5298.09984350982
5479.15850291587,3682.89517168007
1216.7033077371,3445.41604123594
1093.25404127518,9228.79578495434
1482.2441145728,8941.78839536716
8655.73510409915,7269.96516960472
1012.95627323572,8938.39666969376
1939.94585897491,9114.2508608485
2518.69801057977,9955.62809486297
8759.23524049802,7641.50466776151
7358.96282145221,8108.46246897019
4271.16150071054,6568.55192651229
7298.8733474068,7497.36204293509
5887.13156305652,6714.54083244569
6628.28093464113,6540.90362442719
2126.30622610129,9340.74925395129
1366.45623571758,9106.78580296057
6837.16426551877,5970.21997206731
1982.03028267772,7527.41985615974
995.470823402493,9096.96726434836
1292.57019701213,9061.74860377241
1581.39017980979,3941.91272219592
1331.16850317855,3452.42445406695
7101.13564720481,7009.46996565896
7850.78368763607,7331.83154943409
1114.20788500468,3696.24426018739
1969.09012176193,9058.20697707346
1306.78867432713,3296.3289125066
491.438346517372,3378.5023528497
914.617104386829,3328.93866179871
1164.58482017835,8703.38125724859
2258.48339590714,8954.01626376419
8395.14662448354,7535.03959479437
3537.67719077139,3805.91157625957
1393.8854279871,8818.18026614792
7525.93045388689,7764.82766706604
2889.97467697163,7790.31158542087
6885.56260952371,7123.01406481777
1245.75201964203,9210.37969334555
7751.67358585126,7759.99884996445
8030.67723396987,7771.85222230371
1799.78166905168,9280.27388922802
1702.03768428025,9288.24340954829
1111.93231965948,3131.55698065647
8302.00617816484,7816.25871120133
1593.78836080996,9152.36459063609
7670.42970918073,8330.49419218723
1714.35206734473,3593.57917615726
6741.14272993013,4999.36924327107
6608.97379357554,8209.50904881425
8750.71050705685,6301.12948412348
1655.92625388212,4078.50114662486
895.560996389974,3501.39713529451
646.161455761396,3503.0705650566
1279.76966983734,3547.2767313724
1019.64205195761,3389.88804441179
1154.18567342995,3779.18540094128
744.877560342791,3063.32677319693
7894.91150385097,7377.173347066
7327.10278822469,7676.43382001253
2924.87588538366,3645.76165852066
8449.42850383479,7740.38806248212
2214.43240213589,8274.98082591917
6567.62926345325,7856.66217962499
3416.04472629192,9010.53915187113
1557.33345708423,3944.23302329935
930.070570038293,3477.11176304097
901.500903788004,3194.83422210875
7231.62830820552,6992.9792183392
1348.62603992961,8135.63743463896
5197.35410224407,6954.1182965637
1381.82631570173,3577.46831618693
5978.95743456954,8420.37676449442
7084.49543933665,7936.48111581146
6951.97322092613,7929.34996605315
7560.9682901682,7695.13906120128
1750.15353341546,9066.29506430142
1383.76100110914,3276.57578746316
8302.69394914373,7366.36450180012
1271.14569409376,3787.29100356111
7587.10578834521,7404.27661614938
3860.06727236374,8230.57573580836
1336.98697303514,8925.02182412723
6823.91075472604,6761.98888999857
7839.44999228968,7825.78496227576
1752.55539780892,9215.81355574539
1191.62434140599,9062.231204721
1336.91513022623,3574.74246265904
6852.91413268363,7743.96439196585
6727.41226008509,7709.37591245672
7685.93769404432,7909.40330941495
1798.16703123289,8737.33608188315
1228.98772775932,3709.11489395741
1512.63057266873,3627.15242472846
1250.5562686334,9015.85409793017
7001.39607045236,7615.58048643676
6876.93486256861,6873.11964621758
7801.31837441689,7357.52744242821
1411.13066632069,3577.0810058095
8967.04979620407,6444.39588557744
1659.1963511927,3822.92611252603
876.385689894082,3154.35452034186
1283.61632853938,8634.95956144391
994.586133762759,3307.43047687985
1376.82902565361,3668.85968445695
3155.19761861219,3777.43199172078
847.970031430841,3330.32832469153
8138.04488621995,7032.16792857372
1516.17767031241,8548.18984174377
1090.6743240048,8975.88617261513
1388.211612037,3075.79767420041
935.057549795529,8571.74717124727
1347.53807957127,3588.40664708219
1562.57186124875,3637.92032622382
1471.50348513125,3819.51675892785
1939.93494559605,4021.45280080831
1484.87212849844,3488.91872773992
5900.95288339916,7131.38104110118
6856.43828805585,7978.69695027349
7884.42690068619,5927.95552978849
2477.84988131252,9532.41515772544
1020.77258711755,9117.1360686938
6411.77080443818,7629.38206514954
6480.04343426424,8322.426767341
1484.05873601478,9142.45982377216
1420.71234279185,3423.97920976066
1080.56062175594,4020.20357411535
2780.8089766796,8493.6372944776
7166.18092020916,7912.21139636161
1045.42054915133,2929.60409966005
1136.94378083513,3493.29657965467
1492.21443753314,9259.58858455265
1547.70174320351,3717.7272833748
7678.58800360852,7355.07775872919
1376.99276617042,9406.66648899673
737.286637209898,3371.62805173096
7824.30820868739,7876.47983358559
1261.40461839184,8680.92688576375
6598.4334690825,8392.62454887036
7238.00343114641,8041.28940232636
7326.88667534293,7975.68548458454
1752.32909891452,8943.67018180997
6231.7236602604,6969.45985650703
7575.66782629081,8116.85536344999
7743.39027316321,7784.03907767364
1412.33313922399,3473.13010383815
1489.12680991664,8637.10875802805
896.672352447358,8721.1085258867
1181.39886234497,9035.81578859697
7875.40628184394,7724.94436846721
1928.20138181147,9054.62816603709
2354.02292630314,8447.94697215416
1643.9608619925,9298.21693415007
911.173077104325,2919.14540563902
1518.60473370031,3877.38729019652
6682.4777027209,8252.02822322641
8039.17989987526,7351.31973356518
1294.20265067794,3379.5398535834
6926.73819615014,7321.58251704774
6662.55053234234,7749.99631535356
1429.43397644664,3529.01473638296
1233.2934478383,3517.11606727117
1138.0833810924,3422.19579840991
2983.20488159025,8961.41114629338
1136.39413186265,8955.89693735867
7686.74018423559,6185.81113311803
2415.49622178623,8311.45537735269
985.279795804262,3202.78303823012
8726.24679129159,7360.56590902471
6632.78768119268,7910.72545993896
1372.60042643582,9208.17365438341
1193.13732164604,3408.75110918804
8078.59896005304,6256.09077848027
1236.07958494418,3488.25930402372
1192.32031761263,9185.32986787401
2170.65317082031,8994.19478851586
1606.26770666633,3668.43893006082
7226.95588068219,7784.9981349071
1457.6683628756,3690.87205759964
1715.01488678975,3583.71045190149
2183.46594318458,8662.44725219422
7219.14988754879,7746.45159256697
1183.5314506357,9349.45034249355
1285.5326068464,8848.8232172578
8598.29224059739,7752.06010279039
7779.60483015321,8131.44321557807
1600.60983852415,7952.97381175204
7485.27008600837,7759.70993937629
2748.93334946856,9207.59523083265
8048.04898464499,8734.24335372358
7475.0627481823,7286.01469818744
1459.1999611328,9177.42310809617
1435.03826619756,8727.33541246181
7286.18089841434,7111.87874042998
6478.20477988676,8076.08208767942
1407.53112691701,9113.4773700179
1019.33560393136,8628.9556145805
1364.73547395903,3423.28186629978
1493.82041273839,9114.32099832011
1050.05137495756,8803.21132039098
8527.56978918259,7499.69739989153
608.093623025007,8922.37143695413
6987.5338834565,8476.12670694233
941.648201868484,2954.46960937533
1130.99450479809,3374.69571736753
7101.03902399784,7841.32282954127
1232.0896242965,8894.99914518619
1680.25477314727,8921.79930130712
1650.91311585278,4200.19829960102
4574.18508510117,8525.26774682313
2955.70865743822,3895.11491936384
7513.03428630868,6998.07858086111
2458.30574223503,3768.93407541017
1336.91148018588,8828.33250567095
5188.09608370877,3894.47647302409
7576.74624718118,8573.38088674407
1666.84588108745,3814.52132439056
1000.32816733264,3584.91303787719
7463.00494264989,7858.21541475355
1331.98120866899,9114.47721915935
6868.99123488087,7730.17006526327
1426.81090520853,9054.41619820255
6027.06764433666,7801.41517513662
8533.76541378478,5128.74129067487
1874.79047331976,9292.23707735563
1457.33172000359,3478.29593369608
1427.71245892276,3612.39709163914
7518.1146957886,8176.63717441645
9071.51525118263,6375.16148192075
1759.11255360683,9094.7980163505
8096.20241779278,7797.70606432536
1562.47849744641,8902.73127076189
1494.36361350839,3794.18811164281
1140.23536406315,3214.03742087565
7760.13097643444,8389.79234785583
1023.24358112455,3612.33218482002
7895.2300935543,7826.25345485125
7526.82982795717,7737.10053157496
2283.50215159409,5858.52027818514
1441.23218917149,9353.38884989606
3421.42384741884,6708.7378978353
1100.58989127138,3534.88714377537
2081.39430913405,8873.69961700833
964.292315014227,3284.92678917842
1530.85730776634,3920.32389274654
7555.95307139895,5783.33838972228
7345.33567843121,7551.20141057813
8054.9601412577,6834.95355761136
2956.28624792312,8261.96284052278
7871.80779457538,7570.06661854915
8537.01877653842,5091.72344867021
1963.02756327103,3825.48018016795
852.89370639847,8820.0467583299
7395.99507010396,7279.54520229468
8125.87755365843,7451.3133340368
8255.94970675398,7529.61784813758
7000.88735964204,7636.66156844161
1633.95982840811,3414.10710381811
6570.41102266811,7765.22251794371
938.534749618149,3250.4815002902
6401.99698584502,8156.41023619068
1193.60934870876,8939.30588006513
7715.68728205726,7651.64327403173
1416.03277301968,9040.95457638237
7943.93661606608,5399.39096766007
1577.82511959033,7652.81797027396
1080.04721125187,8781.62807713865
1035.80167554272,3234.91241638376
3048.80639784501,8742.86082157944
841.673208635986,8060.05516800369
1687.34188184029,9217.23292009949
1100.17403337719,9391.65420851408
8106.87597388163,8023.3212574424
1887.54626425437,8565.61132893092
7173.73177262306,8033.74668349642
8593.91907222736,7664.74281298614
7394.71258854881,7789.58699974171
1695.84639578407,8964.47175111878
7444.20673977819,6973.73315361831
1456.45395129151,8760.61592693428
1124.92036392065,9347.56561894326
2095.46870948514,9155.30702722112
1182.49071258151,9022.04546264471
1450.91891896397,8467.59309293092
1454.05059731477,3480.9388995439
1942.73283933666,9331.03455880181
1646.81513665554,8744.77445646905
1639.60965650481,8270.12661898717
2015.68278472219,8501.01240330029
2670.56134646468,5814.47613297195
7423.70843613999,7463.81289153289
7141.97775507376,8560.54010595909
1640.35189459769,8430.32863775104
1558.35103998859,3098.69327624173
1785.15430073143,3708.08692991608
2084.66169806757,8482.4183017198
1625.92814628494,3407.67255193437
1092.75929326158,3618.90929668716
7877.62393115693,7500.51521132179
7223.29694276418,7048.20836929007
1096.46570019738,3729.10071130781
1161.60894072717,8111.07945280755
7148.26026604288,7438.49793367188
1313.1013116337,8928.37582982806
5557.63389450976,8304.38581861489
7478.56506576656,6958.31578671445
725.879225198606,3330.87619883402
9304.8303709861,5535.43881016928
6714.62714801433,7892.68868004681
1481.76128007593,3724.6218100071
756.292229871447,9057.85219691233
7149.54594871366,7588.67711003315
7278.70131955922,7401.54075832471
1408.26055187434,9032.39324755341
2107.54925638269,9105.10998535694
7384.50009927129,6462.06844715673
1637.00295951182,3538.18349543787
3266.34016566569,8779.19474620423
1628.68438244492,3615.24144375211
6974.45471744838,7690.9805607317
6155.77185598732,7595.63417441652
8486.52655619495,7456.26479343675
8105.841500013,7636.73271791539
7779.66304507747,8025.9698884058
1593.91823290366,4019.48735075124
1149.88247379827,3797.04752175561
7660.76977022913,6841.98036179729
7168.58631322176,7731.06689840669
741.509144809083,3106.46786611451
6918.03123126398,7938.68133538334
7939.47903322624,6489.92960660312
7644.16041775443,7333.861868659
1050.19632013216,9222.11139767615
1586.57044800828,8782.731305121
7999.22363261895,5868.16286849443
7475.87635926436,6758.16289569065
1466.07332490493,8807.24638386322
7267.87016566616,7309.33382752612
6700.8476756813,7793.76478982577
1557.40714629239,9338.61352748783
1136.59125710376,7997.98798931871
7474.36520330003,7330.9913155464
6446.90984509635,7242.82465706094
999.4929461227,3642.0375996875
7443.23027394403,8648.84708970356
2538.95972071774,8872.69615053327
7308.761971788,7541.09567828628
7319.05597597856,7606.47564387155
7378.45319571078,7318.15769823031
6910.4032005886,7156.96248849802
1452.33005678532,3686.28311227161
1110.43091626612,3739.9424718152
8385.09292187945,7450.68766427615
1264.7769161412,9241.85662133932
1632.17551413579,3529.05500213234
1757.58549939048,8734.15786844513
3724.8777537375,9150.95219054513
5610.57993880704,5563.27760437818
1444.31837116047,3913.01080229413
1598.03095710608,9153.88852949383
7229.7522651728,8206.40037700325
7488.64701943851,6901.821633003
2465.33400693155,8502.68817358146
1088.31904182848,3255.4185456323
1329.99206836697,3589.32018602961
1681.81607512717,8788.82591884635
1255.90499568664,3553.28408156048
9062.33106417286,7171.97253682635
1181.31852378747,3310.58776756316
1612.37620805203,3853.16270668033
1410.66280625842,9056.18729144802
1554.09364505211,7285.92196784823
1293.26624542354,9049.16437153939
3397.83648463364,9391.73574009568
978.446811528645,3137.69267981329
1892.69756441991,3634.38525694463
1389.47265519695,3765.08492808042
1332.00277871074,3331.34913645722
1972.43661939797,9149.47140941518
1749.66519892762,3841.80544444981
1446.17103474528,3768.43744395922
6735.13571868454,0
7759.59725667319,8212.92739086772
2660.21241026578,3873.73680131669
7594.97255054579,7631.43716044461
1189.4827041147,3150.96693827267
1740.05425429475,8787.82769975057
1387.03486480709,3661.48514494944
5972.2064171756,5515.27520522414
1883.51172932565,8992.15106845111
1649.47092241975,8869.9358050329
1189.51051463346,3726.21994117707
1735.04039458849,8205.34483707832
8224.73885301737,7904.72362925688
1664.55951098415,9131.7891935985
1210.95147131639,9167.03664683158
902.199370498665,3541.91167906357
2490.61172124256,8221.68798171797
6034.80468585929,6839.62603365431
1567.49181037518,3835.49928438284
6644.5425528733,6985.10830852446
1816.28778521004,8852.77741579527
1219.15848731394,3360.59300166844
8556.09708067302,8224.23507340246
1992.65185016706,8802.28290031358
7983.08909348828,6808.20269605432
8089.22259644883,7533.06946730748
1050.16981462626,3692.8678350526
4023.36001603162,9124.43396056168
7395.05993636336,7864.4135518848
7087.9892949776,7934.90001102282
898.27215034451,3349.27882038005
2009.26200667379,6130.85579243444
1419.00816606217,9007.13096268553
6902.32886906624,7408.0990081868
2091.48309350481,8887.69921381274
3302.97707993715,4167.5709937228
7403.15497840642,7472.58262465998
7258.80322552803,7959.83867755686
1867.48822506613,9220.13981429176
6688.8796334941,6755.69369882661
1650.15790055919,3819.49825597157
8189.03886530121,7763.91873735445
9228.83664168961,7581.11125071397
1277.229226416,8105.93342224633
6955.30322055692,7299.29360653242
1538.57676912118,8603.60390718232
8660.55147142551,5817.34557391355
9836.28270502899,5778.22259564211
1801.74521718551,3960.696160554
1350.92569330303,3503.04966537472
7220.53514204933,7411.33393690013
916.600060591649,3372.20216558822
7471.49875366001,7755.23697797178
7953.33711720449,7395.26717268888
2028.33071081409,8945.84739249742
1648.75187324751,9180.66920230748
1072.85708148654,3644.38583209762
7820.23384866894,7819.43991925606
1377.88952159239,3578.65768104729
7583.12301284849,7815.41291488697
1888.8034620214,9347.9971207636
717.119188711924,3278.69603449328
1478.55021209455,8076.76814269912
7326.7726431732,7939.71809730812
6353.07622130429,7829.04848179126
2083.8232914623,3897.2365714971
7260.56316773863,7748.17549682811
1143.28651302486,3393.7193139956
1489.04579454408,3560.97040975054
1200.5528958464,3274.79480753451
7835.55591150488,7803.83868567254
6917.84716098628,7467.42100864882
2192.84121783825,2018.75129160527
1916.85256365415,8665.8986243962
1686.53479281813,9653.75214037873
2334.02212160559,7942.69345322645
1178.27910120073,3743.17012424136
5942.99133185765,7911.08757798043
1844.99009963866,3715.11336293452
7670.76396134961,7407.90826140742
1862.87665003209,9154.7551963491
7486.40079219426,7930.8164761285
6480.18522704051,7152.81274911717
1244.92463605212,3710.46718355446
6363.12418817467,7534.01364718078
6743.62703847724,7215.40183710886
8108.61920199447,6085.03941809829
1240.91701352492,3407.55536818858
1478.26150664908,3759.47929031504
1623.1727729621,8887.2166158264
1472.76915189684,9166.58631415834
1744.87110227553,8575.54971006236
1265.4003974587,3219.81672288757
6855.85369164759,8030.59408629251
910.158106910073,3358.03092644893
1365.33735829522,3268.32686272688
1217.70202611989,3865.56380037411
1538.11566590053,8832.78567900357
8463.2749215812,7804.78024985595
1024.43264160222,3688.24385013856
7554.66045550177,7225.88811080786
1295.47087409762,9367.15264562126
847.289453482316,3372.0464257736
6874.42109811346,7954.18369597751
9188.01540341894,7091.09386653666
1952.49076664211,8981.33541933372
1808.12417002673,3803.66270015829
1952.23030941732,3896.49308495314
3560.96650088436,4090.31441542708
1462.68384977984,8824.09183777643
7496.70914425864,7667.83099300232
1233.65451277446,3629.81487254158
8675.97835296672,7685.67330272858
1118.82854948819,3402.10750562566
8180.32571801349,8122.81534893331
1050.2514244653,3515.83603447251
1782.08363159774,9039.23391434046
1344.37067895707,3854.94542934705
2474.61390521786,6442.99587583689
1356.90144250541,8781.07382065663
1095.08650122214,3791.05674313501
1502.22559373406,8451.12270029183
3604.83869517132,8494.09266552282
7763.08157812219,8033.00411197713
7444.65534351343,8194.89069127678
7767.3501690532,7429.56776244532
7610.5099497902,7368.93879727566
7707.17502693052,6929.81801629345
1394.87415066414,3654.90044090125
1764.71161517558,8948.55863511125
1959.63170268773,7838.05916313789
8239.43339187328,8298.59272363725
1131.6883699345,3346.84551647035
7578.57844636252,8214.58014405137
1730.94766673126,9307.7713399288
2535.76501192172,3039.17999538649
7959.15977452875,7971.33413284444
2180.56878834795,3706.20344631768
1439.83862895704,8727.81931451006
7447.56426432177,7187.22849575806
1309.1178758474,3345.6798071699
7410.93369684352,7885.65747799785
7899.1575632863,6246.16853032731
1162.83928475017,9047.39741599798
7681.76560806291,8304.87653288599
1036.10940328047,3223.54754301639
1245.90719550382,3623.04496073683
1906.52531133716,8776.69966450593
7889.71560838578,8434.43681799028
7039.70506911463,7902.70252452922
7531.06682981434,7633.25935909489
972.080905411745,3235.69367666968
3988.98901304959,9894.09437714475
7753.76372304093,7890.91477350481
7516.87390627672,7271.29147843983
1492.39782706926,4039.54455633146
1274.43264479066,3593.84083006357
7138.97560059032,7294.47507776565
7245.059779771,8324.43713448307
855.434058463362,8241.72713265334
2917.24214028599,9078.56670812547
1108.12993805169,5544.33584163407
7476.54949673552,7536.22262515408
7248.12226557678,7466.29505139445
1235.57907107212,8844.79173191822
1589.54621508024,8811.88606816509
1789.73367767238,9194.76074662344
1082.47854323098,3584.76944225518
7220.55825087918,7661.50900249825
1612.2391394192,9098.29974746813
1317.72379816234,8721.67751133324
1701.75947330315,8928.19531744959
8219.76249620177,7246.78518208206
7780.4521586341,7223.54467301686
1452.12004603318,4209.13655374147
652.602593979484,3184.16651415778
1970.31257684922,8947.98903047201
3381.97451902169,3717.89850063145
1866.86937679043,3722.29498791823
2398.55280493943,8805.31139716591
1645.81913484425,3616.09931647185
7393.61359096084,9008.92273506439
7083.77502940984,6724.27771701444
7978.61307505658,7131.58311140884
858.932257326796,4075.11560236267
2290.85680814502,9015.56078103222
7418.88016008292,7798.12747483914
4001.12479869459,8945.46172072644
8164.66664830891,6940.49975046457
8073.4581742499,7807.78936668562
1536.97406733396,3291.34965296428
4245.25366774343,3376.45981705688
1823.20870737779,8683.2001451958
3361.92731186233,8129.23281973555
1285.53015130208,3429.82410293194
8091.63054134669,7242.31777147431
1233.47290903976,3837.43858580391
7648.02749278935,8088.3779536453
2865.92500171363,7931.22760756391
7697.81637158452,7880.24242893789
1273.73124171895,8920.9275926395
6285.42542624574,7473.13550107422
1785.39289633724,8318.32365850944
1127.97046975243,3623.29453676706
2226.22566119044,9246.59234192388
7699.86021812343,7793.15733750462
6389.25421479996,7288.67624539894
1686.42484642598,8881.15140788025
7152.11289069431,8360.27303577896
1303.05422170638,3529.31709918232
1304.97863011232,3575.43422170909
8001.64184644605,7559.67438594513
1581.22940375461,8951.90724258341
1446.94336795869,9247.53557870079
1150.52767675963,8810.45932482973
1662.93288559258,5098.34860900466
6279.07743210519,7464.39430429753
7673.49596357916,8042.45335567051
929.033428317723,3260.9007027852
2281.03646524051,8434.23166702811
826.866675060136,3061.61898129702
1542.04818369075,3722.73130014347
893.299183430126,3458.05803117908
2100.52187321187,9515.84609595562
1706.24407954493,8608.69311521962
7490.23712042566,7779.11145413144
9251.76206065452,7664.42116795069
1199.55002675192,9067.21145352431
1515.95296415047,3613.81714923563
1734.72218589802,8853.88752090291
1013.05139761095,3279.01108081251
7569.32263190774,8035.27338265962
1312.99227676241,9192.85721126384
1196.03286031611,3501.88761822379
8284.88902404805,7317.3772597203
1360.33901673808,8804.2924662431
1111.44480627856,8877.95852344349
1878.69155039966,8806.37480233237
1199.39542251363,3648.15668243585
1307.99332833383,8430.00694967367
5368.49420445896,9139.0607390019
877.752278216611,3470.27960894626
1164.42311464913,3100.17296793598
7490.90713504296,7496.04086937172
1680.87639589641,8797.84527498489
7818.90216921712,7847.64114747007
1186.03097070553,9129.53452371078
7457.05114965883,7402.99721633059
8592.52430717668,7316.63188654917
6824.24355157437,7573.70502505441
1916.96517873458,8901.28610384482
1738.05684449391,9193.31660706792
1251.47049193551,8980.86154315376
7707.34993761285,7039.4903919075
6761.77012153032,7535.18972598974
2724.26093078418,7749.62626587805
1423.7617286621,3620.24261633178
1587.6337907701,8329.60860714639
1766.39330124806,8835.49401714539
7927.95948509438,7890.51589905993
8485.60632468014,7152.1689709598
7953.14330605924,7462.67971635497
3237.72859476221,4932.19169785817
1558.84595691294,7434.53806605296
1364.78029926499,3639.45292257238
2589.97763855716,3794.23503367516
7603.37727903291,7927.08163565987
1796.55692269565,8816.67915851594
1468.13451405743,4008.84163336826
1836.50762460226,8667.26249898052
1080.57505417783,8841.8818766437
934.232648197708,9101.91201977833
6679.62715544791,7813.77392966137
7261.74291760423,8139.57535707005
1640.86730188754,3620.10732602497
7680.89066961511,7555.23862246327
9048.16881675845,7632.10815547008
1356.10264969586,9602.19986770517
2018.54943270316,9027.64000992337
7792.23432771325,8165.21701301209
7701.41727121277,8208.29614826891
945.212776800893,9028.43832060692
8117.04214700081,6511.10780194538
1992.35254763598,8567.94373022953
1683.6765023822,3774.1655654963
2142.65075029887,8690.30119348003
2006.55832552696,9007.2114624678
906.78008727615,9717.53625285547
1888.78321585372,9214.2818403303
8033.39682494295,7415.24951408021
1753.59486626597,8975.73641455968
3231.73901576586,8891.40007652006
6677.54796729241,6859.67732535183
995.972764616687,3823.85213159191
8092.45909961344,5905.22767618848
7252.51273022866,7843.93225461572
1537.04646885976,4069.46195397
1127.13085693291,3665.97329215049
2268.728046746,3855.61840858797
1726.69364666371,8983.34006491373
725.627038952557,3043.12279287844
7092.48094224029,7735.60209456858
7122.2476489782,7380.20911545124
2172.28908024982,8484.29328729877
1684.61010371053,8750.43474742592
1068.17019080422,3510.64974427902
8399.4072995646,7441.99734123091
1384.83498123824,3773.06780458568
2233.69357010827,4030.60377687936
7479.82923646826,7511.10498675311
1298.91110890381,3493.43680984927
2770.47639094503,9441.43695605831
1351.21427485783,9098.55024123238
7604.26665650371,7879.29328406406
7362.46268804498,7993.57087487714
3979.76289843943,7640.70703759644
1602.05602421083,8909.72296160886
1542.34383477779,3617.11115478666
1389.44113248207,3651.05806748547
1690.26531861546,3439.99921703919
8191.86755808329,7525.05503601212
7583.68317360981,7711.77627829024
919.574686547987,9355.88738806255
6729.07541757065,6077.83061623706
1508.8102160606,7919.94039258426
7532.02926953598,8182.51009115855
8378.27253253005,6488.17957333912
1702.45607440013,4612.52443521182
6758.13475646789,8040.56033674393
7589.99489681773,7727.55875153323
3157.77916725439,8971.70499715777
1791.02231136608,8965.18456608434
1779.07831763654,7314.75868104539
1538.34483813227,8886.72057364377
7688.06263946279,8057.35705147717
2333.33580705012,8879.02817753846
1638.4387226053,9145.62204997104
7261.04518402128,6787.55109054364
1224.57597677305,3722.55124199786
6869.73777703994,5006.96656622775
5973.43529235398,7573.8072180151
7517.32454825266,8248.10295370834
8105.3654375541,7751.84512991648
908.778968656878,9075.16651851814
1081.57787042478,9155.9847464096
5483.71408914728,3151.66845154883
792.755546680595,3194.69938857758
7075.08865357398,5604.24808468627
1967.87474696379,8167.40114200639
7308.86987918408,7449.64131715503
6889.58798136028,7420.12891690759
1408.25710995493,3671.62704774312
6709.84132807802,7584.18306881961
7286.87369194424,7026.22516332619
1182.54064038482,3513.0186255844
1563.97502490151,9146.18235220418
3311.97758025836,9127.23664065422
2167.45217931205,3694.36901550396
1296.85978238389,3474.87170474197
7809.1379433899,8103.98558407009
1043.42303692568,3239.98867990357
7240.10675413225,7403.70989112671
1484.45261074578,3545.21176835324
1883.35381618387,9027.96234977974
1433.36004252944,9295.69497175426
1491.78512342768,8505.29097893437
1076.88618943534,9389.45807822459
6979.20394356982,7391.49436048904
1438.24161251713,8657.73991939504
7819.04070287967,7051.74464972378
1777.72985570633,8447.70371547055
1282.53497216106,3572.16615505033
7598.84717408013,7404.95147184256
7839.45920721621,7669.5475319101
8355.61892125065,7124.92318136979
1456.96142040544,9129.22573776485
7689.75192961172,7714.70762978976
1088.63813855608,3445.18025523454
1699.08669195882,3344.24718298876
8090.80139854165,6858.52257307122
6996.46149647717,6810.12269370437
8934.85068587665,7430.38873519953
2149.67826463944,9040.00459835226
7007.52309225708,7041.51807619455
7606.42147496431,7618.28034691695
9084.52149670745,7819.57595110882
7790.48910059065,7725.3587187781
7965.91153697477,8131.91324903761
7290.57002431712,8248.37331375874
1774.97170165121,8986.69881697446
6951.70346474989,8603.04262444082
1283.75395873973,9061.49850567325
1266.44204966505,3792.4508605304
7084.1197000148,7982.524188179
6448.29751432492,8090.71144730177
1169.56920071846,3248.25955785947
7127.83859081964,7368.01186236775
7531.34710182205,7591.52207182813
7329.50724996809,7192.84754290166
1701.8838323436,3757.41030411676
911.210948749505,8970.21924970972
1007.6718340786,3260.47988912147
1290.20804761202,8580.99123346428
1153.68184206912,8213.97575109907
7878.58767745142,9322.20422201538
1476.27075455338,9070.33536083871
7407.89669384479,7593.28271239151
8096.9393779525,7209.36394902936
996.027072244703,3474.24554174418
7684.57569106747,7962.81117389229
823.457514351535,3249.3235826941
7915.21035366414,6853.08402548499
1221.58652569302,3297.16748651627
7427.8577149512,7955.33884453612
7210.81444604154,7756.71348263228
877.096176769712,9054.56176477876
813.98161581513,3455.59780077584
8548.53788500159,7744.79196590844
1090.71764405025,3624.71187187969
1009.92190278946,3755.62643251593
7025.46285126065,7241.22214855306
1638.78524915978,8824.47038348527
2109.57084621843,9088.78883466893
1008.21053016498,2902.48797893424
1363.50131305251,8072.83602648321
1973.37706480808,8984.96161744932
7535.02084610952,7459.53664096833
6810.23723644549,8307.78715777362
6240.11428281386,8123.65641130311
2233.06533138415,3820.69094568056
1973.61142086341,3963.53718314889
1323.80179673529,8298.96981476397
1473.22685413957,3185.63759337994
7557.62248642507,7930.67210441858
7796.00992587007,7792.34487319276
6520.65697051814,7434.816800048
1009.34339094658,3343.85606793932
1502.39958346634,9145.08153337268
7795.42661354292,7093.9052583244
1131.87638814159,9074.38811780417
1521.43795620534,9199.13918029408
1299.0580731587,8041.92710597786
1153.24879294317,3470.89860969602
2588.47856527591,3727.35296073901
7196.55137802147,7472.64453399959
1848.06505922135,3742.95980705537
1468.91577631546,3824.96564816789
8022.60444751311,7604.54535365183
804.357107253681,3240.48531127408
606.341323022706,3450.70893029326
8136.56655028726,7370.79419351061
8033.91158981528,7087.46041592039
1473.50694992852,9068.29686715354
1826.27747922236,9270.95040036896
1697.86136493419,7919.05922211339
3458.6660235725,4684.89933019968
1709.34507625071,3943.36473329399
2275.23505791503,9074.67886395466
7269.42799015716,7593.97455104931
7380.50955673866,7336.85144283164
1502.19689841924,8854.85013625421
5437.40076985239,8880.66979289965
7064.20205547827,6792.20210919
7433.11915669567,8060.95408472452
656.781703179416,3005.43473848008
7630.53965847959,7835.06031921986
7703.04307841202,7412.27569705643
4419.34905546733,6545.53897784804
649.492619983944,3002.80426177901
1166.9680229228,3617.29418950012
1324.05411260337,3518.59207535431
7704.3119684945,6739.7577102538
1892.56208693573,3665.17783511008
2744.20344433489,3954.43269767571
1755.46213972063,9101.03102798798
980.936283837872,3184.6814523939
6924.48264104724,7835.98509194834
855.26997194713,3518.58714753567
7628.96005080643,7818.61308827277
852.489463519661,6062.58148694151
7186.89678342904,7740.14656368904
1984.60134950806,8769.25479540263
6472.06548800029,7182.35059660998
6504.56344327543,7221.35741612552
1504.69301752041,3729.98284786987
7554.71173459196,5353.07351348715
862.140780636041,9093.83508778239
8248.98630445196,8299.28938748682
1479.62196370581,3777.37419944599
7382.14604651882,8280.50287381144
1667.18157704581,3961.59217148294
1294.64475032911,8802.8574607744
1538.96711212482,9151.50001982598
7581.49069987156,7033.33829585739
7719.46073979311,7818.56657781993
2297.7519018425,9213.72935118302
7795.71560317397,8047.51747878047
1678.50160934534,3650.25838417421
1630.52122981859,8492.18189750486
1134.67506875229,3328.32761963411
678.383805393906,7929.08191473874
1415.40070507775,3560.0339451033
1691.63131493721,8976.2079037891
3488.00819015537,3640.69419859612
1049.09939078858,3266.89911517649
6231.80480759689,9071.84813614297
1798.43621479343,9182.40059031259
2033.06285894832,8462.13878529024
6750.13955449806,7187.23121230371
3113.32653263815,3585.20791618781
1765.23819568041,8687.34766189897
5721.1867235521,7531.57897842863
4707.2791363628,5504.14765654547
7470.99303943886,7687.98377875938
4876.58059562612,7984.82325691872
7428.79031396669,8340.64208667593
694.135772135577,8750.89157646048
1106.26533391566,8415.21200569341
1713.38348232262,8851.96328681763
7746.48198628727,8081.09944255754
7577.62222004903,8258.94263240214
6902.97114975077,7668.80368958968
1130.79326001347,3685.58531626809
1314.94546228917,4033.40051138683
1768.46336503936,8871.25121849329
1244.93043808114,9297.25901936201
7845.54809108117,7938.4573666834
6938.36363173919,7432.06845739202
2176.67014495564,5551.85643485789
854.255095676013,3259.93191295631
6874.7378150631,7903.14936901927
8137.21782040984,7505.49665878935
8347.47298678376,8095.12330139309
1264.52135846087,8851.18770425468
1113.02816381207,8783.13135037624
7546.70688204363,7912.09608425218
7502.35814519677,8021.94767053552
1094.86373184844,3270.40828400417
7369.81612786327,8314.70599224594
7832.46744247271,7953.14342721425
7429.74857748422,6129.78691666034
7244.04167538737,7319.72605235273
7746.73688917107,8263.99100939404
683.15118473615,2830.02498427758
2247.22170463202,7684.80372255377
7410.36634607461,7880.68816875147
1358.31075861605,8670.10492595547
6725.38164094014,8568.94852388657
1631.92987259001,4133.4870369577
8036.48361191669,8032.28713972096
1911.18455664324,4035.86114052508
7877.86234239138,4996.10832044835
7373.84316602253,8478.1997989398
7707.70734678247,7279.18289354558
7216.94001556101,7355.1893665706
1130.74196792329,8977.77280832596
1242.19266552084,3989.22603408683
773.657777031323,3313.30999746371
1360.04731683954,8736.19400781891
1783.83207055616,3765.3865988216
7897.53156836952,7768.62557541905
8113.31647508409,7416.02640891037
7742.26738126933,7409.07788278062
1195.54843511991,3531.96870521904
1334.93629036913,3459.78425062829
879.963077271189,8919.14457661486
9066.70090909035,8194.21621773428
6678.99711316646,7277.5549953865
1575.30460353615,3646.20796429726
8508.99740342153,8111.84000492022
1495.36778159475,3338.65400735443
6810.80579413687,6001.67620100503
5830.04431472121,8100.48049919427
7540.18620434364,7996.48846781337
1186.44234584919,8483.56742286196
8012.13999776413,8555.52837612284
7841.08815307645,7449.86014349139
1271.81709983721,8224.37497966581
1786.52202192204,3551.92609444083
1157.49912260867,3656.19381008839
2714.4575582867,8947.96175492163
1997.79713921694,4153.44118467523
7898.13252282993,7443.82180433843
2299.66541214389,8258.99597199382
1494.48527160031,9037.75344998389
1977.75579033273,7771.09198751703
7263.16098931777,8177.18447871115
2858.72912273504,5902.32713881424
7828.74815020526,7657.55867676188
5829.45532514519,7078.16518601362
6906.11315610213,7790.22367941598
2405.63157797545,8402.17050488144
8083.13582778843,6300.56340423184
1633.76930583127,8956.81853700538
7599.26874472231,7854.97447121683
2986.54976662262,9484.99799815176
1433.09891464429,3976.93741365099
8310.20305779418,7443.46668184907
984.82057224404,3371.53941009595
7066.68412693086,7949.36162123858
8150.8184415864,7093.90137541272
7172.43500827595,8122.21411797201
1215.6913994059,3540.66701616577
7672.79258698241,7927.90219687645
6261.25689596998,7494.9013678398
7843.37954466878,8628.41437522782
987.560774432091,8117.13715630743
1090.4045712689,3702.92879328812
1439.52371317738,3347.16769473353
907.531725080925,3107.95725275931
1432.51925416903,3829.82122675334
7407.08369562194,7764.93912225384
7044.35148244095,7515.05610692419
2130.77078944982,3774.60738866834
1657.22493065591,3894.24059502266
1892.82007212278,8555.79757913591
7936.58785934082,7017.16740940551
2045.6647095703,8513.36672595144
1220.93798845334,4149.63279660898
6530.75776152651,8553.64022060516
7035.52128722216,7378.34445069718
2057.61596443787,9124.16006580882
8059.85490910531,7549.89407064503
1481.60785677511,3621.46995701123
7904.67004272971,7985.95162450637
1446.62973510066,3593.53845618923
6716.23520908413,7821.02739444237
1582.1489977464,3771.24248847424
816.739630476757,3120.06231512602
1762.88389440167,8173.45365685692
7599.64990067062,8030.85207865195
1254.29895228,8852.86491932724
1511.40040248335,8928.58907146955
7389.9386220197,7345.92790568398
745.998498064068,3195.1201949724
6890.7145709316,7591.96688337765
1128.43847637916,3862.19150096292
7420.24620498644,6597.96099606461
7352.87393180155,7358.41326075355
1501.98340915109,8873.0393568538
2019.69459809013,8211.17376283264
1172.52957568999,3352.9072634925
1359.67360671981,3678.67130311477
6356.93724952192,6799.65121121023
7552.85796548601,7821.84430118451
1675.13399183236,8648.37484291949
1086.62718527105,3226.9168399859
983.064545658478,3247.25839772002
2442.56022705024,7097.69488444538
2376.44101644823,8078.25403021343
1614.807587864,3834.97266688542
7471.28502938155,7639.27945599456
7994.01174418487,7650.61788706702
1306.35105709609,3816.27265940712
6707.09286732975,7463.69517433568
7135.45434000693,7823.14711391082
1317.2291697855,4163.33579095961
1897.03202896209,3365.59967893117
1384.67787914526,3366.78077230659
1409.56707007014,9024.78399518743
1861.20515297859,3545.06750687804
4563.34968096576,7988.03660518366
8159.63721502988,7693.23789300733
8389.23675354723,4571.56420368328
8308.36630884349,7448.25690751512
1237.09600995527,3908.54035986906
316.4612376358,8874.67299406833
1453.28241662699,3823.27374235149
7283.0628340905,7329.31460703155
6566.46885561755,6190.27001367671
1050.42706817994,8953.40481867859
2496.22045514828,8900.70862566429
8330.97444192062,7644.28682117361
2027.3553652449,9018.24510397227
7454.28677558166,6367.02955646989
1462.49080509985,8463.10098341568
767.864213773831,3071.31968892325
7336.68226572185,7215.35900695198
2491.34653163358,8404.80916631603
7365.10864430116,7633.04086026265
8651.11978015707,6918.70614559062
6866.63875272465,5836.34008590836
7234.7430043309,7562.43954500365
8847.53031700117,7145.41124300461
6797.23257811548,8386.31356248295
1364.18023205004,3418.99152247772
7409.68415319828,8036.94801459433
2384.72418662834,9040.93517033401
2280.65784597296,8786.21058722328
2101.53347306321,9179.87953398547
1168.48108788155,3480.86383745455
1314.48294234183,9551.53484162855
7553.97564172124,7416.74987302193
1606.22307973774,8674.05019917624
7746.06526088062,6510.76607638576
1670.9556992899,3924.66005990996
7159.19565461435,7803.33046364302
6533.68919368782,6915.98829782365
7543.55219954612,7730.5990143652
965.261451755518,3606.73622706391
1381.24594555763,9002.97749711774
1264.61270838235,9123.4818107367
2170.12840275282,9129.89867907897
1015.51923078352,3417.9438433396
9243.12111267984,7324.71051815944
858.296649062697,3042.50527181365
1478.35936141462,8582.61614103275
2710.59554994509,9327.80746655193
607.535849759159,3597.3078141593
1984.46092096479,4208.69325796847
7048.19431840645,8140.10640418256
1171.92490274216,3406.97646690095
7418.17480039148,7826.44607035971
1294.30843956486,8910.5353229859
7316.42963279053,8166.98370553868
1697.84831986326,8263.65042315227
1077.69514822447,8918.29083732105
1607.5689488396,4211.12226342726
1645.1198511795,9025.59328670421
1012.65673554272,8947.03205169261
2509.1414286065,7881.17226385247
6256.42514751854,7510.32904596481
907.505332044149,3237.61542415544
7777.34012532419,6989.67179595208
1306.01707059704,8295.85743272839
2267.96456268777,8966.27321942336
1258.8038621086,9231.95785398161
2480.7848068893,8086.88868396308
1959.65907336014,3924.91781001697
8332.78591422581,7472.71666352108
8503.17792786557,6813.77056773147
795.201694680898,3017.48385751065
1752.80239248296,8887.28487649026
7082.60062819179,8026.16372432279
2387.47396366886,8758.43417396041
6459.56474905767,7269.27555614953
1268.57753493471,3705.71530506403
6431.86404750417,4273.88090184393
1215.28942380485,3517.4134244212
7722.57568540738,6955.08309655034
1510.22638648553,9066.13748277363
6974.89602806257,7757.96590197801
818.186653930374,8883.6553736572
2505.94676101692,8640.62872130985
1346.53198448736,3866.64792874517
5106.15723919888,3550.71235660845
3568.55253927359,8652.71535855116
1277.3494487633,9220.6901106112
1374.78161006241,4103.48793618086
838.901403424075,3400.21478714278
779.834479571976,3264.98895751661
6700.73210290642,7077.09872274895
1831.34679525573,9059.05530667273
1175.55493292901,3638.5076932561
2415.76544634917,9377.8406715086
7836.0864834835,8131.5556410976
7364.96257013442,7863.73870047085
2217.72506105612,8432.70008922816
2009.91536646334,5528.30970366178
8568.2574085219,6657.37840915089
7608.7984750013,6696.33919471372
7572.13556234944,6341.6767219892
7404.04744078403,7316.47988500793
2127.181351441,3838.39828163538
1436.27432741041,3668.80180773019
2120.63478747871,8535.52424261259
2644.7941634477,8852.19447950189
1721.02118262426,8173.11219909222
7255.30252749254,7565.66910403193
986.36828925704,3218.77745632594
6499.47530459054,7246.57884593995
7809.73831360958,7617.07891893724
7443.32312997077,7317.3627407539
7716.74808681016,7514.155909188
1308.92600332552,3346.00046106412
920.659086512092,3337.33982240053
6935.03223197853,6940.89274124596
930.500280756015,3444.7934555815
1911.72024799565,4436.71858550462
7748.90512966141,7982.41345119657
7778.22491498015,7081.60107472335
7794.46099578106,8739.70043435435
743.095667456023,8855.95105188677
5140.56539842291,6773.16728647773
1388.56662026794,4413.34481296106
7187.18914348254,8017.88031857808
1424.55000363619,9279.57823111105
1338.56232734189,3489.86247757347
1396.93163417974,9305.89247402525
7613.38944062217,7862.54991053255
2724.37107567013,9076.36928845076
1274.40260841543,9058.11274998471
7802.12631885676,7346.20791742337
1613.41010758215,8720.76459462206
1854.63217249043,9057.54989672278
1379.81633100273,9171.30171839038
1741.20001104218,9327.52493612267
8454.230142533,7592.6355750873
1192.22021746689,8971.35724298493
1575.99953149207,3903.28089325609
1723.00306366062,9165.93303185387
950.002549765719,3256.15692534278
2878.57603350131,4091.48798813959
2739.91904920126,5060.55913063769
1337.45614045509,8873.75308161075
1605.1380845426,8901.73375149805
2064.98909067611,9481.55491526558
1147.9216933844,3481.86576551832
6619.80616497417,7247.5340166842
8622.64979711161,8897.93520471193
1996.29424269289,8303.62898952357
7256.7918310031,5430.47496761707
1887.04040801346,4231.48053929299
646.288553908911,8828.12192560044
7221.90881995712,7757.32290603706
793.177364397327,3311.28050824592
1329.16415877976,9240.9715641517
1231.51936411451,3515.80727636432
7658.62906170475,8250.28575523004
7545.59877290576,7606.59398915276
1458.75255636113,9112.01877318766
8018.87569326894,7374.73077298379
1536.20989291421,8940.22257755321
7969.10976098597,7096.96046428886
8055.27545969576,7520.87246823562
1086.19801530916,8975.96763321451
1227.0548563133,9027.35049360049
1753.61659505199,8979.92046570232
7107.82058121589,8165.68978841967
462.70047823796,3238.49625275538
1052.26409908241,8739.40205101623
1504.49356339487,9104.29247065078
1565.81828566513,8845.48025679357
7292.30168975289,7845.23760004059
1615.02739206786,9019.83402950644
2262.89702566263,8531.54423297651
1223.18189754465,6339.48826837117
1467.13717967929,3293.78474886493
1839.72631009706,3908.66243311979
2223.6790694946,7203.25322777011
7494.24282199247,7893.23110989405
887.395554356752,3281.34099397859
2112.86321236168,9427.40196002573
5279.89181396804,8299.4256125949
3242.435520532,8989.50609676859
7167.68802379314,7860.38103217685
2026.79109191822,9038.68246420478
3189.81434703487,4284.31347048803
1563.12895301456,9404.79247981728
7123.93072884738,7478.01671535758
7078.35120951608,8085.70151146779
821.513656312446,3347.80296038907
5289.42244503847,8798.7551288001
1481.70127605123,3531.80945997009
1710.71519785645,8060.7546870861
6882.15221467981,7128.38235539337
2078.39337670375,4856.40822580468
1387.30241237301,8685.23606209009
6942.93158714311,7466.63222216562
6895.41154943612,7282.42720366259
7531.39836155484,7913.16003911495
2005.39000882668,9020.80257993202
7414.62069171801,7168.8697571039
1395.92805152862,3319.26724141097
1619.36252033411,8662.54239067661
1329.92014363982,3551.27602238335
6582.65905877204,7228.93928157707
1425.02884436583,3406.55702348608
1101.73716115339,8971.97704055629
1603.4698062731,8757.41361095191
1220.25521988196,8955.45306816502
8331.33189833392,7579.01237901982
1368.241169378,8847.1510613222
1484.68282294253,3914.41803251929
685.977704720303,8974.7045053496
2738.76274036464,8834.59955558055
1539.4733798391,3767.51790233872
4127.43746523294,9099.47501914072
2307.15833880116,3742.38139915869
1871.48677946885,4410.2358241532
8584.28820770854,6137.07722844028
845.459613677933,9056.35569404375
1680.27608958318,3842.14925485332
1532.52957362388,4137.57652886672
7182.73752603515,8307.67978457777
8202.10762973869,7873.48737656675
903.711484319373,3148.28118618805
8320.80668481208,7394.75541920252
6602.80418809339,7217.06243436742
7149.05421537817,8182.14566776272
1325.40627744262,3822.16242774832
7094.75582314905,8070.22754881175
6713.52454685772,7888.07864801321
7067.90551338116,7191.5787960907
8469.08847805162,6216.94023311033
978.775588998951,3446.78562598453
873.487784670412,3293.18301713664
5928.49625424083,6731.30636179078
491.315383387233,2912.09462309018
1109.54807011114,3179.40015983213
2182.26248473209,8248.1793331909
1840.22461616705,3899.72610870663
7391.43257800124,7443.8167763428
2725.85531693925,8184.6268841614
7583.37348088971,8764.09894279368
1959.63048694517,7871.05318929996
1002.14588169892,9110.94326638111
7172.5091854234,7047.02667569606
1479.01916333016,8917.19147274257
1712.2293093203,3896.99926576856
7931.65928223413,7325.79266057057
1656.32420375157,3586.74546896703
8828.31939651683,7483.80921262429
8523.97840414989,7259.092720302
1326.22235093404,8951.65452922581
7677.00170937456,9220.27849330052
8309.82420002335,7498.96269793086
7894.60225822339,8222.52213952302
5104.48217354186,8925.73778307538
6875.48441693834,7417.80862952808
1556.48512528509,3827.87751838858
8531.43262469886,7583.41677088193
1187.29285100015,3501.27042293532
7455.49817171448,7047.24120543393
1768.33528455388,8639.7078316205
7482.61222697982,7354.81076675176
7380.32627550526,7879.57287323053
1930.45446111191,4207.6439791548
3125.36029510899,9270.77215329216
7152.96578933371,7027.48840306704
1567.0307258378,8074.75353212837
986.368991308297,3368.49716563551
7256.43296822467,9117.11827056164
1569.66935215857,9085.91911023598
6780.1106281568,8027.2538961164
2993.65510828531,3671.73487201166
8131.58159630693,7363.60548024076
5853.7888911108,7907.60058320263
4309.16074722219,4048.27334558311
1092.1110438324,2841.90593335802
1760.21089219526,8656.26212612824
1674.96589260659,3796.80465250891
1191.59013113225,8908.04969942794
1479.34777692193,8805.51581657862
7670.60011123666,8323.10848910113
8202.49046720458,7213.00348008781
6268.04418835083,7864.64661323178
8541.71633580585,6939.66356996373
6727.34594014163,4746.55791930225
1149.81162565498,9073.44337837704
1740.708744092,3696.53666315987
1291.18110502116,7564.54421849919
7059.49136055399,7726.62078266779
1266.88219243576,3391.80696638471
2098.1007065428,8412.51529559296
7094.03359309875,7677.20147780937
2582.38783017359,8513.86259866895
6454.19179995844,8142.00088877326
1864.89156663005,3949.3072278974
1930.12013527724,3889.19200146301
8443.00310027018,7420.12346203663
7457.23698889904,7329.02466687657
7826.30150413262,8298.71491202265
6540.50381615892,6965.92701344762
7230.63707989065,6749.73997163422
8048.85973359418,7987.87958862809
7137.0282597461,6713.40147403894
7988.99875294711,6509.94288787207
1666.78979778118,4025.67480709931
6887.03839986991,7530.22475058075
2156.55524026394,9247.95082012474
7803.69995492342,7418.96150356254
2043.31256831284,8509.41032964942
1164.67949724103,9108.90579261106
1632.25046594812,9273.29697614404
9248.61989307693,7718.32821943315
1516.90230900537,3458.71247077264
7264.79656109903,7767.56085951961
7923.28262900123,7750.53645438308
1389.19508442503,8481.01592496779
8396.43420717215,7237.74903821078
7125.97168178483,7827.97053449521
1180.63243892036,8983.15816720607
2184.27816582355,6623.1263376401
8596.1018164862,7638.28792102354
7746.9316535588,7565.38360419747
977.418771609224,2110.66127848892
1083.63991862287,3206.42428478709
1561.39881842662,9347.13930518473
7971.36133480819,8256.7282790839
1298.47194011713,3459.40757307469
8901.32324211994,7968.89615338169
1684.7039893969,3935.53818912266
5516.41755982113,9498.39850822186
7388.41859085933,7608.43629116461
1105.50296131554,9081.78051427491
8192.87430850967,7138.76006810531
7592.46428889799,7117.87043141581
7584.27026903137,7559.37433075652
7792.1090388933,7543.99494025999
1382.58945081593,9033.07077018054
1166.73517966814,3611.35676461448
7795.786915885,7741.22908398292
8732.58203428382,4301.94360167156
7957.61717818513,6002.84913315881
1260.48590711906,8113.62564764876
1433.22920782137,3857.50190699477
1846.37536142457,3531.96112470416
8011.00194695166,7550.81817956922
1489.58414967283,3903.41917080809
1555.09707655907,9350.60723002887
1993.22982119445,9089.86792957938
4733.83373411885,3369.26104018795
8340.86190563297,8033.12508783131
6463.36264057216,7373.96700450949
6753.28388791323,8328.63873971903
1521.05443513297,8925.76324700936
1120.4504683168,3839.68213245376
8266.00298375406,7140.47005409297
7494.83883905436,8200.42595392008
1090.58941004193,3402.23994709476
8013.08994671939,7500.03653226832
1775.25999630196,7914.27438894376
1577.7400748807,3949.52041553992
1611.34465371404,3685.93054325316
1329.89848128835,3499.53275650827
7347.63090875708,8125.76424773028
2053.3838495334,8378.79495406659
628.677511905794,3386.88253517755
1138.20987811614,3447.92291531472
1342.91565697448,3903.3905145492
1422.11169202647,9029.32235015001
6455.73586177754,7046.19295969198
8193.49939607564,6747.58827778459
7925.01701979376,7655.9106963206
8157.0218909587,7218.99137421322
1251.78094492184,3808.21408256122
6849.03867096054,7499.37428705596
1056.7359892512,9063.99245010083
7120.45497088941,8284.69392969123
6560.25487984041,8296.94567518424
1079.7004516697,8981.83075144062
7597.49366132029,7723.19021974421
2003.79441604066,5403.67524478867
7364.05418318439,7027.89489679005
7052.44407540332,7781.01703176442
1770.17171039626,8382.48350250899
7390.96897017372,7570.51425405024
8000.611329181,7343.11414813447
996.413512258963,3984.25030680864
1775.68941322048,8356.30888788468
2055.09890300919,9164.42634139177
8106.65459361459,6433.57375708648
1310.10050630338,3238.52147235337
6560.30884051547,7150.85512987428
6473.8544597707,7784.49588310799
7756.51159241269,5506.8427957709
7327.24329018134,7626.63653402808
1719.69646450164,8602.47220053441
1197.71754781316,3452.13945077268
7292.0650442603,8329.42440864246
7876.58980330636,6626.88682710126
1695.19263786732,9144.7944776008
964.299244972004,8801.52325275526
1696.42887883562,4197.9849157228
1765.51210540506,9291.65137527988
8385.31588127879,7077.18981636776
7838.73771987848,7512.34109806209
7899.61056867465,6799.95596925692
1666.02010857686,8033.89882004089
1465.25116200307,9123.12946510046
2235.47464926829,9044.26815564003
930.805867796278,8976.13765848885
838.014972463365,3489.72577288306
974.41652871816,3159.67808822639
6636.17383173629,7486.1361997907
1600.77721770538,9085.80737379743
7244.4522109758,7749.23109501965
2173.65487170438,9069.69168905454
1263.83316759432,9263.89866518925
1741.65901512146,8988.63102899961
1574.97696587239,3355.62451041331
2465.48572022695,8601.454565757
1221.22191957932,9194.08128138872
1716.84058317377,9007.04242457701
8711.57033300191,4848.84912359897
1555.75353138464,8888.43553697999
7483.05669091107,7301.83207970378
1140.76852050066,5142.74067502988
1969.42565224065,9527.29626195746
1504.90912571033,9245.45589330531
2304.36454372195,8927.46919236519
1161.48360214801,9116.38011567106
1641.22907353031,9281.67403538007
7499.89645075176,6863.46115921113
6808.86282367786,7701.51867098375
7882.06514683355,7595.23919787147
1309.65269382538,3773.69808065906
1874.70819989014,7192.23306910508
7842.90912457617,7184.71554108863
1239.99832501584,8529.35898268416
1434.2162001837,3991.74492581767
1800.74103756838,9109.03617093612
6824.1707073623,7707.64884436862
1381.73687923012,3312.94692943397
7008.07008177299,7079.20273439776
1550.07384948623,8294.35639808814
1960.6394371339,9297.8612338368
7608.65329462349,6721.72781828357
1255.96086989491,3276.48432995702
8374.9221106246,7073.52079064044
1761.02067845609,8544.33280164427
708.14015353645,8430.47887418516
7398.64432738905,8153.05355639316
1889.88978328505,8526.2961366265
1380.14458617094,8695.43303563853
7563.08502350701,7824.30460937399
1273.48800402532,3787.31378812098
572.156377032584,3314.09426805303
1709.43988388772,8764.52697543699
1032.36043924812,3372.98549928965
1286.24618367001,9075.88594355833
1501.46202880637,8750.098881905
7619.26314032764,7615.90667208844
1116.12797967527,8077.6006485936
6502.05093562229,8439.90035990641
1392.5622187105,8754.977742849
7794.52007308761,7747.38407287599
8801.94008416998,7184.52969563678
7343.21040375343,7706.54005043736
6235.02962568668,7441.574856208
6187.37535825382,3883.20063087055
1016.22835889365,3425.53520538056
1468.3767870484,4261.87505813
1438.75761589715,3687.24405949611
1927.20303381035,3778.89051539397
7942.0726866668,7676.22523872993
987.584546336351,3077.0550988819
7364.87025577264,7491.25911998623
1422.48497716914,7468.99776976818
1547.25959420008,3426.33233210807
7415.32899286783,7665.92908305152
8405.87793677029,6545.17927474016
8634.037226553,7637.09665252235
7524.31415822417,7361.07916751693
1520.43148595478,3515.81725301058
7540.28474652053,7384.98687078167
1051.47585728018,3577.49693880004
8116.74672044272,7274.73307899939
8247.30964518735,7024.02205199675
1505.76063488467,7452.85139698501
7872.13198358623,8629.56659436586
890.731377128521,8658.30774189163
1879.32736141448,9022.35913284552
1603.46432989982,8803.73845009833
1346.65144339305,8568.85668654287
1672.48933514782,9162.95404611552
5888.24687370019,7467.21028835277
8084.78988670423,7516.34169481744
7381.19857238654,7341.19298807741
8083.19263029446,7122.50488714857
7206.66107773541,7804.33252544129
6923.31625575578,7816.30436059533
1600.57912885409,8410.50642160267
2967.20660729012,8778.91277375522
7754.45850112266,7952.16952781441
6761.46466191152,7309.05991637302
7624.29069209907,7575.87219058204
1606.28577294144,8244.51382666266
1495.21740244943,8896.63824309721
7726.4595842182,7851.26407260975
1799.37233156565,9116.19633866327
1169.94247868811,3925.64194807886
1954.7471398049,3567.3083283276
1961.02045648322,4168.39767692682
1931.45840119476,8631.30137406804
7970.14591261701,7902.63195734245
1246.93301349996,9096.79154979704
6873.11275467007,7861.90440194348
7532.33829756743,7003.35644482472
2015.07031906464,9218.29758863931
1216.59549185515,8338.08403343273
7994.54665277617,7090.01873145211
672.342622580837,3026.32210378921
7199.90965438961,6386.91927869866
1996.48870962241,9097.04253305742
1628.23846956352,9003.95445637369
1809.43398751581,3811.74681422592
1182.92801152581,3656.70331129129
8486.44950279803,7380.22600358661
9062.74531440494,7546.08845826799
8080.19848351781,5890.68995609946
6453.56664668979,7496.57483294749
894.173772067719,3435.54030488935
8210.75674108745,6831.60882327658
1515.45035796886,8555.44375998502
1769.2185019506,8990.43741327462
1189.61797993933,3715.56645242531
2042.13578589064,3787.32851939521
1708.89534174012,4193.31686224295
2205.36380853778,4160.08237968315
7458.91930351047,8592.18304155137
1146.97420684756,3352.32099077225
1421.30477663434,3558.8959694369
1516.4491870949,3747.30493073334
846.691410952612,3249.82417319108
1466.99279873767,3812.02648135126
2087.97715130815,8791.41740264583
1690.67064766795,9001.65734609125
7488.29625900385,7666.15359803565
8050.62509631516,8185.89637110754
7458.73350656372,7042.62821778565
5406.8544530887,7692.01252612537
953.254875023797,3200.05468268925
2675.69598753413,8689.22033707068
7768.17847081987,7824.78696330542
7268.6323123302,7025.44159436963
2441.73934375538,8736.37330618124
7098.13992156119,7584.83810435005
1480.06986079062,8726.07767372117
7699.81363507136,7749.93022487377
1424.72994858263,3904.64562310643
571.459430584053,8329.77880140592
7403.86857299282,7535.61151662829
1386.04880950075,4070.0270660528
1504.75299874065,3028.39300999305
1248.32430182892,3387.98642482415
1159.46652120577,3305.81375709338
1395.65858342273,4065.00246728054
780.408919643141,3290.33831906592
1622.88603514197,7987.83863801506
8508.3809480284,7864.74147850936
1900.90217600531,8325.94110044616
1925.66077452123,3619.7457858309
7124.7421100598,7233.73483368728
1245.862729234,3342.37463123865
1022.63123052121,3190.67014753142
8185.70676643347,7440.02566400449
3678.38554007032,4073.25431542406
7516.28496190562,8167.16249138782
1329.30823041705,3607.44697020811
1210.52297748462,3140.26966111877
8112.59325809493,7282.72384764516
1021.45359505001,2924.11764767162
780.813964067771,3925.19158649756
6461.51975362705,7614.77333478178
7346.1525803825,7631.57704970386
1292.61936846181,8329.93557332959
1251.07300479874,3694.60674100616
663.91217329801,9016.38169200936
1103.56309634123,3467.51306243883
3937.07406849012,3723.3830902344
1205.05339046974,9310.72298011482
7063.19561145805,7740.48145657873
1653.4425135309,8906.02010935122
2909.6808343019,9445.3558243446
1289.64928021941,3710.06714381198
7443.74625918846,8308.1389838965
7231.42786252643,7226.00585663185
1782.56814069359,9260.88639617691
6653.26102210096,7549.73625862979
7787.66476752177,8041.8522421775
2046.11992647754,8445.15219443216
8018.32997895095,8348.14488510882
931.367289139943,3296.60301915783
6900.42152692806,7531.45423421442
1391.01817248205,3673.20739156474
1311.65694567821,3541.58776600273
1035.20857300384,3368.18528313118
6754.13548639843,7776.26454925571
1645.9192993978,3628.01904365824
7716.22094353893,7917.42927185822
1563.09144961288,3887.57832365831
807.070689875972,3225.56574546278
7086.80802992856,7877.87057386343
875.730910852923,3480.8203239522
5307.53359901935,7046.60582767177
1668.02828802671,4194.36842026192
1250.20185646658,3642.50588054749
7719.12476334196,7661.43176091042
1388.77317907873,3850.92374454881
1812.38847802653,9044.07111161486
6976.62371830191,7593.37590608291
1888.69399843723,9128.698092133
8099.96181597657,7677.69255076222
7048.51021458014,6197.72627521199
8627.65750481968,7706.2175200803
1217.75944976288,3406.58803682488
1039.82540952044,8854.5539997096
1631.33754207148,9060.95108823665
1244.46754247472,3359.44102309356
1409.39314127477,9146.25087102451
2066.98791943845,7561.55844050562
7042.18371283108,8194.64310754265
2053.08240381781,8339.38721267434
7873.38583368972,8234.27275475355
7623.34868295652,7952.14926652532
1206.59192682732,3238.88783955326
7534.64993821525,8634.33746403869
7767.82996783749,8080.64880607037
1521.03970391818,9276.37165586316
1411.42280424507,8524.45098970092
2023.56413210147,9081.21100246431
967.362306470901,3385.0242943277
1194.39031065928,3489.33114539007
1490.36185873457,3575.97267853723
1427.20276459295,3622.87151290302
1609.98914902823,3607.89663395852
7360.63276747137,5860.58251867861
8146.75969248615,7758.6693807219
6211.66079606524,6772.06243967552
1090.28760129848,3490.0451306058
1144.15356563873,3527.68307522983
2151.26833456746,7416.04388184804
1402.81138386132,3342.28235924448
2131.23768641608,9091.78512200465
1370.7255494882,9163.78647241986
1434.79400867356,3566.59148020831
1296.12640990986,3430.46586758899
6029.69357258784,4267.48480611632
7344.79605053151,7344.67399325852
915.391304646084,3343.09575935096
8117.28989938475,7791.26557820224
2494.51094008493,8637.63475919862
7893.38687124638,7733.19371204096
1122.32095485854,3373.02143483605
1490.80828441657,3542.5519063073
998.740960672668,8838.06865637039
1553.31515848127,9237.75913866615
7294.44609612106,7387.91207245632
7524.39343532217,7409.76620385743
1278.76273238889,3593.01903893197
1498.29428106543,9018.43740873769
1092.7392131937,8666.46410623404
901.759180352677,3354.42746709881
1643.51557809497,7564.44434716004
1271.55374272389,8959.16629691827
1992.37358555259,8989.16859930972
7450.07402973559,8162.7656897681
8463.28363608114,7303.77538994363
1313.88345902486,8637.88084761393
1540.4332228764,3824.73294606332
3706.18811228899,3282.55512663055
1146.16449664623,3524.4074800008
1261.70676521227,9122.25805759
1381.58632512691,3557.47012448958
6838.89030017714,7605.68870979719
7384.90228993536,7903.10724641939
1713.01847356242,8989.76684806304
1106.15609433192,8791.81249260684
2358.56435209987,8635.03993220886
1349.02420389272,8929.6402210957
6362.15838993403,7286.70946488388
8180.54012631075,7355.7483050945
711.70204489977,8957.38820005832
7030.32668794531,7382.95963725506
910.884860703905,3597.78912547666
8291.83750484256,7865.10919863503
1519.13536593146,3756.21920043919
7629.95998222697,6579.64254781985
6183.496353226,7919.39019670547
1513.73132101555,8457.73322503222
1953.21992798072,3888.91481002811
1401.54132297952,3613.658187799
7361.43577036603,7169.22041897405
7948.38122411811,7498.10984329345
1152.71686670218,8939.36924096965
4950.82995767703,5576.64465154518
1428.82532682115,3664.33049291796
2075.5126279073,9041.99363788454
1419.73812974062,3465.65847986127
6620.76942197659,7333.11615609214
7348.17579168346,7979.38222178048
801.134076806503,3319.19039554925
6750.11514199877,7449.51440087847
2064.20616205158,9205.4896206792
1708.7799182335,9053.98605283883
2186.05968383506,3760.99988962194
1293.13474580705,3604.35427264767
8083.57748560526,7912.77537758285
8440.33486750561,8123.13527661729
1775.88815340255,8846.15309762944
1478.60042887133,9142.21810603486
2936.71543626209,7654.35359901973
8016.81849176109,6056.18668815846
8059.02008150734,7968.62810198534
1771.02442164461,4791.74477146045
7563.38751665493,6961.84441282169
7044.13213715214,8129.48537018135
1673.797551075,9174.34535456536
951.469339223323,3481.1422523029
7746.53437354588,6554.05562731781
1072.65212008771,3660.11574847502
7392.17152986355,7850.49067471994
7756.64503391444,6962.08147081336
1364.35514054341,3834.43615392527
2067.20997218369,9036.34559530136
1255.41931523424,8883.67169844347
8700.00842912907,8375.92931343283
1218.69720140881,3648.10266439365
7624.14923239777,7679.19918472001
1538.31117458892,3790.09877517117
7929.29462111402,6680.06205780097
877.42977550017,3607.13033158735
856.308846388702,3408.22100089953
7998.35455684131,6309.06771510763
7878.63177626906,7237.64726607639
8399.53020164679,7523.77533896148
1516.29869510034,8967.72450361105
1542.35944203527,4217.5983051115
1649.72997144078,4118.65920555727
7382.87827915125,7856.86425524374
7874.06965521769,8052.3446527554
1769.08675416147,7833.66419685102
1285.09436839473,3491.61788086211
8127.64404840301,6875.39815896643
7876.58794160003,7630.18602884884
8272.06508055722,8009.80674327212
7288.91613550583,7655.5183085661
1612.46952562086,3673.24317177965
1927.76917026789,8591.79079083853
7625.16539088161,7203.92680303065
1521.57590309105,9023.53491674284
2615.2888947976,7556.06735911285
7328.55225296958,8095.3632155289
1360.86434951757,9052.50047171134
7155.92290400709,7365.35724954683
1264.91553218004,3745.17349860466
7336.5096814994,7272.44873690296
898.073838376214,3352.38791236865
2119.47999505114,9168.57663819929
6863.71480857803,5830.09399321231
1582.83264377314,8419.62916280386
969.347960780687,3026.23028231812
960.025704392809,3644.3287968638
8302.85204891571,7529.18307161294
7230.94382917796,7851.34505203046
1641.94459913318,8138.53743271298
1887.99277880566,9356.49175908899
1751.30323400746,3574.62738886058
7496.54626992737,7745.81918249256
7086.61539161274,7562.0655585581
1055.75167717897,3566.67140031294
8898.77708689102,7742.68372400985
1864.9206100336,5010.80107100961
2377.55476734123,3755.77063411616
7487.64007247056,8340.17586482329
980.261247244489,3226.31134052185
6676.24813909223,8356.53483474078
7068.14925178705,7521.64812604418
1115.09025605267,3283.00428834208
8361.12129817819,7717.95729173505
7014.78467911218,8050.86613692347
748.65700661713,3198.55416429978
7745.61029804055,6502.61631941463
1844.86468081872,9100.04183462257
1085.90267771812,8055.61543622308
1329.61284594246,3388.55532121212
564.212634321113,2738.79348815651
5122.26188012645,8131.76453028707
824.340952081841,7741.31691294569
810.259964949347,3046.00743122415
7510.35909337454,7075.20444887779
7650.70282772269,7886.41560737346
1696.09160058126,9235.12116570196
9467.38133470162,7768.03285613658
1455.96209753083,3390.73831889145
1501.17182170124,3820.52575302218
7425.17557812247,6794.16358101902
874.902531408193,3067.7514841493
1406.68277168122,9168.85371259544
1107.37724623506,9003.34274496471
7176.59001136512,6787.85528285134
1255.05318493284,8893.15413333566
1361.33554172312,3981.47350329846
1365.90864548377,9141.54104746837
7452.55084039145,6790.8449019413
7089.25672926134,7909.7332850229
7465.15508437172,7006.49172196735
1902.13034851285,9043.86780320856
2104.1376856536,9414.17802184544
1402.96024952005,9274.57598567555
7496.49300022486,7880.69906143736
1493.97123133746,8671.53498404978
1275.93414537434,9304.26633716243
2549.08625564357,9256.24573347839
1203.68875504476,3552.8538701236
7356.12866317588,7408.66385466703
5510.27121926833,7738.48125309125
7623.80887271323,7248.30936546498
3800.84374529914,9082.76786803318
7804.70365343907,7680.90092228146
992.715956468414,3114.9901953102
7627.65020571322,7834.95495648362
865.954945524022,3458.42298164753
1473.60453645325,8658.9487354041
777.212885216109,3035.89373782832
7525.01675211387,8070.94117161309
1429.61574256234,8927.07893070454
1007.20265980084,3410.2460539098
7447.02010291542,7697.75524915302
1295.06433131503,8953.06369737378
4608.56148685812,3729.07061278653
7866.44258619418,7895.14477735651
1404.84992875416,9155.64823088123
8000.8383066348,6892.29418188383
7999.18550639379,8864.53378435769
7810.25770956145,7642.48120534831
1057.52164029953,3414.06831204488
1425.47887347683,6089.22834511373
7375.78785566989,7353.04576721833
1420.3346658641,3565.29098675496
1371.31430436875,7500.33066195282
6918.07140050863,7591.5297723972
998.354796237922,3451.12828104189
7863.24793164179,8172.55344383301
895.837359736743,3272.08124678679
8906.04486070605,6571.43545078961
7403.57833149101,7458.45835675422
7759.28573584662,8324.51736825618
1822.21359960697,8642.45354659181
2137.10813802408,3847.34315605028
7741.29724813863,7931.98756510646
1725.97634773603,8208.21312987231
2560.89772286649,8219.71581486329
7538.7720880021,7734.24769166827
1344.01735118038,3426.99967083586
8141.48716499786,7842.47629133678
7783.24839713644,8176.71397378654
6585.69000837112,6820.9690676754
2191.59684738072,9056.571740917
1567.15690519888,8999.64060832424
7126.52357968453,7920.37459837053
6120.16361854752,7238.35258847081
1889.96596940332,9214.79551440032
1492.00112659673,8217.14631181065
1557.52543166134,3838.18891908409
6977.96463615683,7272.25665620945
6776.89359855366,5240.89724959025
1801.269718233,3537.26495026413
1398.95655866936,9153.30245612843
1681.75991281716,7349.60251294096
1383.74666618773,3606.21832452474
1538.07889373325,8755.42304702793
1788.20104550587,9109.5973878483
1587.38104477449,9074.53726191009
8791.55723672769,7193.89542538918
1668.46771179055,8539.10053431882
1388.34142877204,9256.78716325066
1179.01251214775,3245.20298535438
7747.27773829556,5777.429723299
3179.21316547857,9067.35229701375
1821.1566879184,7732.10762683072
7925.78209212458,7896.63151322652
1142.72704672825,3532.2647341773
7324.54776915971,7591.30662992013
1279.61088415209,8124.89125864663
1341.79807681189,3525.98017218054
1274.29755303427,8960.89387906442
1330.86678442756,3520.99079302227
1378.3588821919,9200.29439334387
1718.46962592782,9163.62012638402
7842.56432484833,8307.12849073964
1506.7359582148,8871.16989984451
1452.85987961927,3450.73947171003
7396.12132330346,8541.3788110847
8350.54605788733,8180.81736646683
2229.54239600526,9127.57993679884
7357.47837056789,7973.28698263907
1617.10203902582,8721.70315293927
6992.34204982815,7619.6474210736
5932.45361573271,7904.63541543166
7396.6537852344,7196.07680841343
8609.78386563054,7054.70822412964
1838.0648531554,8861.60448607459
1882.1578202365,4770.71076358804
1285.97160027963,9031.22048121165
1126.5974159034,3727.5574768518
8522.46515160005,6786.08427659724
784.178091303294,2953.98411617212
1276.60599827973,3547.71393558577
1462.6247707683,3224.87157240001
7969.28449575062,8113.12401556351
1185.3764073703,3332.47472643816
2069.3016911731,8830.42526638246
1253.41883258558,3194.44209726642
2846.16308126662,8639.46338989639
1607.44804872722,3726.96414816633
7015.90322135152,6914.75602889614
1219.01997929566,3259.405922751
8203.60776775672,6431.58269939504
7090.29951230102,7715.8152819214
8787.34534766749,6751.96788346325
9083.77349223114,6907.09084573993
6180.89864485645,7530.92973398808
2010.36036830384,8338.39175031938
1945.1230909966,3577.08974190116
8673.6338758509,6459.86820890808
1425.91826024443,3723.54999243142
8332.3033442221,4461.15409654713
1201.00825205888,9036.23332078982
1423.35078395317,8843.49333096226
1805.33258804129,3613.86200521245
1420.74763566448,8980.63017887423
7144.22347945178,6705.70943663279
1503.33676516333,8181.05949401926
7611.35931431433,8009.37971838407
1004.20002735452,3435.27130841448
7972.41966068445,7612.08314413917
1991.69683225564,8916.28141271615
8100.64214459869,7712.58566345731
828.116247888651,9080.55293192342
1599.17459050009,4128.54728404063
764.89452551547,3240.73394300063
8115.2441490078,7056.21985611655
1961.62667074263,8591.14235864867
820.109724920935,3422.26883925669
5226.11472611851,9213.93537295913
1822.04984681274,3885.57754399574
2392.17079025295,4696.92535928497
1254.9287693774,8766.7862192803
7444.71373546612,8254.51941052209
8480.82373067556,7396.55246878383
1871.15435381315,9044.5794936583
8458.65736701081,7835.34104964511
8006.20993458486,7649.42252359881
6493.34571335602,7689.89524338915
1116.43892892948,2848.32957071644
6845.96663690088,8367.99609221802
1396.42320903723,3696.86123828451
1378.51608904438,3575.06112872216
970.330792199093,3892.08297205392
1226.33680195902,3701.49212289145
7185.33176062448,7480.45679585544
8263.67972940895,7615.80354569543
8188.99720844065,6488.33115751581
3937.48923844971,3830.58068658026
7336.98563709518,6919.32791398641
1127.64782757405,3080.24235594787
8481.93286500472,7786.36503033463
640.211689857401,9068.25774548453
7986.44566395224,7474.728335716
1579.97837215305,3677.64737993534
6598.11640149338,8299.7930698386
7629.30246948699,7309.78230275549
9314.84488443188,7408.88847671234
1592.87597482258,8925.36759664248
7899.73718029593,6595.98573694754
1570.27916302066,9063.68336738372
2043.95182283677,8784.67409902838
7125.89944729547,7800.32844348408
7658.71375653327,7735.76439984186
2136.47297756368,8886.2291701126
8776.12465394457,7327.05504250668
1369.85410874245,3404.96446497982
7994.2415937638,7641.75056780795
7350.28271813094,7560.17510723098
1336.21524303203,8121.60521198374
8540.26889559008,7500.85304172228
1601.02555831325,8917.41538448184
1614.15316703936,4100.41220418487
6472.17711269853,6937.65520134706
6516.45297780763,8054.96858654872
1723.8385221568,8959.13937066854
1720.2361945007,4156.0395863935
7680.88049703739,7568.11315571115
7677.01137366005,7845.00815492807
6717.02954960095,7631.76928064898
2112.53490639089,8791.04235615393
2309.27717711279,9321.78399372778
7547.53901278786,6443.84386174882
8355.39898756103,7839.14672198833
1667.71350609589,3351.05995575719
8436.5154456253,6655.68939532278
7912.45811610986,7098.59937701733
7610.34631634184,7493.0225890677
7222.7688714418,7567.14365249116
1557.16864167076,3888.35865330368
1979.22206064164,7689.56576275725
7070.63677390032,7436.40158403636
7456.30271735288,7588.65850040263
1165.48570817129,8542.42760078966
8115.38987338607,6807.86868701573
1734.29601021397,7588.67792680015
1578.48063519372,7903.09268708814
1086.15290519192,9364.20263083213
7395.74363569919,6416.49124050425
8418.23107406059,7363.43284957873
7596.50916119125,8068.95452475143
1250.35050037934,3601.74035708465
1349.75463051671,3669.51210994911
2271.29364130689,3760.52783620979
7295.97279576634,8526.93720583267
1041.99559187312,8908.17239074018
1417.58013714204,9005.89029567143
8104.88304398453,7844.40896510567
7822.26152016764,7028.63029206031
1211.91234364064,9105.51151340392
5990.76508366036,7747.11937179296
1115.3740475312,3305.54175329555
7036.17407667039,8257.69801024848
7135.08836663323,7639.82055717072
1531.84956393775,9005.5232647969
1128.95615608033,8983.10591791691
2336.78933878404,8674.91395207709
973.375596669895,3661.25134406442
8733.90637072024,7351.21650539336
7783.67686395387,8304.51358908426
1419.54788112679,9002.37338698165
1031.62611424625,3269.71774852083
7245.26765695107,7040.55935016781
634.404489710399,3196.31377774699
1333.14631884185,9190.44000380247
6875.60404312171,6802.55450176468
1914.92910422303,9047.03907513781
7858.08137483425,7542.15177474766
6384.7502992175,8208.59086605581
6660.81696659672,7026.20588535121
8194.6700051828,7924.58732549336
1170.33599379621,8978.48150583823
7780.23782098999,7622.68116354915
2262.67071778077,8833.59273692936
1377.76167849241,8516.46662208652
1902.41185364317,9058.5668320163
7696.786808649,8058.23248063308
8504.61026532168,7302.06542319706
1374.03500460099,9203.40012287844
721.839242396163,3289.5921457469
7101.84671310742,8270.32918857484
6831.50312938011,8358.70201906716
866.822307531302,3111.00003280853
1701.15075732936,9162.29029232814
1583.85658182868,8195.88523919977
1914.1141721672,7684.24367776289
840.965913316767,6953.18825503824
1301.47257423708,3369.67333373026
1138.12487369708,3671.87640327191
1521.81223024274,3579.75646985404
1602.08500713435,3769.53510742699
7412.19829813346,7337.66224771759
7554.37224863941,7229.89041448152
4092.84949057303,9166.05749462903
7213.71361874948,7938.39418176162
1918.37996711525,8639.92325198136
6659.63605067192,6441.87469021424
5907.4375557475,7895.60798222026
1218.97860116242,3570.74706885045
2833.84008613227,9063.31952163663
1280.68832972727,3465.7820800257
1427.86147719777,3743.62720717767
2321.52375896672,8594.43181891442
2122.87769829284,8878.18935350819
8364.89472546886,7401.42831790755
1398.13507138845,8943.6586275177
7216.72983911361,8414.05709155504
1697.45043965464,8680.81617553274
8754.17624525223,8135.730920646
1620.15131358735,3935.03438960176
1824.2141578829,9104.45133377092
7195.81437373406,7865.31241319353
1508.50276689221,8294.06131368455
1122.93978414897,3284.48093971885
680.158453730168,3291.40255421817
942.055293386668,3617.51640655712
1353.89390911528,3480.90921869848
8738.73298464152,6940.08999712827
1241.14246570248,3289.98448517233
1890.53112986052,8999.94002122084
1196.58225467708,3656.5014789031
7135.50805535494,6981.46685932424
6552.74095364752,8011.84545091903
7725.73852435196,7464.28230159901
2570.89509380147,6636.67249381704
7347.29041664128,8038.15422633214
7461.47107618833,7086.28719725824
1709.03523632025,9325.77455226152
793.434431653306,9258.24618327788
6755.24567665753,7154.42190049052
8259.19873366831,8028.70150568314
7323.09600721142,7500.51690334652
7941.89298234015,7911.62807311065
8442.05509376784,8099.17195513434
6477.89649706411,9152.66211994423
1000.4637717027,3277.95204635393
4560.17635278015,7800.58446472234
7523.0721114247,8495.47861836592
7673.32032139379,8506.03182364493
7160.72057234348,7456.08547498834
1448.04295888858,3637.46304019771
7489.76247661641,7409.648109027
1352.68104315633,3371.37839232602
6130.11807243569,6995.43940248679
2099.96033058692,3887.56657127922
8013.17973492039,8111.94976388607
1938.83963458968,8848.86403694096
6863.95032752184,8141.46866299089
1583.98350111033,3855.66136426883
8394.07630640207,7547.9643084406
1146.75839782694,8563.54577038265
1552.69975986879,3561.57614246414
1624.26303518488,9216.30408325071
1461.81374233487,8816.82133558294
1265.88610164827,8690.97005015878
1571.89670863747,8958.01515773907
1084.35801217793,4222.4195092
7999.24759675606,7375.64763310852
962.105689614099,3266.59324710055
8221.79717884898,7301.78480394258
932.001500449984,3277.36648651861
1354.92707614879,9229.61156131145
1261.28204429498,8887.83759027483
7393.97152122397,7594.78812498417
3879.66406987115,9071.3945209755
1163.12381361069,9031.51675640298
1906.08069399631,8614.78176830907
1513.81231095936,8624.6027211727
5753.59143300536,8015.99941951921
1233.46003116912,8735.88450730509
1217.58409906344,3805.37060107039
8844.29549695298,7349.1851693132
699.26162325926,3343.17949383655
1853.68420514946,9190.222715321
7503.77479420573,8265.78918194249
1251.92498017596,9094.07752554803
7048.26802058838,7927.53123064778
1607.8991385119,7834.79186261947
1885.59908660298,8798.87671397502
8033.5085138826,7155.17544711719
7180.97422313465,7872.8467052691
6340.17064888033,6729.51889535857
7604.91003991327,8022.81833428208
5855.83338297168,6866.15631627692
1726.98999491147,3962.75875600067
7572.62804982564,6889.37652944297
1018.69585449663,3208.95179338792
8901.2188397949,5451.36965364092
8256.76198454122,7638.8238578621
3864.59067295631,8862.26984247654
7700.57138128766,7524.16259907125
1437.77743985184,9296.73736672082
7228.75791160296,8260.14823082172
1190.9119070816,3470.13733871547
1991.44992478099,9142.41963687776
1356.68018072902,3588.89771280954
7451.42610607511,8218.97372017505
7652.36448163123,7830.14896727782
1075.15152096094,9059.08677028288
6502.28975352236,7434.02460861209
7698.23103634736,6313.01798545095
2064.07461237299,3889.78144913456
1836.26566759952,9510.26096218268
8952.13507302906,6540.0052078814
1050.19232288057,3444.05356203811
1322.04467284783,8776.6935934048
1961.22740560613,8623.45054050038
7733.6603116244,7232.87369775347
7867.0225201888,7249.73290719634
8442.87582511679,6875.66932319299
1656.34874596124,3821.503809715
7420.32480489831,7727.58424061177
7043.55092101971,6336.18671824939
4830.56569844201,3837.73537773736
3571.31081983701,9323.60658019184
1465.58249671679,3821.1712508919
8647.38161951824,7104.96640510999
6534.98346457944,7401.58039557759
8287.26329314901,7862.38549237425
8356.3799157739,7830.59178450236
7300.63754554705,7111.11040776425
7431.68388099468,6198.65554260354
2208.8957248778,7691.1631892268
7644.81266683962,8117.22769684889
793.686523264772,3409.07004389973
1587.24859567705,4733.54607118526
3387.59004683258,8983.67175349974
1525.74144354987,8774.17896124515
1160.99515583211,8153.2609688228
1518.98646134401,8917.54283221386
7617.87751140561,6753.87135546817
7512.25957218462,7895.13187418645
8279.30310464138,8315.501326712
1571.98520382013,9259.10945019185
1017.90740697509,3189.94163872439
1319.8026995086,9318.05894844603
7779.77743690407,7380.17926853924
7339.73772986014,6676.32618133583
1289.75237804651,8835.16262897088
7039.79718099432,7773.8367513635
1246.19503154918,9305.32217314225
1180.54000168778,3796.90219638916
3868.32830510904,4503.0357214568
936.236848800283,8995.20981287881
6630.56584217503,7951.53584215713
1542.96084588271,3746.75746843368
7315.85007447111,7593.04885429761
7297.07262188235,6376.33170287845
7762.77221150741,7821.89064457948
2013.47224440759,9033.99770586979
1380.01718927459,7863.50232785927
1906.44567530582,3875.58038297196
1029.29338736636,2912.31220889034
1643.4040788683,3697.28695574452
1652.57230144357,3898.75774023413
1385.55507009609,7829.57932188231
1310.35166008074,3406.45787912303
7648.76761371111,7803.55807075233
4361.78222477164,9455.21130012988
2659.37995910523,8730.01941768773
6143.58675016172,7959.64857975223
7682.16369760526,7835.9236632421
7898.62445037786,7554.69458241589
6850.45235820156,7506.22369240853
1813.9278925865,3761.66195534393
7974.79220989512,6630.45646347676
2061.44864758531,3997.18277802037
7265.23699889909,6946.33835466259
1319.44188317636,3709.5664732045
1207.97553052879,9325.99798561417
7811.0938651723,7166.13207324183
1778.27694974656,7934.94488037151
1413.13924467921,8967.99640110156
1488.68234250557,3656.11771889772
963.489062108217,2981.46004895909
1042.74860184462,3554.00519060332
1461.92843093342,3354.81175303992
6669.98168103865,3658.54038240778
1486.49063612065,9345.8730093403
854.565348055474,3363.50981565277
7440.8541377225,7941.47068165907
1474.10578491115,9226.221623265
1543.6426729458,8948.63460586114
7706.46216747042,8122.19136783105
7927.59943567695,7381.77683594972
1344.81136299252,8914.08395965605
1672.2048080138,9261.5542452492
6137.48487372194,7513.13695720107
1048.80548652019,8957.39838675307
1097.42660669479,3268.87290697185
6604.60800782898,7093.55897479073
1284.69130779686,3698.76156816059
1591.50620132188,4802.87390238121
1987.24118315617,9240.85073657596
1022.00779898783,3204.33026677156
4929.90307306446,8870.91709982507
1281.62541410306,3636.03406245495
1648.05865222178,3600.95110601426
6589.72854601739,6868.84790114073
1676.30977604761,3605.55419890389
7796.43478921735,6483.22265019448
7197.4645349574,5785.39087611815
7626.57878336291,7480.69495024117
2495.34512851147,6030.54847960119
2402.92567632505,8089.10499261651
6746.03803687718,7890.27607709683
1300.38266174635,3263.29401187763
1324.85502787016,3358.57759392673
1087.43636617973,9184.10866301755
3134.277416417,8407.1358580165
1790.81024674733,4378.48449018611
7879.68544632387,7831.48804859348
7430.34228133493,7717.11105082318
1773.41245908859,9369.81076610378
1642.03656265969,7815.75493537727
2506.01485251688,9241.4323762373
7595.07173367319,6864.73644228519
1257.33238127227,8358.09348918998
7960.03770522846,7274.32864073689
1291.15106217954,3628.16079814843
1629.1373591341,3764.20753334567
2019.00726258854,8883.04121314136
1149.32248516579,3246.53174914424
681.557508698162,3375.08361811633
1225.0910425046,3573.54492958784
1074.44208711459,3290.29133746631
7806.35178045356,7426.35037717561
1732.93808219072,9128.4045497023
527.805352461117,3195.98285748099
3776.33429306355,8996.47442305226
1020.46197737436,3357.94090044497
7640.45069764625,8045.89892891287
7868.69347745601,7609.25188169112
6844.70626367098,7987.77843379653
1143.96407476586,9115.74948718181
1306.60101365358,3691.96214059376
7857.18737035358,7895.27931707582
8294.98722972756,6677.45106284977
1420.09770158483,3616.56741809396
8105.15281687732,7894.85999655406
7551.54425823879,7686.31283488457
7534.22628958081,8070.37342623647
1947.04117359741,9332.76042968298
1630.53183291069,9529.53546635721
1529.03249040566,8041.3765473077
876.03614345411,9193.44438732323
1469.79538337518,7417.77499026518
7918.11773172358,7069.04471680183
8686.19954561517,7441.90469785405
8105.13534229167,8228.06747901637
7104.70842807778,7174.46194730813
6967.30805175167,6812.79272046081
1167.2520839613,3537.12945748507
1168.77320088025,8869.42234493009
2031.42229099015,3344.52190345405
7088.46151720516,6724.88024463517
1811.91110337149,9242.52309926494
6866.18490411727,6681.80494638243
1324.14508401918,3243.83415763021
984.326435184266,3080.9763063917
676.444049643166,8749.08999735843
1019.21097426288,9059.05675312429
9511.94420843814,8263.97991606443
1604.04764849147,3843.70909554066
7292.67106111735,8337.32154766505
871.658823858615,3677.22854749596
9440.05179538038,7542.63112344955
1613.08445924812,3459.17963693762
1062.63325512587,3200.5313545476
8021.71455569209,7319.0087430646
2225.76488200271,4598.70247025372
8032.11615628584,7125.60529738008
2598.28850826277,9076.92272535627
1177.6574369512,3613.72282893744
945.411043704618,9200.57121251462
1301.8619707936,8987.24093157258
8475.97565251026,7168.08550844478
1210.7142347379,3619.73886957389
7262.66867454745,8342.89729254707
1723.17054503121,9105.43053947739
842.808506486544,3093.76776781026
7685.56294611095,7960.24240650434
8287.58355146146,7761.44264946993
7079.20941250707,7756.7500612434
2091.32276287232,8685.92690285162
1185.89236950129,3485.03405115226
7764.19942386365,6348.13462861314
1383.03554973169,9282.39480201798
1434.07456006357,9251.46769425415
7134.9429662045,5946.18912534849
854.340687896983,3503.06111911508
1989.16642939487,6568.33878207489
2032.41641906625,8833.94915632988
8473.36630225716,6376.00675549999
8530.0925541946,6478.45017542222
8385.06724571711,7664.88922947396
6885.14782325062,7240.8852574966
1361.92067625732,9005.01615033934
7502.3004461498,7105.74718228019
1028.58662824904,8968.33302777833
1259.48123725797,3548.24042709967
2327.26208352086,7839.30873537342
1707.09848886099,9083.3680054682
1392.25266573796,3556.8444592794
7491.34853825647,7765.02702901663
854.702277861602,8660.84743649489
1465.00680324172,3253.6080818014
7740.14541584115,7618.23946086883
1374.58448793728,8618.46638329577
1247.03894829257,9265.72360991048
1958.96392015558,9184.99527860203
7563.9762184571,8595.7258182313
1522.86266733882,3628.2874678123
1362.35230353932,8859.41019057434
7636.40928984312,7395.69953936493
2383.87219838511,8368.72360584778
1665.78049019001,9214.78122717825
1159.83396922611,3111.40755329507
1673.11639209435,8541.08025270477
7362.78279564823,8506.3482772698
7738.26308382745,7388.30623423145
7595.08867943408,8053.03717393587
2717.53642008213,9384.62019284145
795.084399940327,8304.25866509261
1261.33186964858,9217.45463454785
1914.24254241466,3435.74558510399
1211.66754844804,3442.20519496163
1269.76461224067,3356.95297165288
1308.31669635751,3450.51981561177
1297.60933267945,7887.58050844262
7358.12065801967,6969.20470144446
7724.4524798752,8105.97536452923
1677.11542209158,3589.05914047844
1741.26914332968,3360.90431263281
6833.71631738624,7430.40249466214
3424.47594022449,3642.91579943756
7331.40312197621,7940.28073663081
6832.8645454221,8353.26655775096
1083.53873301967,8855.41856311186
1629.30478644874,3721.32836416772
547.84398116056,3018.46205789481
1674.19744975213,4369.31809635841
1343.96728939012,3438.48202189196
7707.58079365564,6819.10179058453
1584.36246173739,3766.64128140211
1381.50146717126,3494.78002226347
1438.55104613848,3630.58786935243
8423.1863844055,5954.99045822006
7258.23293771666,7334.36093992136
6443.8757369363,7276.91750033739
1964.14334985176,8571.8195057204
8153.49752347796,7207.52254320046
3105.55448147806,8363.15119236576
4078.04985528944,3400.48172291799
8057.99272734933,6991.85729607183
1639.8010400258,8904.35010942321
8108.61473541974,7167.53443037155
1232.09364464007,9018.76316038683
7875.05802457509,8014.70388838173
7046.77523078461,8291.38634130611
1057.35338104747,9085.36833983381
8207.43930739597,7280.18825368798
7712.98387899015,8109.22654765081
5308.39771941623,4249.90089484456
1183.02994299117,8858.18820525015
7210.07807230027,6239.96553820732
7137.66401388177,7320.46287876328
1642.57090651078,8713.31325069849
2469.50064126133,9282.89998283382
1259.179949123,8647.30364615971
1464.58013300934,3974.10526836008
6804.11394131409,6657.39705141089
6587.60234766291,7673.55213072488
838.986146070845,3236.06042318245
1333.17346844067,3712.01580317104
8123.59531672062,8319.79238092113
1592.59884265601,3543.17916372817
7910.75180355769,7617.29443080725
1728.60938928462,8546.20101147386
1455.18753114255,3658.11507802846
1504.86585831644,9053.35903001265
1821.00553661595,3746.11552791116
1021.05562004821,9250.11989827389
8287.58513270994,7363.02929802143
1780.15686004389,9096.05796135509
2014.07622601925,3568.11707131903
1466.50744848501,3584.91418218357
8166.00292526332,6880.36929299328
1569.59720308479,9117.90389128665
1210.40088052647,8192.23414407341
1748.81101808647,9084.2284215787
996.299207421439,3122.33113366542
7402.7306393981,7051.8689628082
1675.97970382525,4442.99979786902
5963.00272877382,7246.77971367666
7099.00667087113,7613.72088126938
1440.43302200571,3564.1369577298
986.92177514443,3550.95134946672
1446.15980861965,3764.49228399165
7469.11058737389,7192.6013261385
8116.12561811422,7199.54538536135
7485.85150441604,7640.94482149882
1180.32508619923,9304.94728043677
918.05934123595,8719.21403500627
7410.5940264475,7791.87200005119
7518.0358084428,7615.84790720677
1637.95715454147,3797.88075898767
9065.54195944154,8075.93886963945
924.90256173491,3078.54699579553
7929.81975301603,7913.87456529516
8629.99485807581,7155.416745687
1208.76740288157,9051.23200453006
8735.7123168423,7291.43283171891
7191.0366638854,7942.24275950422
1413.79036745386,8739.50421264357
2239.52072751246,7969.14889127938
1102.6228064851,3168.30936351556
1536.69631246669,3943.1862205915
7872.30055072595,7218.73617325374
1433.54229884844,3856.3399187182
7777.35485255289,7655.12992581947
7994.77549957486,7621.64109754945
8209.20417259938,5097.77481812337
7130.78662841785,7261.90974033813
2531.47017206736,3793.31103673716
1633.25015140545,9191.4905469426
1181.06054088987,8933.64965326032
7312.549950283,7548.39435362294
1304.54175170489,9259.30876488241
864.316141754436,3332.83972185549
2048.03762854679,7785.94132359398
6813.91783344042,7897.91200926918
2041.98996950123,8868.10542208021
6947.21672671996,7889.24618571858
925.756477453493,3767.9865909171
6717.24673283013,7118.52062458315
7624.21855600426,7651.6867890165
7442.83737420158,7706.67325510803
976.506319941782,9132.2895024089
2225.59318783568,8466.33208320238
1798.03264365267,9000.99720827335
7141.16001714379,7071.38728798747
7250.62574405373,7271.50137406738
1453.89840337563,8871.18597326717
1343.95743818338,8864.00578068514
1886.28565930919,8909.1499395772
1375.21331257653,3421.32989074833
6531.1925125837,7566.54062955943
1241.84170495615,9081.39623711867
7153.11397524981,7055.67965349354
1976.66816443646,8627.30818570129
7561.27783481449,7604.07270163306
6434.17619777775,7589.27384802876
1222.04821350305,9146.48911894176
1332.79906540672,8729.62858065635
6847.98306618265,6948.06150030905
1397.19629293161,9253.08845741559
7639.37595517733,7961.5019345742
2951.52195975602,3391.08242653655
1638.36652945398,6399.36502934868
1818.19015985373,3295.87343163998
1426.3582875872,3953.68966267721
7568.36582007166,5767.9134728486
7360.87691592848,6874.50681814046
6263.29437385925,6965.68864091277
1576.61457130957,3861.98218795974
1226.25549910608,3701.51244409134
1219.12645036545,3465.0914599923
7022.09440797933,6074.97233478719
952.549113780878,8924.97447661964
3378.30675870586,5811.12093226236
960.179739096446,3363.21929743459
1691.60696310718,9071.4264504008
1239.78040815392,9012.40093692352
1411.45270511588,8802.16000833315
923.07586921718,9395.55770174715
8576.94736337997,7416.35034159433
1395.09610687839,3677.62787951862
1714.41666175778,3619.44872295114
1240.1532424092,3582.21636018959
948.742284471596,3327.5194186449
8932.6149161248,6366.77917581423
1064.04201844219,8786.39119944154
8912.87514379175,7076.56022001299
1800.95633533257,3989.72749517078
1591.06328304078,3875.05871245664
1489.63469706195,4025.65158033327
1772.09008239339,3708.55689969216
1276.84923094328,3192.5500626532
1274.57893349741,8883.13306691377
883.101422035932,3375.21528476314
1347.11354987164,8416.99501916849
7681.20701252168,8508.76152185915
1386.97386892492,8976.93985932989
1614.11981151021,3627.33433885608
7943.50013102602,8194.48246600623
1278.29836674103,3672.25594459861
8291.98501619986,7715.47992570249
935.685219235432,8921.47669764783
1858.50307576693,9299.45471417747
1187.41801770742,8591.28776276655
7070.91612471652,7392.16043318536
1697.60376628508,8731.90628221133
947.689450589389,3437.6193342878
1488.42279830511,3834.63245516046
3350.78745431264,4223.0094578683
7932.02663573906,7191.82390561196
7833.57609845015,7316.67956923219
7147.94497077841,8294.29386119093
1081.37139830278,8528.87776878917
937.907042933928,8977.73748360646
7272.07321969755,8426.07754563296
1988.73400572088,8205.51118403276
1502.20978748429,8991.2243816058
7788.04361232715,7734.27871807066
8635.4204732914,7354.19951451301
8820.03854598271,8020.70279322062
1751.92382439099,8419.07251910962
7304.33727525554,7489.90893746427
1574.30471236476,8893.09027413602
6956.66130953721,7508.55918392941
1628.57021013869,3850.33082053855
1727.53611908761,8923.69369380085
1529.64996781969,3513.73132623785
7609.51703039052,8300.73964060807
7523.1459024546,6872.8136864375
3154.15527974088,9160.31787566638
1178.66125021275,3394.64489271663
1323.42251589901,3389.70678623683
1278.83060716267,8871.07361514768
7913.48467694065,7033.7307804096
2371.74271778356,8924.16594852918
1595.29570325179,8769.52772436788
7860.82277090265,7907.33082012596
1601.34028343062,3612.99705606396
1281.89678240251,8434.69506356573
828.085560038819,3223.23419694869
1918.32077932582,9019.96308664045
8347.56103827515,8275.3351589616
2658.39958359202,7718.63412488415
7596.9072645792,8178.45250396662
1261.22562129279,8986.80035076021
7730.5211099476,7284.33886388088
7811.29704514879,7889.0942159494
497.544664997846,3011.72317008883
1614.92242112916,3456.42165783696
1687.50117009709,3369.3036698839
1071.48964426451,4240.68984009106
1510.0266854733,3488.1168727102
7461.2775752835,7242.88102626388
7018.93116622957,4965.26329833152
7020.88972901199,6703.52170022855
1143.75747483063,9228.47123695675
1486.84004468089,9180.02559614139
7041.92155956727,7449.10493493109
1458.02359678021,3661.8622066873
1501.97028375322,4014.4596998548
1524.25568562501,3839.96737861051
1263.45937655913,3760.21400619805
1151.82509690644,3723.3999937985
7470.81605200413,7273.47887616423
1094.80200117567,8963.31071433515
7185.59955884317,7987.50794179375
1956.12510508973,9320.17709237552
6687.12095479948,8102.27269503538
735.503197717203,3319.66835646487
7543.49382956498,8157.02541019442
1911.96612221524,8430.03366652838
8640.45248134737,6975.52696447641
1604.99012742994,8845.70905454259
1295.03502445833,3358.20823350959
1351.55321487654,8104.21211278958
7911.20365793879,7999.63240664363
7273.77392891627,6213.47962627295
3014.18611104264,4018.50694117731
2478.10894546069,3556.54729605735
1164.27737193969,9188.44310050936
7726.32158015937,7287.47403026511
1293.78980314368,9232.69892389647
6469.64441950238,6864.41765200653
7497.08839868286,6732.55775782201
1824.59031112182,7521.83048503455
1849.59122917559,8585.35926817511
2315.19489709102,8326.26988317471
7494.63495199582,7777.54260802788
1622.19029283871,8950.19543402937
6928.41038952812,7784.59551727391
7683.13767793985,7627.84813334477
7772.48128459966,6862.28683856109
6163.1803268293,7564.7895396619
7710.02187494919,7554.69663386749
6200.45432630301,7370.70610852616
8645.02212554727,6729.53495201937
1552.77339032504,8168.62959188581
1473.89898799603,8022.46505406652
1326.07819512743,3549.82252025193
7585.59429080543,7751.19479088839
7116.76855544457,7853.86991761254
7858.1071953804,7851.09908201145
1049.19191528231,3485.98541317563
1939.71030591722,3547.69424275083
2979.58446990786,8239.30211006062
1861.80007099368,9231.68687083313
1600.32908395448,3999.78772524727
1395.46078695001,6864.41032450776
6185.5110941464,7845.70965092127
4566.80614235914,6128.75388815847
7792.16850768693,5928.07157118805
1868.81129804899,8747.06823135171
1409.00362766204,3645.41406936218
1510.87107825819,9296.53061492365
7790.34792075149,7102.56414323491
1199.65422592411,3378.23579382572
1949.36728262427,9243.37828325266
1738.53686138377,8285.60996945944
1613.31973674877,8666.54557449328
7147.12567898648,7333.76587369214
8535.32017729157,7294.17111603888
8026.16258778375,7443.8781722788
6888.36198508923,7857.29389849514
1679.23073281108,9303.86757422166
2426.69889498431,8776.31003779851
8400.73787299053,6874.98672331625
8463.10678290852,7243.18477327672
1750.26664910293,8649.69570547954
1485.11807440781,3591.19391897376
1738.26234267987,9211.58847484436
1562.04252330754,8604.88346207184
1551.88074227003,8484.29761775748
940.524986242148,9087.43488319677
7203.4399500733,7298.84503091451
937.208342970245,3409.37162505981
6785.97924503572,7578.14246860901
1339.49046170969,8726.27816617089
3501.35153725181,3711.85062784153
1427.12101720416,3859.54948081925
6727.021438335,7776.32829648768
1219.83048203639,3600.97217180681
7274.9999058074,7650.28468078258
8682.11231656238,7405.49275311897
2040.85216735831,9086.23652754059
1609.52778645163,9189.88013574652
1114.80185603423,8899.16750535706
1436.71324464333,8835.35767509369
1240.13022434243,3293.46029339707
7401.65016719639,8003.82494128306
1232.32996190011,3646.00893589357
1146.91805304756,3592.68501470404
766.858568676935,2900.75836240425
5606.37594224542,4400.06041125351
6120.61865843257,7382.0023518922
2777.10850933363,8853.96167162199
929.091020096015,9177.32526745165
1082.16318964078,3283.97123866243
1426.93102554956,9059.64932361554
2137.81668180106,8065.67299758047
7087.71437600688,7903.18611807876
1393.46309037996,3405.46968902402
6982.32911953443,7714.82177506539
1527.21778739555,8698.46288977451
1837.00429400553,3885.14307044442
7690.4767424084,7972.1196416354
7161.27567683311,8136.21121158504
4783.63115517302,8116.540748223
6467.474676494,7939.44282602011
7326.21922924682,6962.73102848309
1000.66987914605,3397.96935330314
822.676867082157,3357.98147312519
6937.88067861858,8195.51092858313
1544.57823868455,3306.71407024395
6847.06564470217,7231.05712055367
1682.02335658637,9141.36817099211
1284.46999806716,3607.97384160786
2236.44866743615,7127.82733973627
1955.87127057623,8814.83331000331
1558.58500126199,3858.35593219902
7249.3776926946,7953.03465554638
1308.51459236995,3602.77929228241
1314.99824845593,3981.70110957703
986.047915044854,3186.90668900882
1854.80720732117,8086.95712039004
1842.64428559232,3855.41267994131
1745.32669238292,5761.56416281024
7943.63438998827,7525.57166918987
1738.67523787081,9179.94662279637
6490.2042801231,3376.61769351707
7094.1080934328,6482.73797866924
1406.18360933912,3192.75757908961
1306.13922411312,3434.40316298045
1321.20368820019,9146.13639431003
942.279668631478,9012.41732615004
1032.67430857834,9147.80480283742
1265.60591104404,3928.52470871962
1209.31871237225,8993.58761914531
1543.69693984603,8337.61069189335
1539.69734768175,8884.40125788563
1529.59456893762,3919.75461497215
7501.96449593883,7983.27135906336
2006.6347530848,3956.47177988839
1472.49105680246,3808.12179492179
1277.56115245956,3287.86518142583
7417.99817832467,8445.99157381231
869.089539361211,3100.55595962067
801.807222350136,3239.77991117635
7041.87280565429,7253.45052932157
7279.61783798374,7359.79215515559
7690.43004665519,6975.0214385221
1533.76924534764,4181.0275411694
1244.42140446227,8940.07151733899
991.85442148094,3319.84107355114
1313.17125065053,3879.41723770552
7641.38530049287,8288.92620733768
7400.46219982551,7364.89723188962
1983.75643111414,9077.48273423914
1132.57953241266,3210.5969505397
6850.35040858257,8439.37207247227
1278.5773940183,3530.2758987194
7641.06193247804,7780.2386421103
8137.5192930953,6716.69691627266
827.350660781711,3174.71700871394
8844.97768945017,6475.55946068338
6572.43491133693,5259.55370807017
7373.379826447,7749.89779193862
2084.66780873664,9261.8941991142
7757.270341247,8090.70798487267
3086.85051388042,8448.14571892274
745.631905347476,3116.08618881555
7116.7472548024,4145.72684238328
7147.75529841002,7884.2958313916
7597.12911811857,7881.70918956943
2212.47553324198,4476.74761817064
3133.21920459221,8911.20612397033
7903.00630130475,8094.11496733867
7684.23934089322,7913.91525464665
4317.1880918589,6876.22003304342
1164.86679163472,3555.9121719606
1058.97663058976,3327.81777475769
6945.06947316553,7866.82201284365
1508.58625837951,3717.41087073109
7722.39552232713,7467.51166482997
6985.45545711899,7208.96235029772
7588.59652905541,7602.35554563579
1891.49218528009,8260.05815342107
8078.22992060016,7746.71375105514
7960.72664711999,7921.1474566142
1578.23674305568,9182.01077928052
6417.39237744702,6910.36016392099
7870.43159864281,8258.26443653013
1886.94759420173,8667.62938918875
9321.78822330312,7705.20087211937
1571.52526842601,3917.60276148949
8185.10927855114,7539.86400290643
892.896892471013,3324.30343023898
2392.42206015777,8424.91175081354
7886.5906444435,7710.27958164854
1652.72580959095,9124.53285597181
2447.09401985091,9259.7952113747
1137.56906485053,8933.74827300295
1569.25359473249,8268.14940261139
907.057555135328,2974.49460216963
1408.34951140017,9243.65689642728
1534.51417085328,7985.06777657908
6985.0309758267,7561.02406453044
8150.9469381123,7261.61577852011
7856.86106981231,7351.35870064246
8819.1928196175,7640.92937204247
1426.91768512605,9478.47437933336
1770.32168936936,9017.43298182639
7804.97013708145,7008.52103510518
1991.46217470647,7964.02562925828
1265.04380457809,3661.23926279087
1701.3531964393,8630.20787298794
2069.2261156933,8338.66566055666
1044.2562129409,9001.89482948225
7972.79320708145,7437.99832206266
6916.97086277759,6087.79992643574
1215.79691056516,9159.05668795481
1866.70155279673,3857.46026739493
7113.87423918063,7603.57463279006
1795.59230723748,8169.06488260154
1850.36853502062,4609.74374234396
2195.25641241287,9113.00811103018
1676.15052920995,4021.26384587714
864.894028096483,3449.80749084425
8834.93697757882,7034.48310497142
1565.30860599411,9298.80061862426
7979.09688093069,7583.88410305337
8398.29241064488,7188.85571749961
7588.87810833064,8395.01439008391
7636.45907021037,7385.6995340579
7785.55083577581,7352.79905317618
2095.72369863828,3795.16364036877
1856.45021216416,3763.69282028449
1438.1504432672,8786.60002833238
1500.53909334567,3614.66788672272
1426.68108795416,3575.71388935308
8229.308987562,7857.95554056042
2933.36677107607,8954.49563346655
7732.32094118264,8378.13341678827
7855.42221272281,7258.47750601567
8489.18091213444,7816.28738198814
7495.56898233029,7916.59769330181
1191.74207708372,3334.75119895889
7398.39718176433,7933.05068907569
8056.60438864676,7871.02878607692
1224.21719700364,3488.27204268182
2412.08041487825,7525.51861415132
1093.73895317947,3497.75747384911
1347.84097056679,3405.45102531597
2089.28680061638,9111.01086641752
1247.14403383385,4070.46467310199
7401.20715240528,6666.70344965573
1275.33352738118,3731.23174196588
1792.80678330414,3567.6902641139
7765.9639570655,7089.59468581716
1855.89355617222,3800.69823915661
8008.46652246306,6418.37049448674
659.348961672626,2978.79265817293
427.00597272248,9135.27465478505
2135.54489252862,9262.82984278299
1158.37388418258,3411.88313325153
1980.2061934853,9249.40360223179
1013.72485336645,3411.49327815932
1189.02392956827,3426.40581185043
1706.45395023688,8984.46187990417
1562.25680432443,8870.32941213321
1978.3539195048,8740.08365524926
1873.36083431925,3768.64208150174
1940.19980702096,8841.46879129315
1384.18197186247,8381.94326031161
8063.30265136903,7491.16697997656
978.079684177208,8855.26424753775
7761.53573825209,7140.34767292801
1544.60972975151,4024.07153593541
1613.61108371521,3821.15098381389
7251.46505262821,8384.59906431394
1254.46332189672,3867.62769007111
7943.47774718033,7794.95556977149
1872.60714807057,3379.66500878603
7254.88521687311,7011.45888252724
1326.64325392836,3336.1463657479
1474.07050571727,8493.71242370584
7089.78523476033,6741.68516667788
910.929227301818,3144.39450937695
8189.44657791094,7785.75592137302
6498.33514531509,7492.73098146867
8804.23488208449,8178.18922317125
1706.89241689657,8847.03334486125
1051.99464237453,3443.53101188546
5098.98180399451,4455.67068743022
1437.92261120372,3711.02561077882
7312.44418289093,7349.39241861867
1186.92887301241,3324.53470775278
2309.02347834786,3401.17505545957
2110.46070911262,9267.97192430319
1472.54077008679,8925.62578615434
7919.6696138534,7110.74170041247
1071.73362594813,3398.72518018838
7664.76379198164,5994.21068030628
1255.4285762829,9230.97889637307
1700.88481718137,8796.29548552793
1469.20078752016,8524.45509098985
1580.18318749003,8518.28061928106
955.106194884095,9168.6609125691
7409.39757055975,8115.88649431236
7028.78875044604,8145.99767766013
1575.21786348132,8694.38528785995
1113.07433493618,3213.57458944379
1281.71993146778,3716.04750244271
7969.22514393196,7018.2106512941
1442.01763335274,8953.60644328158
6974.07965715116,8368.37599979527
7594.31033970835,5832.72496021926
7932.64384012641,7646.08899543797
1272.22757887264,8556.30204082051
1222.35668204454,9242.57593061232
7466.18599489311,7719.91559442887
1684.16710940335,9333.90257872574
1234.88371288305,3553.1026272122
1621.31920156768,9205.82694952581
1124.32706781172,9282.56126020644
4513.82414451186,9007.73036099102
7209.34199804904,7481.93518052549
8084.00515017565,7262.77875600007
9950.6783631651,453.550799590427
1384.96662504179,3391.97589404837
2656.08460892199,7431.99551748218
1775.66173292818,3923.19829963987
1267.57936216763,8887.52490301017
4232.20606494739,8743.33100685159
1240.98127717431,9133.74556331134
1222.11606512695,9081.48342607927
1393.34298779408,9274.65192821981
6806.19384211603,6823.56886320386
1325.38485981971,8998.06731559077
6183.7464402602,8049.19401393432
7280.68610284932,8196.25892748501
8748.11361901526,8038.2214311138
1192.79578702358,3575.15643298116
8013.70521192553,6644.96379739281
8661.36997646761,6902.21804348117
6755.58326355374,7832.52888825027
7384.88294964907,8171.38882297189
6838.08696106608,7359.09836767433
630.186122010195,7957.74397609221
1892.84185924369,8935.10221855014
1642.09767145804,8598.54357636704
7494.89880298737,7089.37287607621
1797.24444222078,8902.94256835001
1565.83550397811,4407.68798744268
7996.91500640291,7001.30633162038
2736.66979710762,4599.63887301369
8260.8266790597,6202.43598754228
902.944289124511,3417.67684483589
1741.51484434009,3492.08255257299
1326.18829877165,9066.2634767301
1887.25946289783,7939.25760151892
7599.29796554233,7119.89234660169
1091.75384059504,3633.93537591232
1554.04329061866,3781.69900129452
1368.27744561717,3771.20347610409
1026.02249425544,3356.23068434987
8357.17988719902,8036.09004360844
1931.20861577757,3808.81636374714
1327.48208746986,9086.57169580319
1910.37518406501,8891.85104585928
8229.57022669068,6908.18295950933
1068.58783689676,3356.27318492674
7806.45668217751,7365.30179891033
836.73174505894,9247.96954043853
1624.38377936712,9385.27505308509
7983.35815133455,7084.1703059943
2267.73865745159,8691.14775500516
7739.33653608071,7388.72267870583
1784.69180474704,8360.19489452554
1504.61671041688,8880.80799406175
8399.56941686061,4856.85244623007
1149.64553667428,3743.11604087225
7237.32907647594,7043.46610170471
1628.80195847007,8649.54941171613
6622.53259250534,7509.32390008021
7878.21552970627,7941.87238150716
1888.93973552768,4230.61095421646
8965.61045949438,8044.79945597006
6824.82906214664,8150.73629686111
840.074199953166,3041.6721503078
7833.71872170949,7953.48010607397
6790.38232305252,7692.99974491966
965.117829157747,3373.68919827226
7612.91310518374,7373.48194841237
7573.05875620945,8228.55540948303
1259.86724918894,3769.10924968762
1381.11500085474,8938.08628277347
848.375489304813,3274.57859771792
943.751489308185,8473.85271601174
1613.77938373822,8804.85673924611
1201.30647836559,3554.48276047013
1201.21622007097,8368.45564632941
2364.61933424229,9052.53157728395
1746.50770036069,9163.85988324079
1904.01607419385,8112.94074484483
7612.81052271343,8193.04001216731
1948.05574704847,9283.43202696264
7748.0380483131,7788.7041123703
2828.17560868739,8058.0869381285
7888.54846074044,7731.221246934
7472.33722982109,8069.91274419117
6746.24065825663,7123.53898600988
1333.4989891732,9128.0033360921
699.639174849059,3471.77932522793
7424.50504186726,8119.12802430829
3605.41594539623,9269.8304933762
1062.23826098267,8920.66719093599
8847.51493922817,7901.14744694171
1366.82198679506,8900.1318969716
1091.42101132138,3023.5600608681
8112.22391295148,5607.58226399097
1011.66055526366,8952.83937303594
1166.59355341769,3543.78468115818
1700.01632752756,3977.1411949044
915.617670533324,3313.26520096139
1729.85160680869,8472.74581523599
1887.73605286513,7734.12398709939
893.685180770459,7006.53487373608
958.70123233206,3466.33129408256
7582.99531287336,7808.3432795131
8608.25975420241,7835.93972685996
8937.77486448488,7054.5142103567
980.919714280629,9640.50330264576
1632.71825713334,9141.95499869678
1758.74861622634,9315.41103153703
7629.50274895924,7743.51082023741
2221.80334242623,9862.68480559665
1600.23873388252,8374.40134486661
1626.76156642917,3891.89815009512
8711.20671726465,8004.67104471505
7114.57320717614,8220.74728647247
1397.54525743655,9046.93239326179
7786.04230421624,9336.43863586436
7188.91302337993,7175.37911926773
7134.79421366714,8504.5478398852
1519.45663736476,9049.88094872646
6404.20820058233,7500.46606618034
7254.35481199421,7820.5011103284
8868.52300139887,6478.14239459733
6920.54278753926,8019.82338879371
7308.8428286571,7513.53939949701
8637.39837147743,5733.72676700112
861.813140089306,3291.8754075056
1865.46982096523,8531.71037081862
8680.09548088082,7142.68898980329
1733.8111024132,8902.36183338024
2086.81448222985,8949.90520114068
7357.37926435672,7535.77953290021
818.391097459621,9012.71302426894
7173.47869878209,7925.14317455857
6953.79340416032,6283.62002657078
1517.80968886335,8361.41857541801
7229.33632876664,8358.51483505852
6237.65947365534,7691.06012269613
9089.4263238825,7441.24069029735
7997.4371004886,8200.26281317907
7256.80735164151,7749.03202146019
7201.65402802726,7675.95924128999
833.207605302306,3316.10294919386
7789.42660431144,7159.58132711397
793.563855423276,2936.65733876389
6973.01440212347,7290.22414071039
7650.1948968048,7972.08756936432
7796.88952200068,7390.98274903575
7750.67637056647,7509.53517230351
1731.23176691003,9453.30713766421
925.744412669772,7883.20051188692
7960.58876627856,7772.70487674078
2043.33900229116,9150.98626604231
7657.45416906635,7860.88108113077
2020.62261960266,8965.14449169049
8130.65503396745,7836.68810970284
1425.72019052181,3570.83835870691
1557.77999338934,3786.28773712074
2510.44919765567,9164.75665745185
1892.16296187522,3755.85441453597
2094.5129442425,8888.86642763189
1208.68502490477,8759.08082044115
1671.62000232316,9230.08348536887
2179.23709522488,8672.4218270982
712.291001529774,9238.4980288914
1244.20578435808,3621.44184309229
1748.68103446945,7442.59036732196
7511.20239448422,8371.33566803772
6130.00942862505,7636.2064203364
1063.41275787244,4117.56882481383
7648.59011040155,7118.97325018912
7325.45744803184,7570.68503549232
6528.01054794782,7771.15660755527
1508.58910979258,3915.19206096074
9121.33036824794,7724.47501976194
1582.13357033471,9000.21836562378
7369.97881544874,7287.0768059238
1742.49363710058,9050.89980528978
8196.9763439084,6987.23316722578
1283.99458660198,3631.94149136531
7583.20274373084,8122.11462046015
875.338527436791,3397.84990761463
1274.6236557721,8650.52995281807
1440.99883356312,3655.01815405218
1124.64984700877,3362.94870935904
1473.53729399661,8793.61862298027
719.542856682986,3352.98554406866
1231.44990266794,9203.36405422737
1958.08569184232,8839.4935305718
799.925720629231,3240.90323465707
1714.7143132661,3720.23423062018
7492.64067342788,8178.59775712241
1580.81723073489,8580.23869840971
2199.55716829381,7750.68795136528
2517.31417723431,9090.51701970245
6365.54213517334,8126.85604925447
1719.62334647172,8973.39116055294
7978.62499782283,8287.38769578988
1459.60755923108,3795.45364204623
1121.21986092183,3722.44764531862
1442.71514571479,8874.34480503637
3150.88501869712,4001.16182950373
7634.40923006488,8239.1629707735
7683.02228062412,7523.14585028365
1804.73464930487,3859.54065128308
8429.95044362502,7140.00905673
7525.24170989415,7087.30013418564
6031.35155042032,7202.88796251692
7247.71400219614,7854.94770689118
7600.97237891394,7055.53430234377
4659.57332315813,8657.59100589871
939.052365136145,2843.9744088925
7014.04482531179,6093.48323287203
8125.57598639838,8105.41059225721
2307.79917812242,9379.27614028598
7450.7379975558,7810.43815648698
2225.69375829891,8973.7566451646
1484.06365053482,3497.43392834435
6666.69257768973,7615.27772132228
1548.67403819499,3786.48543985081
8084.14437096881,7829.85523160171
1070.22253886659,8365.12401010525
2041.63728600106,8516.11260779011
8552.27637697765,7435.11792509539
7115.89320384099,7879.68968566548
1371.48299441108,8726.93594600716
1442.78043448111,8991.41504408188
1028.96479399691,3346.54225860797
1897.20131269354,3235.80496996374
7504.72080854692,8215.5166065314
6801.31318020968,7388.61997200742
1042.61063424193,3898.90307389069
1710.05770002587,8921.18372280507
7257.73136538111,7166.27302044127
6704.87895391495,8190.89351915532
790.105236267501,3345.88976626039
908.726944176484,9181.1673497794
7358.02096126241,7324.53695371051
7586.08872050919,7997.60844050165
1450.04983259822,3828.12482017925
1398.14787722243,8722.23559721708
8025.12616674867,8352.65582988443
8085.84290883479,7993.13375350757
1645.06977825398,9179.07761423076
1341.61693903031,3633.82202254256
1161.87640883201,3279.8890178617
6766.566457226,8889.66780489122
2498.20446887676,8027.90478358157
7737.37326359827,8113.44182454686
1227.47983925591,3084.09403721861
1360.87915627494,8164.34026836203
1285.92028163713,9154.80919909553
6206.62776244524,4016.03805730121
6864.69961792667,5618.39616499798
6368.93333835062,6759.05089918471
6941.7868298427,7510.04184601277
2031.12114080179,8825.04291857078
974.639404718922,9117.51583831035
1318.07882761242,8832.07172832207
6576.45407413059,7677.78941430812
7354.04991146002,7488.57003562911
1469.2545520045,8358.17628772775
1063.35644259463,3738.03126562659
857.405114827955,3142.80509880703
1228.01798594148,8856.35932254997
7898.77827743359,6527.21363089998
8727.36895961511,7621.66881528302
7214.19095773267,8498.08087222262
1438.11233631759,9015.31541065423
1087.57378084288,8957.60326134873
8817.73916132945,8516.91723559048
889.031231988172,2797.96822981691
1756.32848836193,3881.22724612614
1212.25694325416,3744.90322876966
1665.55062772109,8449.07933357099
8255.2537666864,7326.0377333412
6993.17801025844,7339.38872873496
3029.01940167747,8797.43242043662
1337.0069752311,3828.27072888743
7146.41998719051,7667.95539442506
6730.57220345849,8246.74082573619
1785.86137545084,8451.22547008913
1194.2049731163,8780.75418953463
6154.36560944628,8139.52110884475
7924.03206703401,7803.78734050297
6857.76470388439,7382.41382053038
895.620170900285,8352.19818499919
1397.00798950326,9559.94966728978
7810.02170576263,7898.49672429268
1320.64456543987,3455.9602076766
6597.64275743181,8410.17458147171
1477.19477600521,8783.8773159129
7616.30421486589,6395.10381681329
1742.76073958714,8873.92758373734
946.662985030965,3271.5232263391
7377.25209598353,6596.69229688438
1448.56559472552,3945.1567421215
1961.61716844667,3731.72002996948
2355.04484454976,3978.00783629298
7353.29204324174,7930.29572178955
7725.1436511009,7865.13221900132
736.045225313594,8619.64942069436
7751.41523286886,8104.53603346332
8500.55345522308,7269.27880651448
6580.40899422723,7021.55760289022
1103.55705989948,8819.21453176481
7544.95597903891,7555.92696700852
2444.69960655133,8923.40361825939
8006.58121557195,5768.81407667497
1920.87003951762,3652.7098108865
2359.36140055843,8852.00618434764
1447.81507567645,3413.11730814312
1003.85510163489,3762.50099548127
2007.02350569818,9394.55238054409
6335.00412668309,7972.04999613973
1237.47475827189,3769.62698228611
7632.31994733306,7445.26260977365
7511.17364164148,7910.28753675048
1669.30678671106,8841.82383590774
1723.98161884946,9229.30896393981
8218.76801467808,6806.28565868117
9512.44751350782,7762.48854749904
2283.54337132255,9343.79456706733
3328.38235279775,9131.0215331434
7636.1285856413,7747.62918361346
1356.22526529837,3699.02836339142
1195.15451569827,8976.07020013856
1260.67731193506,9041.17075688949
8058.7855273349,7857.00606947614
8358.4279518824,7369.30471827066
7809.6148719015,7808.76791975084
7157.58643056364,7105.35742187885
7882.50061785845,7449.16323811936
7667.05846031606,7377.55440441225
8108.00768654778,7396.83004363915
8233.06773464345,6292.98444942433
6883.7695246088,8295.42339273955
6246.88781732682,7266.43979605862
1636.64028063133,3639.92055449292
1284.07284629812,3844.97062984021
8097.89259497968,7734.49687464704
7196.65351690181,6732.34178102387
2351.71313977406,8067.65304445117
964.691233851546,3330.55613682884
1389.85584420092,3447.31406667849
5924.65984718049,5127.6308606374
734.168952746129,2956.69515614055
1269.52108251148,9027.99215456563
1174.24258869743,8896.48098822473
1719.84221677861,3985.38184594688
829.264878488365,3302.75762328802
1851.42115441145,8892.14894378897
8029.74773258054,7089.14015579222
1477.32122102866,3720.52841703595
4932.71491725232,8976.12412663906
1695.61494566579,3457.43181164068
7748.55499218385,7768.49392770118
966.096547890386,3432.64097088712
2062.91949340263,9150.89750403016
1520.75727379229,9269.17940568742
1114.77688790822,3229.27034473084
1500.85595446304,8921.23379492048
7049.24021394553,7373.31217930231
719.517324184764,3145.87463407661
996.78392242962,3332.50474507021
7780.28781214054,8097.87763392118
2375.48188449611,4053.90057830322
8355.06098356334,5401.02012604328
1623.24749641911,7631.44508421007
7119.636574015,7401.8150471198
7489.28450001106,7711.7080034117
1598.08716304656,8431.60845695242
8321.90716067974,6704.86581814554
7320.26335320329,4578.32230567722
1404.84829107236,3633.59736198972
1275.36597694423,7326.20051537784
6838.6955791941,7629.15079331715
8578.82928167877,7178.12307484501
8804.79646348468,6836.84700231453
2089.32552341236,7956.24493426179
871.798748871747,8762.12221137548
2454.61981258693,9104.82636706324
996.702012852308,3934.79323409552
802.469604468428,8615.76267212246
1871.52752282548,8807.73519406908
989.095779252967,3237.90460893559
7141.02740420406,7713.22053345071
5882.54698442078,8106.6860261162
1912.74769592798,8781.12474507815
7186.93928516415,5003.95618553616
8241.40947616634,6016.02270144207
6238.88801750653,7407.7717844154
1800.89102123836,3610.81347831004
7987.40680845674,8067.64019551379
1146.21011645152,9053.60522459196
1140.61814637372,5060.6185004698
7379.47026226449,8025.36501008544
7108.77962684166,7345.36181360256
7434.53364712265,7381.27033219353
8163.99764897348,6924.14364948282
2525.1408813426,6099.28593295608
1496.22497794328,8053.40420541193
1612.44705632574,3524.27945033153
1505.16648268646,8664.82066831347
1208.24966922741,8011.4192995383
1128.48400339357,8920.2677434195
7249.83200533104,7288.58681573384
9212.05243991412,8118.24638942298
7392.96794286858,7452.75441567626
3592.56222956353,8352.02325179277
1744.47130656957,8292.78404434945
1677.7985622291,8180.80598638784
851.995501109318,3169.51145466485
1684.53801050825,8731.04045615578
1287.80136117965,3785.45380267403
2407.02477642084,8750.2328721609
1210.4539755237,9130.00591246831
7454.92099318025,7997.26893873495
1408.83665260883,9195.70473833718
1326.26127540564,8792.90866903339
7516.31631751337,6742.6629783484
8010.42216776705,4457.78887533529
2091.33023710915,6443.54597155454
2606.52529602015,1993.20257258166
1206.69904107887,3559.97419556278
2652.17392705968,3540.44286801419
2469.30159072274,3763.83368321496
2336.25414357815,9175.30854847306
8319.74721215822,8051.5144917724
1250.88405407051,9297.193084084
2019.12678582713,8915.40186900887
930.955696075596,3285.8238727444
2576.74176509176,9303.13388392358
7079.50709752256,7291.59899864901
8579.77328107321,5666.50110156189
1065.19987424319,9238.62724824864
1548.58324015401,3711.70144260578
843.946566290695,3118.895290751
1144.78727195179,4322.18534613031
7758.87948617471,8465.07128186312
2501.92769688417,9152.44685964087
1224.99086533876,9042.32579530467
1725.6666698013,8788.85698740482
1441.19089867933,9068.65408778089
1533.67244022717,3899.01660453558
2111.87048796843,8377.37579291977
1818.73641173975,8791.0231683142
1907.3608136589,8572.89114605602
1172.35769804382,3227.26898845562
1261.93603159031,3734.58680991269
2754.28289289437,8528.15864847095
7148.32873713909,9199.45590927766
1672.56794643954,8960.29768874173
3030.41986263862,5333.7816304429
1008.2611072788,8292.19453576015
6852.75187671021,8238.79534105516
1016.68727650506,3457.19744584967
1138.57270083326,3120.95463521915
7907.27204554564,7884.09825579056
1461.38152663621,3725.18546345758
2573.54780765398,8760.69036108104
1356.96718661723,9233.99915815669
7262.09610747539,7768.18986100095
1204.96127962899,3696.25704269034
1162.6568518127,3342.13263545419
934.883171986745,3896.81184514532
1299.16219626115,3704.06888442951
1047.49794462841,8281.7430270741
1336.67217019613,3524.01192375516
7535.06990212772,7498.88307838567
1361.40160873685,3237.44033256654
1475.86511592818,8774.09898316602
572.917928630099,9009.55258029583
7783.8240683732,7933.62587527426
1547.94570963811,8096.42526079775
1665.77818482896,9303.77973565208
1388.55809418438,8809.44255751714
1814.57562789977,7462.87386081123
722.123072766025,4376.43112594949
7037.90330677126,7399.84724530103
1318.29870194522,8761.32242997041
8651.39531589459,6718.99206199527
1454.2635389394,8880.02372489835
7495.7178354793,7080.5201581192
4988.09245383737,5217.37872998689
819.937416418374,9155.34547747097
922.43799958162,3363.32815603217
5982.29911846938,7478.51718574247
6347.74198339946,7447.08727292616
1491.2521510494,7993.36184902224
1589.66312806248,9130.53289535421
3281.25425922026,9019.44054273968
1141.4404137896,9007.09436589671
1304.13020061164,8218.51875068086
2678.00538795339,9110.76251714716
7375.37862454595,7473.30404485852
2298.89220260987,8759.62314255464
6174.26277515344,7813.31072786644
8214.89230439711,6847.81738915945
1767.97415826636,8872.33843815538
7440.23759426244,7098.21359862467
1485.38870670361,7421.46434246724
1264.53462866849,9177.90496593781
1472.28700065902,3762.29760648236
7304.00778737039,7022.82225746521
8488.60794149495,5392.43119839873
952.494440673393,3362.69713430231
737.437264047256,3375.36111739156
7745.89583535078,7408.6953495798
2227.28610444158,9114.56048854389
1409.42337793279,3944.31892989057
1449.50475418491,8278.81237137892
7583.13284515345,7499.84115188259
1311.58653329103,3113.94566926951
8152.69718324402,7450.36500473795
934.333803991594,9154.43790987772
1753.14124036727,9084.02143552363
3755.39320902297,8359.7531430226
1224.35340789971,8875.67911305729
7198.07173209158,7389.08336425543
1235.30391271747,7878.93883427604
7284.89473061077,7514.47555689338
1624.06115322608,8848.34660487928
1291.49481127078,3700.77669163609
5427.31214220966,5201.09399731688
889.557856504983,3409.21016325546
8218.99231466827,7820.01645192674
1195.39858284794,3575.84113687316
7419.23283045685,7596.53072588969
7318.6276171759,7370.16688235312
1638.55454599343,4120.18457140501
1635.74597176268,7654.51533376137
2197.99395763268,3733.38896420959
3540.78498204548,8566.91582505475
1451.70806573206,8845.4882926507
7147.6807221238,7858.74857029194
6844.7825541582,7633.77210598272
7249.92647721667,7940.47482488945
5412.7896377355,8682.84217705859
8558.06423874776,6756.94772184166
7861.37460394832,7175.40670101952
1391.18644268903,8998.38369561085
1186.10952118955,8975.89413996275
1243.39007286986,9027.7741869698
1246.20786731795,3872.54707991994
7538.46213243181,6363.13240109078
1014.52995526218,3244.56915616492
7126.73142420407,8255.16321752483
1449.62220569273,3610.6340228857
1275.81702734529,8992.40237274607
7760.28692273988,6979.85530794425
1327.76316395137,3619.6596276906
7777.83415101995,7892.63417284425
6965.0280984235,7580.78951443802
7634.58958929703,7581.5948972268
1731.88906800779,3252.18596222042
2052.02734539578,9167.19302906424
1485.08674899114,8943.15312340128
8474.6097267522,7256.90639259624
7475.22099856815,7959.98087600304
1372.00086546938,3720.997168477
1677.68472628846,8371.35072125923
7243.29516372444,7581.4196719754
1125.1695729475,3109.23921197594
7025.79409705612,6877.24847493131
982.371154908166,3415.4431409785
7757.20601968568,7132.25835271148
1523.34010425972,9131.78564690979
1499.61151678397,8892.59328954488
1369.55730904647,7699.56317671801
3311.5149593785,4301.53750209848
3755.02654277203,8833.34435504242
738.804552642101,3781.03496272228
869.725980141994,3174.36592588532
792.047152127105,3190.31208830589
8014.92963019587,7842.04763941178
6583.40851260156,7443.60941980181
1067.85385655398,3672.50166204214
8478.04013098349,7667.44751798005
8000.44775185791,7289.05234959195
1523.2275920554,9168.35636221715
1578.21792498908,9345.09606838682
1087.35417550867,3442.27817113822
1548.51977969318,8621.7051496272
2284.59899771726,9140.7308015535
4642.92003069912,3845.38313745984
7893.81529149584,9173.55488354059
7838.96558143649,8586.23994087673
7631.56194701501,7567.23013859049
7088.19606925823,7103.92957839618
1507.16958015967,8418.53582298502
684.036898529105,3225.64122628994
1575.12907590864,8009.20105414538
1599.91054812139,8750.09625223727
7103.83781208227,8190.52475982234
1587.43672672745,8402.01991369176
7573.73339937941,7412.50966476162
3456.18584619257,3510.49039350742
1387.67696919235,9164.95537634722
7773.33820191466,7905.18671784445
7910.85699330115,7154.81228189768
1647.89010845491,8755.78490812049
1229.05831753143,3662.07324248398
7776.93943775849,7861.19397709375
7378.83816602284,7560.64056704321
1024.61574683449,8586.39020706053
6779.78474697181,7973.97942387589
1131.3084212945,3650.39613515901
1070.67415752988,9138.21954313988
1336.20026218609,8829.9174540503
1355.79835291575,3801.12011264808
1271.78034431445,3360.08034694938
1373.48569355325,3161.42988023842
8235.35978040804,7158.56105589399
7068.93910490498,7056.08157775933
1014.75849075747,9090.73880384842
1208.34885761069,8724.50452132073
1489.64079510419,9242.19771658045
1714.30979592468,8263.73908703476
7605.40021126282,8480.70098663138
1200.74400556981,8931.68170399709
7439.99553017616,7853.79869334032
1856.59717429662,8931.61019744392
1700.53558502446,8950.14042494609
1666.47272276278,3949.75263898897
7509.22765083721,7369.23890469191
7737.6825395661,7330.50758551948
1165.50326158245,9311.46623597697
1609.21698841649,4039.23452549843
6603.92381900338,8193.11202940123
1582.36669077606,8693.01499236325
955.309984156663,8299.53336344604
6180.84880562026,7807.2181132268
792.201108280441,3358.6389125253
985.892450845229,9148.65147194353
1518.06356700115,3617.88157227349
1802.36625517323,8475.16213688759
1644.79312090592,9137.23934603348
7775.66953286324,7359.1679065136
7779.44399883671,7551.10426212318
6868.5518896362,8090.22540894238
1658.92256775396,3742.46014206957
7992.19528061323,8286.48756217093
1976.30285832346,8739.30281584986
7386.34613601925,6787.77648764616
7114.50681975023,7956.10727569968
8297.74885031668,8491.95421817894
1502.88935384886,3802.44954981209
7560.62766061471,7881.36116658544
6316.39524329139,6912.86262937636
1331.18922381532,8690.12855438795
965.302749987534,9100.21886784496
7667.46314611946,7701.03954230038
1489.33430648691,4094.32787576311
2049.35484738938,9107.47896121564
1692.02389290025,9020.54471057097
7250.56424359983,7140.63724954188
1004.30779196326,3083.73529228735
8282.61591726767,8021.16114197939
1435.09019773904,3880.30123532712
7905.45631966219,7757.54154904434
1265.34021510313,8726.6617162827
7586.79973121151,7529.46839438929
1902.66949717403,8497.9012151681
1921.86502527209,3647.55095392794
1692.26920007,8254.11130886138
1306.43818725671,3384.24228718509
1800.23127800431,3987.65350888683
7466.11747489024,6894.34945094335
1048.85813252191,8768.15853271097
1634.68359034221,3465.89762924001
7887.60310786916,7453.15867002956
2161.37554048434,9101.50638662705
2291.99541797805,9124.80021792784
4996.58851730887,7002.22254832868
7798.19827459362,7579.8590903908
2005.27861372861,9238.2961876918
1451.96666322964,3651.5390380859
1707.28482553199,3920.22595513471
1274.49496821357,3392.28175144096
7322.24164070805,8240.51008381078
1501.9543086027,3714.42006726948
1448.74620551949,3739.86425647189
1095.60370241234,3348.37931427027
7318.77049327292,8107.23613914876
1734.56420674853,8835.19775654854
7944.82365670956,7438.47087795914
2250.16678839724,8417.55108922311
1409.52566623054,8976.35636905212
7471.19656537957,7378.71399711757
1621.49642197818,9125.83234357839
7440.93761561375,7123.96835996543
1120.96697080792,8670.55011827647
9234.64881312624,7482.71722580202
1419.95195148048,3667.52302088735
8664.00221376611,5839.29388457062
7277.57817458299,8346.22304650615
8141.64202877467,7728.52328205156
8833.69564419365,6284.10001309734
1532.22452635944,8657.854795277
8769.09506561667,8749.80012660232
819.102971935564,3031.09139806174
1443.36751549308,8237.77729806318
7854.07992840911,7705.49118270182
1874.68289800892,8934.30575404569
1827.24637387837,7725.65734943435
2122.64863611373,8798.08184379288
7523.2396399497,6981.03670463231
7368.01653113783,7578.44785393844
1453.24612259535,3647.02625329209
7314.76219509052,7323.58780619394
7730.89020990529,8007.418559346
1218.42316246007,9058.91878940675
7615.75049535269,7221.6931666799
1241.53783458611,3504.12974325974
7323.33951812641,7839.64203678957
2030.71621654212,5646.52901390653
1253.57277521968,3231.84329007873
1420.9675902834,3693.78532082612
6578.2397190605,7028.82853597196
7807.63967696227,8118.67747194214
6860.47595334426,7932.73543721431
4682.07308573813,7066.43964426873
7711.61414482539,8062.71659933385
1029.53767230536,3210.79010063573
1762.38692082286,8752.15320856286
7626.90560714488,8024.70471037582
1804.99860298187,9054.48092132832
1089.26550873606,3521.24101394492
7029.83467164872,7419.10711718825
7327.96607386728,6262.1584544274
1589.53504041996,7951.01195544276
6824.8891972981,6503.91980802346
8537.21464494364,7347.18429482201
7208.77986894817,7947.40906370743
7448.57928555446,8243.52809645338
1323.83415523867,3826.033583022
2799.51603382633,9413.39454085661
1945.43849391365,3938.29588368997
7185.90653005966,8201.32787538381
1363.48728831616,9045.27665388374
1415.96951768405,9210.16773459532
1085.65349871818,3033.63744812098
7299.91958116405,7348.37377709388
1022.63680189226,8682.3864296676
6323.12032374048,7080.45031221267
1401.87554376616,9329.95065249532
1491.69612808288,3904.35101782027
7487.17741379497,8018.43372338468
6816.9159939958,7986.05109264357
1223.10321015806,3579.94524771732
6827.71481651903,7908.45601823347
1266.39826560615,9225.11879434611
1966.94377803818,8246.58573051238
7479.76681972751,7329.5837288994
928.006484871663,9230.12754728652
7969.5946899883,6325.15408621848
7204.35359505362,7724.91403718105
7579.86860582325,8025.85916986659
7308.80810954567,6830.24608599455
7109.15072610651,6655.65543160293
1551.11667694626,8794.97684542675
1357.58446271446,3485.91362437422
8265.037862799,6896.51083981691
1818.50160930737,3324.35740234576
1311.11777785582,8862.52886196865
1101.19451047076,8317.67246418969
911.949995779798,3023.10449881332
1324.54977120761,8944.34365228427
1024.10119276934,8663.00426638495
1441.75084697341,8637.37067938777
1529.07354536056,3629.4185044926
1227.02463546067,8788.05884112357
1310.67761563717,8865.85762703962
1917.02351853482,9098.63703358526
2860.01390465035,3633.45946667927
8519.89080595567,7878.20737106509
1399.27519229066,8588.45528973128
1947.81710294268,4539.61498352693
1785.55634419096,8988.20798008731
2299.44369679833,8225.13236781504
7285.55497840492,7650.15801461918
7151.71821867487,8273.28896273145
2308.36491577236,8273.30050015546
1524.91723544588,3708.00841014099
1152.66323242564,3433.1597169783
7319.46581131977,7164.64153031495
2168.70347816055,3543.01276773081
8578.80010263883,7226.30199200256
1123.62543226894,8336.98692131268
2126.38742218908,3851.88179380481
7414.81399301529,7886.02141092873
6055.33211772669,6892.64394865475
1573.32974781969,9012.99565216261
9165.62408983219,7836.21812016984
7686.83118217004,7978.06581868522
6996.29297298156,7929.79327012182
1175.96734324556,8794.0904944622
879.071046743642,3442.02167930482
7224.86513739604,7324.27484672042
7929.77533279096,7578.91502772472
953.912272714657,3290.35022833276
1113.58489742316,8991.34224177666
996.490729398089,8859.45562918787
7337.35680297095,8357.19227564763
8522.43983781929,7151.74842829242
7976.12905671311,6090.75334489899
7343.2494219441,7581.79364892074
3819.16452761964,8143.80030591252
8011.46931640268,6946.98448532709
5526.58744830257,8842.11210531425
7709.48766254358,7656.92053106761
1209.6902658687,3331.47477548464
7747.13934504764,7282.0301768521
5930.94276214891,4293.02624786295
6874.40262631595,7786.17590180292
6719.02506254884,9040.21480517565
1916.38691538234,3615.28122549713
1515.94888800143,9177.33467963468
7668.89236421341,6952.82412407079
942.14970464186,3444.72904523766
7762.25117368099,7569.24195314126
2105.68845844648,8057.53048402199
2702.92910942072,8300.58396049292
1991.54307911485,8419.17332346716
2372.40015323004,8277.66428778883
8927.53811514939,8499.46537372783
1577.7504813556,3623.10959212948
1721.79178310466,9228.20317411763
2109.845934336,9092.04490286522
1602.12170808635,8870.62865020791
7488.01207877097,7719.23181914131
2475.81224195769,8526.48632573657
1780.9411009836,8251.596168859
1520.89289918209,9129.19614852446
1044.43466363353,3277.29426454203
7083.31094482087,8135.36790839178
7897.76900256242,8077.50647818357
7433.32956729186,7227.57802947172
2706.08853569488,5844.34384344164
1683.28168150748,8432.81081142838
1676.69598672768,8263.38424363468
7661.47575776374,7738.14292634361
7877.17045148035,6251.10327716105
8130.83296968883,6800.13347902552
1468.30496040587,9180.9337256745
1951.49678088911,9049.69953610709
1569.74251745838,9083.49540471666
1845.22830879272,8946.61425053812
989.457744915126,9358.37123021475
1906.40695167117,8756.42449022606
1495.91512670561,3684.47376092654
1961.75306284788,8594.63298983186
1702.11321741412,3598.74586008611
6817.59705446352,7915.82578538845
1657.09526736907,7331.93385277631
7283.34367935529,5713.35701400787
993.650162925992,3628.07447827864
7899.5495204295,7614.22289639583
7875.20540293994,7343.0701361526
8061.62098392818,7883.12874944571
1307.21613477819,3345.64166222531
1015.35733546712,3317.10788367712
1344.62424060575,3714.58836909962
1692.05050259187,3421.41016185645
1348.87331448122,3712.57729868517
1782.9614859037,4538.29816225862
7079.23545915867,7760.31835197231
6688.19459119596,6955.197435804
1791.38235221962,8496.06460039871
1120.55087546137,3457.52221133846
7303.42206109812,7151.92688906445
1260.34844033838,8879.36675216838
7335.03605777629,7322.69961239551
7686.13942583278,7729.71283821496
7114.69870016872,7767.53282535729
7286.22094031221,7318.11845953715
7215.032637642,7051.49863850553
7517.20316526126,7477.48989807228
908.024207907564,8329.16422781251
2982.30195712547,7384.75904708593
1437.29547925943,8915.11339949854
6487.31484672559,7188.57527740032
7843.39122215816,7165.3978537256
7986.8490944302,6758.2093988966
6896.41307326134,7153.17570109526
1360.67468889454,8208.80745644923
7390.78798562836,7701.9506296116
996.351208178116,8839.96391049447
1095.21364282408,3735.77620890348
8093.0375373276,5975.09135549201
7864.36287646396,7783.41502450812
8403.4892481516,7915.10692433506
1238.52321847015,3632.90429738256
4052.34360320428,8778.26244337053
7434.07330370521,7377.65526067651
6833.16517495756,8146.28576770781
1872.80640581376,3674.15089297595
1731.41201537878,7968.28393197498
1338.60002035177,9407.0998747159
1455.79032082964,8973.77895612895
1750.77516041451,8152.33844588052
1108.98180963646,3130.63707972876
6919.34281838028,7953.0706977664
1352.12832839975,3236.36465176861
2217.66155086155,7741.68301732262
1514.57307049562,3619.93783808725
7499.26081416825,7995.9534363288
1248.17073300131,8347.74746489006
7430.97427898621,5530.11010612984
8990.18207117409,7572.3179426852
1856.15459388913,3515.95876852173
8332.30970093169,7251.64246290291
7663.13552335727,7704.77117098371
7622.35177149592,6519.54900629824
4305.90988610076,8959.82776104563
1169.59942874485,3488.16352312722
2139.03835708568,9176.43690980956
1447.79842349596,3865.92915629081
7793.86726315872,8051.42204569454
1242.30403054145,3909.18331135611
1056.14808087261,3463.28280410639
1779.49211329198,7783.44526848507
732.409959922822,3506.04155620137
7505.85538894183,7133.6732619868
7733.08844446772,7464.73308417536
1082.79084089605,8938.20238629173
1489.72127926639,9030.14357412621
2146.44805770986,7305.77468894208
3276.69893356296,9084.94518114203
1587.21272943345,5458.75873209343
1701.77968364791,4030.10490015842
9001.01272444775,7539.50204361467
6869.81426546854,6898.32277869818
8397.34851378085,5330.12079463441
8530.19266055461,7078.07635261841
7748.06311395186,6542.20498238726
2515.64201970259,3433.66075477851
7209.13508716437,8055.54191386836
1358.89613706983,3563.03478089345
1633.49548330291,9368.11672328214
2010.63518581364,9247.93459757687
1758.40118414764,3344.33001662772
1926.00685376199,8638.98505911135
8031.66153350375,6662.77947760635
1413.49458021267,9215.75746404651
7096.58022074894,7377.29612159897
8332.39288064829,6780.7823220395
6786.56871977268,6545.98401215082
7153.83497778245,7649.19435712998
1919.70040838311,9284.94431423042
1543.18338393028,4152.16978111347
836.523265849705,3365.35062622947
7468.38893605136,7232.43922384119
1663.88318150371,8788.84636851664
8222.46371387845,6335.66353413113
1976.98576304628,8883.71105335251
2073.33009856267,8796.79994192125
1378.0679738694,9208.89842478572
1748.63637280743,3425.62486542337
8935.584627407,7357.58603280535
6990.83365540286,7739.95923354302
7685.47157141981,8147.81307103155
8327.96921654422,7188.38571649217
1671.99522069737,3937.56827536161
1525.58276175828,8899.93189402161
1018.42465413018,9006.39306835169
1687.9877295645,9275.16256761854
7402.308228849,8291.89397606024
7622.24650313872,7489.91967916624
7858.07052715185,7282.22512680785
8469.44088166227,6305.1377426059
1459.93209159444,3671.46995380697
719.96691599632,3266.30773580538
7818.07150055688,7329.34332487253
1312.56480527656,3485.20221317578
7561.75756853482,7199.96438350698
1490.19233808596,3536.29475063491
1062.31538036758,9117.65435811614
8059.25864641856,8021.20184086
1758.00923512107,3672.26312887696
8554.5661987057,8487.11114811723
2410.76764728887,8161.43101054353
8659.11240792485,6626.92761742968
1724.81216029768,4004.59114983407
787.120014240224,3265.31977102995
957.070187373694,9199.54979941852
8141.53723775741,7869.3518393375
1553.80688598204,9016.42599193892
1715.95639992788,8481.33375952291
1196.75164299167,9006.34651741228
7406.20012704669,7939.42572193563
7691.27476195692,7443.14476416983
6971.79319158162,7050.81264930269
1000.6342551902,8803.91222064444
1342.2382834042,8925.19702551208
7776.78162551855,7628.47841028141
1268.0787811357,3562.31563654812
1996.14316084884,8921.11535061066
7961.97234457999,6941.05676063381
1403.19406261598,9137.01581953215
4266.76342832453,3930.04022220949
1737.85077696262,9089.93492929382
7593.30630044019,7308.41718613835
2923.64519003759,9141.57704400123
807.034956380752,3409.33316820589
1834.38807144114,4128.78817354777
7131.60960433609,7291.57683625652
1501.07237383196,4155.70290223575
6811.26592123447,9504.19002166993
7405.61947432075,7632.04015692353
7738.88178381954,8398.335792645
1472.01751864799,3686.28849073702
1509.19506884721,8871.74776897083
1909.910625906,9041.98891374404
7366.37245175041,7707.56415945403
5591.78006087497,7701.45504473919
1822.61065677902,9036.78591052384
8662.72526746952,7784.00747785099
7131.07625733905,7805.48661225713
1578.46448893226,3707.39261365728
7677.42151176042,7158.05904206092
1637.0888017894,8245.95273561968
872.639332517852,3126.13308563346
7964.47855040459,7255.787046159
6668.25634300653,8203.82593564276
1884.9067566912,9146.2338529021
1518.96335755037,3532.67553183787
9440.8853517709,8047.46309418568
1524.33907489279,8452.69261657715
7269.85715731588,7885.32407136198
1234.03804733056,3366.68718071524
9093.56290843244,7853.21159293352
7734.16251366335,7690.50691440909
7217.51172009157,7431.0798260786
1029.19061753345,3556.07913943583
1589.77567259928,3456.29345376349
1504.3055677886,8408.13322336937
1393.62450019938,4078.50583429765
1139.22638689874,8954.97759504056
7886.35065562545,7568.78884410444
7861.97604842823,7208.26635464651
1415.00719678206,3895.71420697324
1130.76097882841,3469.13719898471
6510.99143549843,6792.01020018972
1715.83498430564,3800.97762769277
7296.784382013,7391.75121391908
1973.01854168305,9012.17222996334
6496.04022351829,7046.75282807663
6535.69816959825,7075.87954862539
1456.71028847088,8160.28267582163
6575.42997538329,7826.3136253001
8494.85682351819,7169.58600520793
1237.39906429387,3759.91041762531
8655.23110064059,6782.14151072255
1209.01804689395,3462.19841157772
1039.86906251022,8879.79638220475
1619.3562946604,8976.67425963886
1555.26764544899,9121.17361091276
3110.63765551833,9157.88001031697
1632.74847098546,8725.07156667486
7797.58157543384,7451.80595864211
7523.53422117183,6370.12260676653
7871.42280480598,7277.02384490792
1627.29780302526,8791.39545107151
7350.67487091885,7055.83388108707
1969.81113407467,9349.59199210605
8105.08303518568,7873.0606655272
1233.40281517761,3676.90824216554
1700.3758253136,8670.86121693852
1456.62518479916,9261.60744434678
1859.70820554832,8199.8272571174
7664.42419955868,8383.28733145299
8573.31951576236,7029.89959968189
1198.20858385271,3500.61377282615
7054.33074153098,7732.45377449336
6620.98635452341,7356.90385940901
1505.97002913569,9208.23960028899
1245.08232761828,3784.07250604129
2406.74657187208,3561.30769234331
7371.46499331782,5550.96643750643
2175.31749693266,9260.65448799711
7932.22024770178,8769.677904989
6790.97035350231,5922.84878300578
3107.69782455854,9549.7557704623
1917.37825922864,8915.00954290591
7838.13867973852,8246.91736625781
8126.65411061825,8044.31896488424
7336.99588786168,7793.35598495487
7879.67459316891,8002.80706023111
7141.76325692735,8191.05074144178
7504.54970626981,7369.07101342308
8488.76028044843,6896.98134519339
1370.3755443684,9385.44452794582
1336.21563318344,8807.85863261197
5615.00418564399,9502.99116076103
5657.1040886962,8709.28379655977
8444.87882367163,7693.21738773298
1493.52352216941,9191.86274100758
7056.10692539116,8336.24859775074
7141.87237244405,8006.12534194071
8874.0059864772,7204.65193316516
8556.23090731609,7242.0370880311
1422.22093278479,3549.35788732312
7116.98527879953,6858.75832158954
8752.34814755176,6516.59880551584
1185.13997884742,9116.36509100677
7269.25887944469,7835.34512839809
1624.79641122344,8218.46482224239
6781.57035097126,7261.14977658337
7143.49429038263,6841.40298785543
7631.37785796469,7770.70454142742
1657.39636738777,9088.82000908302
7244.05581587204,7814.33288151226
2264.7526800391,8734.19174719005
7386.94425964103,8211.62598246803
7945.3521060505,7091.88690008594
1382.67514713805,3965.78040242638
627.004441278407,3149.46630454064
8259.66938791086,7930.2655866963
1521.56593962165,4265.81670812598
7421.58413073496,7719.19889025393
1172.69426834825,9129.64624093213
7663.14650268829,7184.46560490863
5936.25725787588,7882.30165181349
1713.05259716447,3610.71299181931
1247.75995489498,3605.46871026928
8233.80808737514,8063.6498817811
8318.43631802624,7970.42031289928
7295.09573965671,7286.24909930044
1131.68545567738,3632.0453463146
1078.21462853091,3394.41084308145
1427.2489117746,3628.5635119138
8300.01904190724,7236.02729614232
2075.5867455553,7237.08939022167
1628.16109909327,8549.73038316706
2375.95262514912,3287.55899395923
2135.44272934761,9299.85342153286
1593.20622092835,8962.65101887363
6913.54930161902,7547.30898348661
1904.54871238563,7893.19644524341
1721.10592490268,3766.73626298668
4057.54050112878,3579.47529152502
1999.81894329115,9073.2828953308
1170.06888451079,3170.41094211113
1391.80632754712,4085.47600240242
8806.60424190268,7407.45205690015
3260.05095484966,9207.00034369341
1421.21757612865,8287.42751082932
1432.57267898645,8468.51589831982
7139.82235947294,8254.3433939247
1386.93180221776,3687.17551106666
1215.74021199676,2667.64581927699
7802.14260467174,5116.37653572114
1222.83651792638,8766.86110303334
1283.14683266062,8582.54828630007
1376.06018043405,9142.87816044249
1656.79022436454,3608.14856234863
7026.29688812837,6051.17702973585
1525.79284903755,8962.94188197317
969.157222725756,3448.1501583963
7464.46154134341,7074.07945670571
6827.66087845118,7612.82782919217
2924.72520817543,8710.3839688093
5446.54737899644,7448.78425057835
6930.61981290307,7964.15652530868
7418.88804189421,8285.03065379085
874.031452959546,3533.25384270906
1683.11322000636,9063.38085583433
1999.10640198761,9346.65464073161
1336.68288051196,3323.66205814904
1634.57231990031,3885.78153439
7914.15810221652,7560.603525264
1714.52665675831,9118.48523821436
3020.81316213432,4127.41407062674
6682.86672285642,7783.17801153016
1380.24520197001,3837.70383703307
1491.36601569716,8583.6671920237
7842.0910835356,8133.73438880892
7309.39603090983,6993.51927397712
6544.857146901,8020.82995173518
8070.75774053032,6667.77640397255
7104.69818957774,7366.10242485669
8004.32400271978,7827.83714954659
3208.36872292727,3750.70520412858
5518.87024479196,8970.30153792286
1503.23357878384,3141.40286312882
8159.2581703379,8064.31332454441
1395.33213206087,9027.10957089003
1596.50000043162,8520.85776592205
3331.37851513249,4059.94817942598
909.439890207058,3102.03199994267
1360.33711438814,8884.74695677508
8288.33856155453,6840.7508768413
8616.21776928519,8237.09506922815
8311.22132525442,8806.39297900415
1269.59423545706,3802.3318130187
1272.54106585754,3603.96526995615
7433.43454996747,8721.95236925566
1106.01331921926,3666.07585618741
7938.46628801309,7607.11637487933
1324.20247421629,8838.48366337867
1443.6819037141,9156.52379447226
1398.93713787331,3424.33843171977
1424.47008625132,3780.62596400792
8690.55024011177,7921.08042970106
1702.01905629562,3666.60166250437
1051.46104318273,8593.72410868257
7231.36549624436,6775.06563699793
1743.75404752997,3851.20747001132
4089.18461102925,7873.04736084074
7702.04636474117,7590.50577297763
1123.64503703672,9145.28700626607
8549.76251208019,7152.43664174129
816.260620900525,8943.22393009616
8578.19413441268,7442.55914931602
8159.57014170376,7983.77979456847
1579.42150672208,8882.69711019792
1943.10711152018,8417.45990352319
1885.13188548965,8917.51833853644
2412.60006919269,9031.79402470084
7128.85883196807,7926.37682237711
7274.9545564652,8149.59266636641
1406.50219820803,3788.35540402156
1566.93125582283,3514.35495634788
7470.4736685239,7775.78247949674
1561.876896778,8920.49838921332
7464.19967498493,7931.08274193877
7648.59807723538,7513.29883667805
1184.20796541367,8734.90339310278
1534.23686254723,3511.51625530738
7830.11797385581,7685.40574921406
5652.33927389078,7297.0760450656
1799.47118325307,8776.69726598306
8895.7889912497,6744.51502447694
1735.83592685096,3885.4541407381
1779.22390498186,8342.4082310942
8351.42311161848,7179.17626109633
1371.80436407972,3788.40123506684
6758.2868904179,7876.28801330607
7632.66454204025,5505.50187111626
7561.43647755232,7670.86078087377
7421.24701209425,8021.04218872579
1293.61048877623,3420.4211880283
7630.03633591225,6917.8744654216
1332.28896548717,9079.824142108
7403.25391376696,8144.07330569625
9497.13020905963,8626.55623282064
1491.51240672454,8967.98417836694
1652.74520149011,3689.09326170761
6945.48576835426,8157.07937232932
1267.29470245932,3047.94395035263
827.106103706276,9027.85575746648
8696.08256364311,6069.48341137602
1020.65720141996,3627.40796976364
1562.3952231193,3879.62081764834
1592.15448998779,3622.52503311074
1151.68198816974,3886.47989542354
8024.92026686118,7616.52520461044
7299.59274891196,6857.14694409558
1446.86734458015,9314.70358180355
1729.96360893203,8943.27764431114
1649.17870717957,3532.63905824019
6270.27464883931,7349.7108978436
1531.8771101136,3729.42987733491
8622.13434326893,7495.92971368399
7874.21403413057,7753.11978055112
8786.26043606197,8122.6696573572
1672.98797127116,3729.34683692367
1639.0314113593,3366.68584888255
3033.54840632205,8903.67520298364
6078.14244875117,7451.87612139135
7081.89848315667,7130.57544000857
7811.05839887093,8355.65848120269
1222.10349175139,3735.3624597761
892.081399571865,3265.90489020285
1742.80043786865,8371.92963084301
6571.41025657982,6501.90959546262
1811.40522148721,7268.42480398805
8864.32265146638,7643.5523140707
1750.03662737003,3703.82327888387
1299.96867920733,9081.94402679014
1833.28284847254,3921.46608563722
1897.1352755612,3645.65682712199
6895.1099068486,5018.19202075825
6685.24339765438,8595.59008284276
1192.0976300927,9024.20143329816
1334.110036791,3633.47925584173
7026.2302561829,7200.06778456253
1465.90928228891,8984.63646478419
1328.18925320235,3795.95693920482
1157.5122212167,8072.85537025013
972.447635144768,8958.47116849969
1768.5127716205,4552.07270510559
2142.79816949662,8518.07899497548
996.303243979376,3532.31385596822
2844.96512272433,8863.46257778208
7670.33691018935,7625.59143112091
2816.95929446571,7104.62305243914
1410.02020582072,8875.89900366219
7285.29485450296,6898.49816295267
1376.14706371469,9047.68027500679
7387.30632705513,7431.79530886893
1852.32853310965,8320.91308302742
2244.85966819989,9012.09500874313
8235.69343672646,7602.07423034974
8181.77757870608,7301.80405325739
7237.84276071244,8312.83415368425
1408.94635605317,8306.6935509937
1663.05544191225,8975.00680718594
7727.97524676615,9225.59678898127
1362.44357969586,9124.37991121006
8354.76569709071,7786.72518926012
7345.17847935563,7156.60039420728
7471.83812823917,8181.38625931243
1554.06049803345,8273.93854452505
1715.98428648675,4065.80418862477
1007.3527807672,3301.54584089494
1515.84197793631,8940.88164648103
2655.36499323615,7961.00143771042
3089.07833904244,3842.41669517274
1515.12092250423,9051.28145930771
6382.02037478281,5693.93996326033
2179.04494162185,8798.09623852752
7482.25580434299,7953.32534231417
7221.09157941302,7258.66933131654
6933.87825607289,7471.67379310752
1547.86556621285,3621.13369631
7522.65294140221,6865.27045712749
1334.03252679863,8346.81484306733
1469.91779639075,9239.14277185771
1668.61618680544,9086.07306197995
6739.57694464961,7908.94753709218
7510.31511526395,7719.97443494145
7822.44516244053,7565.09492078681
7406.20362168002,4752.88803976934
1674.46325437488,8753.90531535231
546.486320092172,3023.62051959008
6017.65856943233,7458.62877033965
868.193134404866,8829.61013308321
1865.42899439414,8599.58939499795
1581.55548618352,3382.18121247639
7621.62788414761,7169.66688109839
7414.03706055511,6087.09850065545
7973.09334172695,7541.22973678824
2040.65294089835,8534.72557395782
7293.44171808606,6860.75992395366
1818.75211106492,4529.14865291919
1868.31180024716,9158.94827490649
7569.07638391986,6829.89857850399
1424.50173987248,7210.35151365318
1462.29001941508,5220.41313417351
1360.70451578239,8159.14280291568
1197.01012949534,3457.63695249052
1210.20862461301,3407.80229319033
1678.86993160331,3874.11910751936
5019.83292744424,8564.29667162691
1121.10060880934,9003.56022372475
985.031787753399,3171.04143081547
7639.61912640047,7063.8070513782
7744.3434640285,7296.84415234938
5887.81241979892,6078.96752155913
7353.13372883259,7464.23480609791
1287.12294126928,8197.98584820727
6294.6385650718,7058.11720244751
7095.60986640716,7108.80902696317
1116.32618421684,3515.35125310618
7749.52444328349,8083.5188682557
7656.33659240371,6696.83201626011
881.498547266046,3441.97405935819
4415.7718951452,7923.3088197337
7728.30551402706,7716.123207796
1511.19518604331,7516.42121831643
2380.58874650079,7215.06374033348
1335.92521165174,8850.77355288257
1455.58713990328,9003.10065642949
7447.28272383041,6434.54012256224
1627.48814631407,8867.4601632559
6881.34572544913,7292.07982794123
7308.74381327319,8266.90783273381
8267.12233857831,6316.8272763739
7984.62626133942,5548.92409602665
2445.5870008505,3454.03229903486
7840.6285253492,7988.6376870891
8457.06694840747,8345.41149607225
1168.38945385729,3549.59022232318
7252.40211158186,7157.31721082753
2066.86281563557,9058.74058539365
1278.631451857,6216.77098748796
1730.54480738789,9031.04622268951
937.464041609512,3197.62096820784
1277.78948368686,3636.2123957646
1134.07147934141,8219.66316772377
1235.96889884905,9224.89523685328
7141.48228211042,7702.5661808258
6161.94396508902,7786.44481098688
1523.90616527913,3264.33635664226
2237.39852824278,7478.04881431469
805.806578494866,3301.61376260997
7754.34286357161,8005.33506937403
2010.99597668061,3590.69446326896
974.463616586239,9248.50558925854
1902.87141731837,8452.87511713402
6815.41236928152,7147.6845836138
769.377434172701,3015.95663967164
1676.23046328415,3720.88178608648
8441.79891149257,7208.38871906205
7689.08268068456,6874.36458327028
1238.24792402305,3362.81379691118
1748.90083630152,9468.33585803164
963.945533520814,8946.97051345634
1375.78055145708,3495.11007347423
7716.19888833336,8044.85188520261
4572.68060933147,8227.57390956568
1414.14176189703,3518.56741209099
2003.50644062951,8936.89328142385
1526.81309849989,8849.28157691348
7546.89954850652,7643.87366888603
1870.27826660519,8808.9647235393
8773.16820777316,5243.68401622484
1331.08065047578,8418.3244106969
1578.60261552477,7753.22660110492
6814.69467249047,7898.52601281303
7322.26339165596,6764.19471985644
7888.7428224853,7902.18563436043
1703.46127180821,9001.49056470519
509.3487659258,2923.62641842417
1159.57231617764,9109.71483434395
3769.69687601602,9051.08696929367
8221.91367857267,7869.59467742527
8874.63209509299,7461.22549706137
2227.86200006507,8999.60914803577
1056.23423896652,3350.41052083137
8016.78373451261,7783.96809145647
884.458170266435,3237.79973276358
1844.29691285819,3732.98020551321
7107.46705600048,8153.75021968752
1084.82620017854,3331.25186179985
1246.92718162124,6964.52298789646
7871.32548908157,7263.89256518768
7107.65558692967,7686.50329303471
1842.85892858492,9059.38232665565
2801.77305657889,8814.09880510638
1877.62622763957,8319.99832223478
1755.21690842202,8034.73745443925
7392.34009220395,8160.73246157825
7847.48970303075,6131.61278252499
2545.05609815243,8049.95519428375
7324.72134526198,8132.16039151184
7598.01903876122,7612.1932772321
1489.58315541976,3532.19336892829
857.568665023113,3196.57068019889
8180.45310965547,7846.13860614156
6931.375013188,7600.19915249243
7633.89738176864,7168.5983133715
7132.14381711822,7378.11193142945
1431.55559243631,3275.15118929767
1297.98570412083,9125.882594366
910.197377138044,8824.7940559679
7930.20210172955,7674.18380540734
6361.94598208656,8023.88397687698
1223.28860633983,8859.38744833112
7996.0450817992,8163.82362983949
7331.24256034091,7950.70284445696
4317.75103013199,8367.08470323811
684.356467367708,3036.73219181032
764.689866648341,8174.26081965425
1969.25813410781,9000.24430935628
1678.46621123674,3771.042920034
8149.29991948844,8002.72643823272
1078.60057050113,3736.71288610006
1178.84183742899,3786.90254869711
1562.60735609639,3718.83042048741
1336.25055226816,3556.15380111081
6650.03671380931,7878.37879824963
8484.68639906735,6734.03465548287
6513.97072289456,7054.24309001674
7646.13282785861,7485.83830354101
6270.47948567809,7229.04164473578
7805.95630921381,6873.32840301438
847.579298774897,8851.34178931909
7362.8864069732,8325.43485236512
1904.82682704945,8955.86536420362
7684.35303311015,7747.1048907069
2612.29229709664,8736.49693591531
1733.3857459906,3592.70757860189
7079.11341474076,8065.83436970065
7131.46088470894,7360.77687532541
6283.40004379203,9002.76806928728
1621.96490039473,8997.06410914439
6173.43691285133,7353.93231368315
1850.35780881765,7573.75388221717
1643.71862734833,9344.64640375465
7417.28327048714,7938.53885418852
1453.13234591278,3798.15279283635
1127.60981627115,6924.50974126884
2122.98505619006,7452.35712348312
8370.51687836754,8227.26621382798
1459.74770385538,3758.60973669807
1057.72279411988,8959.34367055126
4834.20717758073,9135.26905120149
8775.44143688894,6615.88453105323
7794.48923639549,8142.71990868401
4586.67760363906,8728.66095128925
1998.93759723515,8292.48647772649
1254.1168374577,9074.33305308053
7471.15299798507,8444.80640274869
1614.40064546383,8913.50406412681
4137.73285194463,8843.39144071318
7650.63815579233,8524.73903488061
2230.72771910242,8980.21176878907
774.981062702311,9230.76010890928
5995.81462914525,7193.04769529083
7046.10764293121,7940.85428268742
8137.03849040625,7328.0523668812
7574.3662781484,7131.99056136471
1654.14767368239,8657.92413044167
7295.7763766634,7082.07696119151
6590.32109959402,7062.16043853979
7657.63533248716,6451.77922639971
944.661372060312,3357.91474736925
6726.32425171936,7232.03345268601
1925.91432498816,8776.4496576791
1541.40554354875,3765.95568468769
7867.91580778351,7261.36166193675
1124.68237959596,9283.03755000538
2130.42503636823,8335.74775476244
1497.67235856897,8383.0431504911
1489.13716667346,8825.3656348584
1682.82426787424,9024.24114526762
802.799221340461,3132.15325453533
6741.19091157332,7544.18354591997
1505.19759128636,3560.08399156051
6787.05890008971,7252.80567969991
7635.47166038812,7855.0412251712
1016.03688071278,9220.32195387158
922.33992513168,8732.57926540963
1319.67353870115,3040.52805052208
7482.74878257065,7481.38189456095
4751.92181852401,3841.54894542218
2131.27495236585,8980.54769631316
8614.47151132656,7347.44977686953
7500.5591642802,8146.19578592673
1561.4232508963,9169.17207560869
7901.54772357769,7361.45188831548
2895.77886344675,3329.70489084684
1814.0181268673,9084.97315792402
1138.66850338445,3734.62914918247
7226.79659520802,7378.72754177037
8054.87825847137,7889.65797890161
2388.13137533735,7893.04026478487
7535.20432705435,8062.47763098973
1162.67563225165,9056.58111446535
7048.14215742518,6975.89122824928
1196.48507839191,3642.37811881266
1100.00773810753,8426.23053180488
7020.06368691267,7642.76178657864
1440.67770830022,8956.77888560677
949.618340168974,8888.91096120791
7249.79910729603,7189.46762708626
7105.26669204236,8157.18331518313
7339.49800469467,8215.49257865692
823.811947578082,3098.97919087546
7871.33727331652,7872.26981640033
1333.78615424487,8803.57089761524
2209.45361258965,9167.74580019708
8291.39888046563,6397.10175627685
1409.25084784593,8854.2933247348
1310.83065969904,3632.05940605548
7018.75562178113,7565.77804449469
6682.69484283941,6559.3084664891
7812.22857633463,7592.12591666572
735.529438457009,8696.11565460857
785.031017560072,9091.07911350716
1403.17739990091,8933.94688879558
1747.64152415354,3689.33670766583
2019.41924465134,8292.40110656007
1860.94710654988,8718.66628942824
7402.60542385209,7377.63907798927
7590.94423709237,4989.7621201569
1068.38423206605,3604.36759181738
6132.55131783225,8201.94945622839
7365.00850248411,8370.40413026406
6968.42221194117,7484.30183555178
1432.51433051742,8512.24142234516
1330.35414043302,8070.74638270487
1067.11493468632,3361.08160198341
6668.1325450771,7132.52842749314
2234.62402852053,8687.32427734767
7604.7609653561,8240.39916795812
7641.60661572271,7381.2609750414
1840.51848582584,8733.3344599199
8718.7018627916,7382.30942190793
9265.48736955049,6733.60064452209
6682.43648168174,8314.13333279089
7212.66396939498,7481.90628434006
1600.17978679687,3956.63512005572
2469.37943584193,8007.2144401997
650.353863095702,7901.31673607828
1496.32525649746,3820.24533010504
1512.4786550368,3381.86691170319
7183.06796393204,7132.59224802872
6614.35450331107,6930.07318980972
1301.32414491285,3332.20445771943
714.851602428438,2793.93888922497
7367.17664032429,7279.96735238122
1678.37257289766,9242.53914671997
8642.31162498718,8113.87335552189
7716.92221331111,6579.81888309457
1276.93694531765,3829.27345485233
7363.38343117398,7258.2240205946
7604.3785261923,8517.76181432731
1673.84807057678,3582.56687795273
752.003630099868,3161.30115566252
7821.43699982135,7720.65876371926
1616.9807437654,9078.92353871359
7016.49405209494,8105.9547895736
6609.18519991881,8020.75693729391
7305.01506906323,7264.20680839288
1507.01966065249,9086.05564488934
7379.74108024726,7973.0546001331
1814.90085204371,9090.3152095201
1055.62004235834,3545.53638370181
8364.06177090529,7947.08231128499
8358.82308091863,7561.98543451505
1336.91991386232,8891.69555876186
1951.83861397492,9086.59294394421
1451.29634000782,3653.47134232164
8285.155186386,6326.80093881157
1118.9060023303,8802.95418153325
1851.20316126078,4122.5342018029
8259.84311097258,7627.53481443591
1313.88143936298,3419.84053181185
1337.87508292095,3735.56692452108
896.01300819183,8698.02768858051
1037.8145146939,3734.32496637033
7600.26848805888,8021.7882835443
2983.50415717277,8073.1763575503
7710.91472889526,7714.16648526922
7749.21941421551,8133.74818080899
8377.21944476756,7972.90538241333
7198.55291599152,7906.3753317322
1131.41753331971,8865.39006414776
6720.87671381947,7487.2089743086
1754.14298828761,8565.07144664093
7377.14292587247,7973.12673181937
8800.80338653706,7833.17669273404
7119.41524701276,6699.91349197489
1932.78917657113,4053.35163929398
1517.17147299715,8923.62456618784
1497.16717030858,9106.69036752947
1154.36199274477,9193.57725794252
1670.08752579981,8195.8154847626
7484.19171771825,7488.69799702136
894.628316028269,8386.7828540199
8291.92220040666,6926.61251170995
7939.80723150417,7101.37301665297
1501.24105102403,4079.90785010159
7518.74317816416,7805.98972287212
1654.53449511769,9222.41282466171
2448.13897684103,8824.77568163226
2184.96745648898,9017.68585436078
1416.09742447374,3967.18377039733
8171.06600440191,7525.7974010364
936.518103393472,3584.5776817026
1176.28772630648,3444.22620252065
1757.02817058165,9075.18631375887
7735.55651252313,7940.22642532723
7301.64576704496,7693.55529743138
7559.33342092941,8115.63590333074
1912.90708357715,8257.18459099938
7155.19194020313,7784.0262174935
8247.35477963838,6981.78923736913
7807.36172881424,8178.33999087652
1426.87238325256,9059.55339734968
805.02710412511,8572.63059100574
2167.44446178488,2887.63837396072
1392.6731590379,8253.60580890598
1754.84445163379,8900.63107840042
6802.14865915821,7841.8483868922
7624.90002904432,7546.13977886791
1438.23725809812,9086.70145284371
8095.04088674778,8369.89636132253
2383.87378719244,3886.07174994483
924.266232324804,3430.57397149876
7131.83937141808,7453.94325255948
896.261292339055,8827.73805751976
7353.72730286818,7149.05223376038
1463.62037783114,8951.78521440224
6583.06875959479,5427.90282719457
1834.98891323283,8136.85836498208
8874.08730993722,5842.31380756346
1246.44650997208,3501.86291726151
708.850419252284,3283.22533320507
7000.52370513365,7770.25943760377
1340.79508949711,3464.78850521804
1199.96918052123,8795.53029388562
6346.81323055675,8993.94058627109
6758.01746984294,7566.29437000161
1976.91111202721,8283.79044700308
5831.98624657762,7834.78696779004
1041.5797688796,8983.02778105414
1394.93998070352,3613.00054169777
6694.08008261053,6785.89930342933
1876.04733489253,9060.92838982527
1452.99503397672,7638.9681151096
7580.53037187445,8025.329170914
1685.11221326113,3989.6443823652
2753.48023419836,8790.39413400846
840.721548759136,3287.78542070594
7391.35371026601,6597.5339609861
1619.50459551065,8645.5688554254
1481.21185355171,8048.32528174886
7131.27926601804,6921.72012851685
7575.36637121116,7669.47377114178
2057.13529269455,8898.75855866342
8251.15945437236,7325.70795752601
7310.12000137746,7584.51146740333
1445.37515266068,8951.78821416349
1981.30887652493,8091.544624692
1837.38189506279,8990.00485740331
1209.24102213786,3631.06504317062
828.137396354882,3278.59012450833
6340.14358904999,7773.03954893737
1356.58310943607,4052.06636655061
8044.99289674004,7711.24950796733
8924.7335206918,6907.0272554394
1387.45102205942,9162.55321297499
7761.68976443523,7509.84442441717
1584.34041365307,9326.24493171132
7785.74510415784,7550.85862937532
1262.62826108486,3183.80624185467
2222.15696234471,8158.02266257046
1392.24995546125,8928.00248832759
9233.38749511688,6186.25960988309
7686.40842909374,7719.55371724212
7713.39680315374,8061.68202644746
1352.32046716124,3545.26191335889
1180.15410348048,9120.25073056405
7501.21647731711,7776.15659422753
997.841940162521,9060.15715854795
1026.69411414088,3424.23364006935
1508.39752627958,9091.46577719416
775.813376301912,3196.25906603612
7178.6596752197,7149.18909687322
1580.94289993516,8487.69641380142
7593.59126951644,7428.81727589166
1747.93834497178,8185.1866152894
8022.79880364121,7742.80956958577
8140.63015857861,7141.04173152447
1673.74572327405,9255.68405199718
8972.44789231247,6528.72102878978
1454.98787031566,8436.88635000246
7493.6672643569,7366.01117862126
8057.82699524146,6654.53376049867
6658.49765020247,8119.17863354465
1475.47000817657,8664.36246135609
1634.16734278687,8950.0325461161
1661.83386964545,4110.2811336394
6660.56200139036,6636.01876589934
7421.16129668552,7366.75472520996
7330.94125500017,6862.18575986396
677.73071117896,9068.35764218217
1491.22756044223,9071.92996886952
7294.16980119962,7706.34294440361
1447.28390205222,3575.16990425433
1782.86736420687,8754.60447454032
7897.99948144024,7732.72773027553
7694.28304041526,7677.56837659308
7452.23035283916,7088.57769470954
7538.40276821656,6542.31620789113
6764.88860386644,7042.97174325056
1246.06811103024,3502.96909953114
1530.90641933559,3767.79821083996
7159.69542516625,7959.83970564071
8195.11362689329,5844.12955789841
1672.31101078544,8878.4054698076
8144.15696506013,7219.90320522406
1271.63161759904,3485.68825791686
1496.21379965421,8572.55146714613
8191.92084868585,7517.74866707115
6952.28302067683,7324.23012102235
7430.89355611357,7963.16249909411
941.177439998495,3376.07022237045
1326.58549799817,3524.87861888571
1234.40866677206,3566.64818633034
8282.7237038741,7450.00947941639
8054.36548225644,8233.53276504605
1884.56503002501,9073.29455126989
988.384539841989,9122.04992396634
2181.57997759057,3984.88305246943
1270.17061067643,8986.36214557591
8596.66126714628,7482.95796007444
1895.82751339253,9251.62986585676
1268.40940803855,8945.78655844974
1407.90064277854,9240.45623755012
1362.11484900632,3638.39413773271
2583.64525157344,4443.47205019012
1202.09249962292,3301.71123781984
965.207163980636,3258.69303134009
1267.68564570701,8576.17943162003
1921.11648583914,8214.64557314956
1475.07884371891,9253.15537429181
8391.42875495921,8201.48542628556
742.116403373235,9255.29440632679
7981.53593216849,5726.494361868
945.511308834555,3358.71528244833
1817.8052939939,7883.11425558021
890.317310111126,9046.67203037364
7442.17846614615,7251.00103878297
1575.74685280885,8991.7238558244
8214.28992887695,6087.69159214194
1401.61543534381,9050.82859425278
7415.34569879221,7624.12314515257
7265.61940290731,7995.73224725401
686.663528004322,8819.24712523761
1362.75584209444,9040.88818985344
1326.7330762889,3737.09288204545
1565.76723993167,9035.8678506708
8907.24431876136,7725.02715777992
7405.5527477135,8241.13168441357
1331.27733249884,3642.51330658995
7409.85943862379,7872.63491686024
1145.48637083703,9043.06791537567
1644.83336353809,8666.53875231356
7661.28344279044,7812.29936107591
1062.10655888153,8376.74334698283
1466.73979399762,8891.6055222724
8143.77913671867,7644.52772064964
7648.3273640243,8342.05233116996
1485.40570029964,8508.72416279083
1446.70521269808,9366.80778996984
1438.60302577914,9185.49599096244
6779.60926019636,7159.34011811807
1506.95075617218,3255.06122042603
7087.85048957867,8081.04787999534
8666.04016222531,7243.74910986754
1209.06070949036,3616.29925180128
8288.37923356619,9083.76739295748
7032.03627077778,7318.47084091451
1159.03128726691,9295.24477876296
1238.74747525886,8937.18225212136
7702.35679729047,7254.46632634701
3859.63533293434,4133.19518180598
1022.87761518911,3411.52174622416
7989.1251566232,6467.88392516138
7756.79812117814,6954.75908919629
1170.90296398075,8622.53610446106
7448.89309431666,7560.01733040768
7546.5594575321,7931.16896129859
2821.52830678407,9251.88675827707
1264.08792388606,4082.37623160816
7093.19872886666,7518.01482052173
647.639999623005,8827.81847354807
1089.37519644025,9007.71030091012
7177.60900109468,7858.62260576417
2385.39128031087,7632.10676526123
1610.31754998376,3884.54826519222
1473.60090650251,9207.60049755291
1761.74152716874,3683.76055627361
1724.16480304258,4537.19608403211
7921.56161511284,7799.11310283717
1442.00871999234,9099.74336103783
1453.7327362713,9016.10721118586
1071.69161584175,3410.57363198929
6739.15132658245,7166.08454025375
7222.77509633497,8083.36240083674
1720.14897655486,9144.28411077951
1500.27031801951,8885.57759988121
7311.33975698969,7425.2557621445
1028.27844931945,3489.99914110449
1303.43243283687,8865.41953159763
7912.04086664936,7024.33338482206
8323.97359283689,7446.01617809477
6741.31607885726,7719.0742331648
4008.00624386834,8287.84772814874
1410.72017962139,3465.84773368138
7679.61293055256,6801.59517319863
7477.13578210996,8421.76737386739
1315.63872591821,4718.67995785116
2235.34705420777,8983.75090865066
932.592341042251,9235.6551490076
739.579558358022,3299.75638527326
2296.3543251799,3941.96910784996
306.987403898428,3011.96629047872
1467.68359740129,4188.94975684983
881.704989110843,3218.8039649818
1721.9672359614,8722.73716466354
8262.41809678922,6938.74028151584
1732.49534540956,8742.39860214534
1537.59565154761,9105.3099988204
6052.21249590051,6171.64139019782
678.930721802495,2933.74913005719
2506.40637173742,8414.01901446151
1811.34673105153,8659.7978046037
1533.58383953579,8822.440437901
1885.32027982043,8933.98925396594
8374.8915477646,7798.85482366085
6748.39421853613,6934.79933511457
1337.46785539217,3408.58932216252
2295.37408235669,8725.75508854484
7623.06498938371,7616.60355958388
7477.63883117589,8100.66616457105
2670.23053703498,3593.95347495926
1702.01512769472,8976.4712106164
916.992837817277,3214.21749661695
1532.61805458537,3745.74225458113
7938.31702318307,7721.15955760219
7601.6549083768,8352.34706651368
7487.67739618763,7197.77250329811
8152.62208311462,5851.09236391325
1197.53644339984,3473.72929758599
6480.95118422384,8090.47613227227
6456.10052242462,5326.0056772172
960.085128594401,3301.54414426813
1836.6998479826,9473.19177649455
1279.09150825358,3828.38951701755
6861.69496238759,7810.2487145543
1450.89787339663,9110.7893675851
7435.30310177446,7322.37789995963
1415.93164525569,9111.00464152174
7149.77303572746,7531.20675648233
3939.30960283392,4045.66444191434
6395.86428305555,8466.25733978071
1614.03595449244,9288.04775631736
7498.93066949521,7628.10947183191
3045.00592667648,3955.31013783502
7404.00826088156,7563.15669087235
1132.39759853425,3572.23185020935
732.088142216049,3376.16182481821
6246.06625901775,8602.64156235212
6724.70052280989,7642.9026778283
7744.68139672278,7701.31296190165
1136.80782325049,3024.93784891196
6574.69155192316,7208.90766114766
927.377247656047,8927.98069722612
7891.77093180529,7800.79178532424
1668.4176967509,9157.80024033009
851.947708569827,8998.60297181385
1860.6521004695,7830.06173285526
6869.14951308979,7252.10571881422
8456.19038480777,7680.49274758598
908.18151026809,9284.15084315062
1470.50982719659,3841.32396059679
1181.21363862697,9202.11013369498
7991.98736243254,7438.32926693582
1348.01035157543,3784.43275358522
7287.35974478852,8158.83228076321
1572.18065914809,7203.75557271187
606.831034049168,3336.03636225665
1223.09543113518,3381.02812123445
5640.39602375795,9041.95149418601
8659.24302473116,7849.39201948165
1361.86671258211,9270.12348903602
8151.82127272592,7114.09938080668
1144.83928072285,8175.06915495375
1017.75854750663,9440.57329391641
1420.85680945668,8587.95122693893
1203.58655055118,8846.99039748724
1066.57247301642,3648.72640106877
7700.37265795884,7350.65209436512
781.744862244739,3240.11170485734
1858.0745941785,9135.09936281392
1525.44252424995,9006.97970217479
1058.18238384743,8788.5870149963
8942.49108682619,7350.72437512771
1121.98716739082,3632.66227603376
2348.47207385236,4494.95760669434
1126.82559169933,9147.31715577187
1495.68933882678,8741.81311938269
7222.71849541829,8292.28087696749
2170.94834813805,9206.08980490483
1655.83855102018,7885.37229264202
1424.80949910005,3892.65824946171
8544.56665162904,7897.42653199825
2028.9685958731,8768.38124607731
6059.66182948486,7802.67453932718
1671.48841305423,4625.60788868967
6289.3663862827,6986.64582619618
7515.82138789214,7407.83309841857
3718.78829955375,5738.92964364987
1229.62620382,3518.84279288831
4526.82461583036,7196.49637869932
8070.73525680891,7436.03833095339
4268.14661034154,9019.0436125794
1456.19620411984,8969.57285361118
1623.31527840626,3982.72088788912
5036.51829221746,8736.17572250132
1508.41512981385,8779.46529643808
7355.21111538138,7337.36167407866
1486.13025935792,3709.17879993996
1442.292290541,3481.19200081638
7749.59147185913,8089.99738973636
1535.21672833088,3930.53432240138
5198.6545213106,7397.46074922814
726.524439960579,3490.18068495723
1305.41487090031,8404.11714571591
744.218550141604,3466.20822559362
6919.69964786818,7054.69296481926
871.221796781211,3353.40721195383
3304.09891398387,8785.23353219882
1000.74219671076,8639.5012934596
693.596468483822,3456.54038458053
1432.63029410438,3741.77651491065
7729.36640558119,8578.93850456034
1601.3026034869,3576.58693053667
9312.3848447994,8090.98794315876
7349.10006840695,7493.44412845743
1597.82270869938,9137.85810630534
1364.83483286984,3512.88164979376
955.556440935969,8851.57812927976
7020.53364119811,7725.70901977386
1234.25037382025,3542.90156944893
8594.22191069458,6798.78431733917
1337.74920020647,3935.20625247865
2080.3994701087,8258.93578959258
1051.04382303897,3380.4813161378
8503.14973122779,4993.65121794073
4743.25318482874,3533.93141181332
1102.43461354841,3155.91478789999
1960.06979022203,3569.1384701087
1023.82361478229,9254.96691644969
6642.02494024796,7304.89487303507
1412.8423316221,3616.76753799933
6324.85954648008,7345.46028972588
1646.5208992797,8687.2297065834
6855.93127939155,7235.22877562881
7739.11979114786,7881.04001454885
759.214700177363,3268.17592975931
8847.29848486031,6273.15350375431
7441.57323541524,8523.15753977357
1884.86486449683,9192.22364848986
8812.50484938629,7084.77708852655
7508.30971889543,7219.2955127132
7804.68756692463,7442.61384392071
546.885418750612,3076.20367704277
986.157063019678,3531.55604855884
6473.74531146163,7489.48201440797
1052.50709259148,3697.95519003487
1647.22350791243,4140.80845639625
1521.07097880737,8937.60106792463
1862.02070436989,9164.63205358331
7155.5842366404,7204.71634469411
8083.82286054581,7813.39190582856
5192.95318623679,6928.43725621985
6298.69044804894,6628.7021415405
7688.06279838194,7103.90195506558
1692.65433842778,9243.70605303159
8549.16114061168,7325.08843757258
1826.84587312689,9572.38731890808
924.433348320148,3222.8727208888
7400.85607592049,8157.52682731518
1940.16555252562,9222.91522436433
1795.70225897135,8882.48413572219
1574.41390542527,9103.98455502207
2218.74412255108,9187.20136359749
8066.99552458351,5004.62363659666
1174.19161028525,9002.28963130447
1540.47146763339,3664.6398178155
8262.49152000556,6780.65485511715
1784.34144315249,8828.04166324364
7363.50621355158,7623.44674788454
984.405969391456,9192.54073538678
1211.22862741433,9385.66274991375
1255.93946911541,3488.07339965008
1330.59928968866,3469.35203059512
719.433649424169,3499.28257041091
1328.0744895117,3647.32239313581
6997.09883650777,8084.00802070781
8255.00642301055,7246.96325926038
7833.06567061088,7909.34074177271
1970.39140261826,4528.16989628778
7066.95875172038,7029.6721972245
1253.39669579549,3799.80507075298
1402.64621853874,9074.77862902839
2285.93694698751,8877.06637584203
1334.79847822289,8926.60234346399
1514.67486401231,3735.50113625383
7234.79020903357,7829.29273771986
8070.87588336061,7541.50807908281
1871.24269527088,8701.87171334041
1397.63185638116,9298.71367378384
801.832676659186,2831.63020490297
910.95865952189,3080.17014572781
1707.94807724419,3583.63936704445
8487.16241013943,7667.14665766775
1419.8534483632,8950.56436358059
1806.47598685746,8777.73943794332
1574.14689383449,3370.435639865
1317.65576515632,3255.48347395157
1251.24534556167,8235.87930861077
7528.38455815204,6878.41402795567
1635.7602726738,9368.93379724672
1333.02458427946,8992.61044643115
6981.14030091557,7306.59032333941
1454.33526461242,8600.01101799003
1562.31176455709,3913.08529050989
1507.9572832349,3416.87541839969
8259.42363081553,8025.35385973026
1530.96770289638,4642.03514801275
6797.53526187187,8025.50075240011
7230.06402597903,7772.35644910572
1912.27100862415,9244.19780422926
8093.87939641437,7858.34289218852
8414.77810601213,7866.09829113049
6841.56538216311,7645.25968137746
1639.74754048713,4100.57333244067
6222.26463679827,7272.5543582828
1839.00932870452,9146.08782657718
6915.78707127505,6623.51377521271
8143.63104851434,7506.39280878082
7807.2765950062,7873.44373366605
1018.38873666509,8736.25861373005
1281.84670189097,3659.50148829237
1033.10897640119,3345.85707708065
1195.39768835388,9026.52729852737
1191.61292811499,3368.14279784694
2039.18249474949,8976.39318193798
1401.0936018862,3759.06742109054
1986.23434286827,8289.28454326578
1446.66726126107,9015.6979310544
1864.81830844881,3563.74125987436
3621.43898484372,8913.31540788559
7280.06282851095,8202.79019880965
1274.62401225003,9450.228139456
1191.94486568228,9032.40505890191
7838.27165574844,7383.90899557232
7657.58056438298,7981.4001513973
8277.21358273244,5512.57110613823
1526.91481930248,9351.56586059018
1189.57599774422,7935.56963802233
8606.20697798703,7668.33703309571
6920.27927254443,7754.93800994867
1376.35307290077,8980.0028286471
8147.34799098108,6886.37826343007
835.186419129989,3693.01690221253
993.581619669265,3375.78221087615
7367.70179488455,8004.84254941835
1836.97879036874,9090.45331604961
7771.32417489786,7194.31917037148
8873.19766164137,7328.17614909251
1286.45639282343,3768.28161103041
2064.56460779044,8389.761276538
7951.30327720324,7308.51216786953
897.819703930015,9216.29053326155
8311.46368374657,8066.49340114259
1575.64004248108,7228.2666268349
1972.24958487667,9300.27373855098
7170.27631853308,7708.63880490075
1262.06912888135,2242.22893580884
7374.96974675119,7025.60593446368
1735.32876719956,9326.30780012174
8782.83883216612,7367.75469305014
7548.7040482943,7619.72583634351
5546.64906974696,7219.40816263259
1497.07372247608,7645.84673133473
1476.87175522161,3668.37758164358
6787.52920091808,7690.8475731779
1942.16260527534,4658.9119806446
919.541547533676,3261.41242256227
1132.55375110366,3409.45476413003
6923.25111171254,7659.98836147317
1555.60342956915,3765.40675525423
6824.06018745524,8029.03103589222
1388.00367787969,3490.00829577639
1342.76226109816,9111.81218769542
6764.56350365388,8179.69697738024
6844.21006636591,7843.74694485158
7951.40768532818,6487.27842880671
1434.02545398004,8858.71511113595
7759.9707944504,9437.37992720858
1728.68725005232,9266.78975983556
1833.57174473958,4343.61232871198
754.065649593408,9153.73703099173
1419.50351608343,3558.85851247157
1210.5808408384,8968.84029093765
3701.26218624991,3620.0438836493
4849.20891835924,6846.47964156339
7216.37975978206,7654.74364612361
8057.59306485586,7025.16203826592
1258.20126345792,8213.93306038278
7591.53953431318,8232.23011978884
7168.03540193014,7471.24450585535
1348.55139296599,4098.18628333372
928.53659957762,3199.32150855681
2047.82905006586,7742.8218518575
1470.05520333831,8417.85406227004
1836.05410666316,9274.27839414546
1856.66102950695,3703.72191096702
7146.40705246397,7099.40546255478
2430.86684597959,8156.55305073099
1415.96661860319,9003.35971238026
6575.85938623647,5246.40277913827
1775.93583962968,3845.0608839952
6521.32951320574,7726.28477919367
2297.86247836196,8280.73973404802
1484.08446367125,8867.20166038001
1430.56344306059,8711.45969187334
1613.03786556158,3710.0888101064
1249.65789656027,3601.87613056878
7580.1255785279,7537.31970370337
1312.20777276486,9071.80879695416
7284.2673154224,7259.11346487627
1373.03567301026,8822.79143401373
2214.30009298543,4826.01310949299
8616.97014538555,6634.99319537495
2051.26180592434,8741.10518614849
7496.65198843528,7859.65027184621
1975.26825874364,9120.50847172359
926.698711848158,3258.26936874435
1350.30567698135,8825.0994512169
1679.82521624641,9166.89592741795
1657.29358552949,9120.29867609177
7548.38033144097,7505.0502027568
2115.4821320236,9076.13363665806
6741.64588600823,5570.8243892816
8082.64256639732,8029.36288214015
7492.02264602357,7125.3808753122
1052.68381793942,9047.88052482687
6607.91401142608,7604.16690237003
1802.24272414799,9043.25012765182
808.397184139373,3244.78827441903
2769.47063068155,8201.86206633345
1327.61566212,7850.67428440328
7656.31618525396,7174.60913975168
1151.90358527477,3483.44045582216
7305.11777495926,7578.87592406501
8050.03418077843,7686.8900954175
812.140760044574,3355.21988703071
1271.36461892304,7114.23720671696
7052.88693806437,7588.93090194221
1243.34988158982,3482.00074849
3011.84111300551,9564.19177629098
9311.24861158689,7569.71675253824
7013.63075044402,7652.27129951396
1528.88101074931,8890.95890710952
1107.22514828683,3005.03600728559
8453.32025546456,5877.17589673399
7041.1749029849,6722.11349771133
1928.6453173636,3351.69179767413
1243.46906236072,3911.74193685185
1545.69869502579,8977.86309601119
1285.43408995075,3526.65369071454
1380.08688648838,9085.19694085931
8474.47808547039,6708.0852793631
1308.55496129706,8820.51756733116
1254.42374361808,3565.54023340072
1325.11243300441,9181.33507225532
7701.87377219849,7600.05545458157
1693.82905008828,3388.08864554606
7900.8836265707,6677.0573586024
1215.0261101945,3375.86524508791
8815.75784558836,7878.20382179388
7314.81990717466,7762.21851253979
823.382660634028,3145.65433548269
826.262688783248,9124.74600240739
4224.24422573123,8232.21285844935
1202.67961562767,9087.49529444636
7666.63509720904,7939.67135824779
8636.64459870654,7016.63584308613
1101.24418789002,9010.73850721876
7983.62433275511,7131.04194302146
9240.58406445546,6377.58832342581
8007.66220784577,7911.34537565337
7596.82956092263,7480.21785398331
7645.36246055275,8425.03320381246
7564.9201098487,7708.96638762707
1387.50579804829,8898.05311821983
1471.90055531553,3723.06251499711
7957.73252143368,8477.33301084672
1209.27830155825,3121.06842812541
6693.28188959342,7953.5408813424
1649.03383382143,9046.29491159838
8773.05159896512,6745.43216703314
7323.6108085565,6466.85451119247
967.118644951736,3327.18932315369
7141.5728296025,8265.85618896789
2008.80083847003,4293.20951530949
7068.87500781954,7852.01294654968
8493.26842657056,6496.51284130491
7051.82102193578,8288.43696648173
7465.82458501893,7450.34257714151
8558.00189842297,7912.38490384727
6903.31832880553,7966.02801279188
7154.92118894684,8046.35800032882
7282.39917917779,8208.95547399739
7177.18996988123,7241.55571943008
888.900249734233,3293.44417955103
2113.35345971577,8609.63618032862
1600.5090463386,7717.39928889811
1084.68300586882,3281.4884377264
1604.84517488372,5819.64161260467
717.593628949436,9080.85441472138
1074.36739160306,3137.33724303906
1549.17789690107,3719.74776483833
6935.85556511865,6981.59974043079
7334.61194559539,8439.9103599412
7862.91209543404,7646.36776538465
964.85208710436,3253.96272485819
1554.76444729919,3629.25799609763
7392.83550998805,7861.46288214416
7535.19589399948,8039.74111336313
6913.23850235364,8158.3405235742
8356.5610795725,5943.09314873186
1278.10349241193,8083.78339750894
864.472571838317,3145.10904916625
7046.75701688585,8065.22395922634
858.067672715049,9020.34854655844
1051.80815926202,8326.37577160609
834.225376313806,9100.41468511581
1643.14027674717,3683.02364632211
1059.49735076404,8339.98427594427
1122.11288451139,9036.13416213474
7292.53296964227,7728.27390193553
1778.15522067369,3709.20183613249
907.64898295486,3372.42876783945
7744.71671445416,6988.10972246664
5790.46539584335,7214.12942515583
1363.47794938741,9340.26508805149
3640.08277284989,8818.68195756649
9217.95145741326,8017.04801266874
1321.686845936,3922.34812077636
6971.37562532188,7264.03922287182
1368.40593866904,9057.98312743555
1359.94183348637,4518.96921535875
1710.5042812588,9079.92863706401
9391.98289772515,7965.20307520254
1222.61675902394,3423.87515838528
2660.51890229576,8841.87959290782
7467.86864663565,6690.4792502924
1131.09190890458,9028.14399992915
6798.38731453667,7094.40759246499
8544.73456676954,6959.1335941578
8443.05869695985,7899.1759265806
7371.28915367196,7716.38746700058
1690.74748428993,3795.02673527802
8309.04747471952,6452.31860357312
739.941677691423,3681.39852737895
1373.43494316786,9249.4251682803
8224.52649276488,7424.77479873947
7157.00921327548,8083.77549134643
1328.45371641065,3301.38354084299
8116.22647261684,7881.75517660272
7352.42977183089,7009.96429177841
1257.83271773782,9085.26484315345
4469.83822178263,7888.94361154126
947.564224170647,3121.8433098372
1490.15707007841,3295.06288610211
1357.71141365933,3661.14085075939
7980.46384431159,8290.07692454144
5911.67013888647,8083.1396715944
7707.76649426238,7195.09949219882
1657.01839273623,8947.3148868051
991.629736190787,3361.0952805446
1433.01772124468,9178.48403429381
8013.05858734157,7489.59769207017
1427.53473736576,3625.33273622389
1100.67472923202,9354.84841018037
1270.37766512782,3828.07363082279
1050.3865071252,8660.57335241349
7880.39031262126,7814.94692063359
1652.21714289797,8534.62533556347
1013.10831260841,4105.11132285843
7161.44088254825,8258.38446126397
7353.49480099508,8115.32556171482
8823.95069292062,8040.37089434575
1752.28044837268,8139.41477973148
7046.70490841882,7570.10947260086
7930.35538996752,7795.65100523875
8559.02325666558,6874.97293165059
1942.08885858893,3603.35379840167
1666.30485937177,8747.04745074873
1555.05720405979,3587.28908190527
2243.50543838189,4205.34285590496
1133.33117259375,3439.0918926079
8724.83542765496,6863.68743208472
878.465194538156,3625.13487751209
7726.02192538023,8002.2349257153
1229.86118269464,8957.33273822122
7696.37397563731,6536.00433393177
1305.84897948822,8599.57039143539
7655.87720491466,7416.22167874398
7896.17359808744,7047.9620551817
8042.07401356821,6107.65573465937
1186.59805684502,3575.15031390116
7583.20096253112,7787.25749969164
1074.2571967064,8870.65739302988
7801.00158070472,6641.04898189796
1129.55987348981,3853.86709528822
1088.04607352778,3569.12584314207
1645.37595845679,3458.8120479378
7045.56804165663,7985.55655738619
7479.59016743512,7014.20986876103
9159.89475007875,8108.46514253157
7615.07566410015,8064.70664710015
1915.82421132904,8031.35174617449
1047.86100266959,3212.0144049973
1405.90050367178,3709.68960980189
7314.38823986897,7621.81711619787
967.736116139782,3246.92683291744
1648.75783382985,3685.08517493321
1101.55467132974,3562.98711937099
1203.0283202043,8973.86677071701
1030.55001971072,3641.61229373089
1615.28065115029,9269.74585110033
7827.02555709674,6974.34889393009
1485.07810067221,8907.1602034502
8044.94433937272,7885.76526180437
1146.27823842479,9339.47614925291
7971.50810917658,8104.93739123993
1555.58818562524,3884.88960371419
1500.77691105423,8775.89884174724
1233.00127085108,3959.68050379343
5537.20133982309,7757.38705611185
7006.37706878991,8270.96045150482
1714.47601760104,8147.64927436989
932.83308211367,9153.34438701961
7226.27730491629,6352.62582530837
3554.76765400064,8772.43159144264
1680.13251475754,8656.94330226684
782.673583563935,8786.10166110064
1641.32840807359,3564.13599438163
6809.09955478414,8109.22867453264
9022.06290037417,7752.27920904352
1139.73970053625,9246.06870424249
8411.4576133658,8016.11828067858
1659.60972264621,9166.04688564594
6733.04351074661,7078.02148212303
7892.15987009347,7666.1349016253
8895.34167370001,6262.02680440093
6143.47017535874,7631.16100670095
1218.3762553429,3534.84107146626
4126.48325525368,3423.19007383856
1261.89998310659,3700.0252376068
7559.63660205188,7708.77783826693
7320.25565972472,7067.96574183835
7189.97312125622,6094.49361252676
7170.11351187638,6154.24806459221
1069.93243959246,9249.01304561455
1340.16177829956,8783.14443860018
7664.54051645687,5361.60723698086
1492.99763140275,3709.09107848166
2331.10757818274,8890.39727560496
8519.6721295769,7178.9147098258
7197.30755208394,7768.72573043663
1984.10567473995,8944.7409643514
2099.02814589964,4123.35071535037
948.289785812938,3537.21061362275
974.778250230056,3368.05351214877
6316.17872197666,7930.03821912809
1060.57181601133,9142.23699968332
1180.87408759212,3396.04199454937
1359.93710369891,3546.48861839521
5910.99678331436,8594.5910984924
1546.76430492717,8887.69384688869
1893.07114476655,9004.23986579549
1540.71785237359,3579.47976760978
1191.61922625604,8160.96920108133
6881.61087431773,4373.91273583873
7475.82311313318,7837.202681703
901.540669262143,8133.67569105704
1289.6918660627,8186.4920281412
7843.37348214642,8062.79544138797
6777.48741145193,8076.37431189895
1813.85710185333,9540.96380567921
7944.01645493278,7527.9446950324
8742.44491829961,8119.31720252527
798.879976729616,8250.12139840479
1833.05340521661,9068.26306441544
6936.13995178887,7886.22059945848
7160.7608569762,7373.3691698668
1023.16903340756,3585.64704504571
1722.89828721744,8292.14952946766
7446.26686668252,8279.15717714491
804.863880931728,3243.05712270796
1055.06473995098,3786.87790823906
6865.87804238038,9173.42743062565
2486.80857850113,8014.3505621689
1475.17012887019,7486.23587895113
1289.79503915467,3657.97454002246
2195.08637583716,8572.57269107901
1494.92610805204,3252.27987811761
1187.79120992535,9035.75071182265
1624.71359088,9293.97842405641
7665.72520025752,7039.20458532367
1538.00757389805,8883.24311226218
7669.87451789123,7154.2314734536
1561.2804013287,9190.34257553333
1386.554456341,3789.53787444409
7785.69103336543,4766.0745803817
8304.49945381003,7378.43198545533
1519.07481905926,9057.60002605384
1081.93076538879,8800.81809409786
1620.44002632988,8573.64661833396
1168.78297058227,7683.80919726847
1254.89606750232,8734.7756474677
1420.38805997563,7649.702221225
1175.76563463847,3452.21319860594
8756.667197003,7446.36750363674
1035.1731997637,8988.74315442513
7573.62544782124,6547.29692606615
6856.53919484091,8512.04446485109
1352.44511514579,8211.15842003004
6744.45788677138,7642.52390691561
1423.39636592803,9135.2526499818
6957.17479656463,7964.14519411977
1008.21356732439,3362.13932886115
1435.19173634718,9019.70161523983
821.350586437153,3091.279715314
1089.57720798692,3619.50393243158
1203.08178386767,3577.73214389244
1835.89620191557,8635.27218357005
8552.41575525469,7408.33236472408
1761.89017670893,8953.31953141562
1084.13384534757,3487.02971035981
1671.23117010277,9031.7949110643
2307.10690472623,8361.60826187103
1152.44865951375,3543.67303819131
8535.42647214777,7533.10103735665
4367.5568227247,5224.11958608099
6888.72556558511,7614.70743496171
1111.39632868325,3405.49191697692
1096.07318141484,3857.93517316992
8386.69657303407,7115.08094707872
8011.88414711873,7775.16176920275
1488.45930690789,9431.11979639486
2164.38777584677,9038.96686579508
1275.03166192762,3077.82404112312
1508.75876442097,8975.59347333892
7090.47150853266,7705.76759796099
1380.7135311923,9157.12711464115
7640.1999557798,7888.32447087301
1962.99541046621,9280.80015805735
700.198988971269,3107.53382587203
810.890899373171,3196.88398805634
1160.08108372249,3487.49908446891
8218.54810066581,5968.72215498887
7846.66551715774,8429.92004677645
7732.38036460002,7621.80238190986
958.539599753076,8862.83277098295
7728.0363784602,7321.15827406928
6742.29979656422,8011.1145507895
1774.09172777111,3457.71787169384
1328.83550596753,3286.2739736128
1699.21549874299,8984.28625150869
1182.8449012774,8825.66486421125
1893.599024327,8852.92968198474
1227.10110371341,9086.59417281531
2158.33471933346,9213.66142441142
1555.84507993641,9993.8223849122
4216.27580087394,8565.82465955233
6469.82894925616,7200.94337645275
2016.57644789929,8653.1967194409
8080.69456148995,7523.12094405749
1165.75179540767,3696.13747388024
1198.313771564,9120.27597208752
8965.63786946592,8040.80489977735
7734.22420522913,6502.88229523304
7216.28508873447,8426.77237753184
1557.91430928983,8877.18181324553
1804.86892316391,9037.81291430384
1564.59905176465,8916.28084932599
6885.12275722206,6407.62221303921
2067.66954798033,9096.51949243426
8309.29447987059,7815.23065768671
8883.76396100178,7589.05537892048
1145.2507294675,8237.48770106936
807.688012285599,3443.07499129219
1389.96286585281,4329.40588646163
6753.64756663845,7823.63383960442
6399.47301901951,7562.09047257256
2559.55067237768,8447.48616607324
7726.92936531574,7704.41462406529
7779.25384736781,7795.02595624555
1296.37916647709,8322.04973978661
7761.02633448233,8122.55996627461
6977.70808632352,7546.49887433992
874.51677207024,2991.75534603161
7032.68618917564,6989.17477865236
7605.99252144509,7796.44538166833
8889.3338217908,7433.11570051956
1637.97274457743,8791.41980970062
1886.76270072826,9087.89685131796
1364.55845181202,3801.08539937359
1113.90905682996,3096.16525364246
2170.85718631744,8770.38308710592
7293.82341465069,7814.80024973665
1779.69687603467,8343.17072526389
6235.05647372974,7512.88258790731
2034.56735090842,8722.23474291976
1540.50300426491,9116.43533812428
1269.80482468273,3558.88737958042
1137.4786323117,3176.70670910005
771.185659332093,8637.96209533463
1581.41399793825,9023.01049171482
1708.71525904274,3712.84068987913
1540.67323978535,3793.79808341684
6969.90805183952,7477.92441974568
1049.05921663587,9001.45952621443
2583.84862013927,8899.65571863662
1293.84609514394,4082.30176576044
1488.65431577383,3939.3633884728
6925.51523792112,7077.18035424042
1091.42298313689,9010.74183487941
7364.34521741367,6705.27569092058
1523.01780878241,5306.77146316404
1885.45774431962,8856.63817377237
1021.19579245918,9247.69276252908
621.51174630615,2600.41075151914
1184.0519205288,8771.23721775347
1298.60677600563,4065.49382672115
1061.86979065817,3320.09400790155
7139.82442012757,8025.0463690716
4663.31497639623,7105.03896449066
7279.58131516392,8165.76317133975
7577.25454342591,7725.85503197023
963.731498912347,3419.35472250172
1831.70307421426,8817.67992218351
5415.14112932702,3779.56919593357
8624.32594916817,7514.8865673821
855.178845316929,3264.24467749511
1568.73680241457,3494.34445323969
1530.90756418485,8528.99084448002
7438.52669404668,7396.25272732249
8898.09097054222,6674.71296968769
8528.19884660613,7465.89656365394
1662.91727748258,3835.29355568292
7109.8590420671,7554.40046490487
1480.540350087,8852.19237157684
801.64583044808,3263.74203927323
1280.06586574626,8848.57106555168
7506.24060296718,7642.76908975782
1247.13730387786,3733.20383509142
831.730876301639,8792.1283456234
2443.42477656116,8384.0097114355
7839.1623758489,8130.18317310037
591.86276947987,3317.36098266789
921.47313334746,3458.71342981044
1984.50459289776,7227.03679468708
7790.31715841389,6563.98542213213
1879.00133713806,9281.9901962221
7529.50430338304,6927.22543072418
1279.86277147291,7125.65428101317
7646.27001227186,7186.73586207557
1058.30462069195,9186.01362662742
1601.97718684732,9292.52992858945
8123.26877201646,7623.25961971078
8111.67367883275,8674.33613217775
2731.64698904677,8642.90343478391
7079.63571370989,7941.79300279151
7565.52863395688,7696.99936456392
6765.68602679524,6944.11149900653
6414.65904492727,7124.47455547153
1100.45592321061,3497.41019985102
1565.52064494804,8966.41630210513
7970.41936845863,7407.01561916775
7273.04438870601,8088.39756119865
1313.55036267729,9063.27924147875
1589.91197424261,7751.15449445038
7213.64597260375,8116.93079494012
1722.6677755259,8631.97090363578
1358.57619134892,9164.71945866636
1938.81892485642,9056.44170682396
1284.09825918624,3567.93057278088
7951.27964752744,7768.52932740622
1191.4621204175,8541.83884798874
7197.38881086681,7410.34756962416
6286.42332966001,7140.40810848689
5493.8909610658,7531.92146019583
1597.94688920225,8357.32397070488
1447.08325254002,9031.22297152484
1216.3739684869,9004.85487920157
1811.17868013872,8928.44148199693
7664.73019112695,8115.45047113429
6440.75775206934,7757.16818180269
7455.71665934137,7405.87549645745
8035.35862286353,7778.08016769393
1060.76610875057,8991.90296168346
1470.51040449332,9268.16996625028
7473.33094069845,8681.41359991551
1480.35242630795,8467.03198095982
1759.90368650456,9053.80032589452
1752.16727758785,7723.47616437636
492.252002743239,3341.50122901673
8740.0647130109,5754.29252603323
6899.95096242865,6881.97237531872
7830.29957055763,7824.63129357049
8074.85599482019,8183.92244555065
7406.2421133895,7826.98748528711
1415.01582092102,7954.40188836268
1142.92596253343,8220.20674119133
1335.83388141351,3635.59066314731
858.411953677121,9078.83260693627
7875.81970581707,7198.86928432942
856.86934776032,9147.39962645187
7621.72456088175,7720.87700962532
8748.43028909228,7232.66893446239
1275.87490843168,3453.46280040237
1302.54383984517,8842.82023339611
7792.99273259977,7300.40805938189
6957.44396909841,8030.5769139491
7361.77506629346,8101.83626764993
1156.53380144658,9233.22745249713
6706.83253364519,7229.01546421527
1192.04255657257,8195.36933328871
6134.13101641671,7359.88444257151
745.133290972656,3412.02544720681
1589.24715076745,3502.38327595668
8332.44267953873,7194.05055351387
6443.0941444255,7082.50076128048
1628.99307804444,9242.35032514854
8474.57127198395,5653.24651372343
7725.68491053672,6131.4326582515
1303.83368394458,3315.9632990498
4812.14971939986,2777.61163645188
1520.39208964532,9082.51365296607
1042.25036497233,3184.2194972382
1426.49782336175,3550.19823491399
1305.14360050835,9070.89410930255
1131.12523811732,3679.85678309133
7218.59921462516,6745.60343716862
1348.29880801879,9222.27502254548
7534.78436438549,7767.07204268003
1085.83191221794,8446.44624566202
6764.16502912552,7249.77894950771
7934.07730676967,7861.41279361296
6979.61239392578,7470.37052965385
1779.96979840243,3993.90806241873
1588.48558657664,8997.68969917998
2076.60949486847,9257.3138744357
7006.30808563026,8278.04474281818
1983.3434492319,9218.38097328415
1510.16253952113,3835.25051279689
1349.69377370012,8894.46744803557
1285.4903439464,8767.30544263824
5675.77596921843,9189.02985383057
1136.06992406844,8478.09677611682
1032.41499467993,9258.23306374598
7557.80481122722,7195.62511304982
1944.042702055,7111.7929646695
6916.17053030488,8239.34627067194
1661.07158594348,3707.65499515959
1837.32506024793,8790.27550136168
7256.82159461794,7422.35123368529
1735.78245550504,8772.86652354733
1335.42717844644,3828.79230470981
1542.17020258787,3704.27013657771
1163.9707343823,9041.64159623289
1455.82856478208,3541.99734207732
1140.04506523308,3104.61109495615
1130.06233094075,8874.72263881764
1180.09651032585,3500.81792093888
1940.52942593981,8418.72404129427
1563.45909303561,3691.04904721153
7703.55275469848,7710.81659799684
6542.61185544957,6962.07170835741
6904.30408674587,7385.32566600972
7612.27814491148,7673.27163821262
1244.33178384895,3539.83319664335
1595.03869793652,8602.97716479364
1040.06353488794,3788.00415843898
876.887737849,3663.77262954572
901.987947064811,9235.3554379538
1971.33770171564,9003.19318547804
1169.6777245293,9006.09999308774
2371.93893958478,8996.513203111
1713.96741686965,3510.54183789987
8916.56622834964,4765.07092948036
1658.46625886197,9027.74319464671
786.567911522945,3252.78324553645
8352.31585202676,6929.07717815029
1602.90879535978,9047.89202796876
7772.57949879298,7459.51429636236
1014.58908403609,8329.28803457009
7432.73091642714,7509.0551425741
2127.14588083633,8270.32554039884
1418.6650571232,8872.03144363353
7944.67404716161,6842.77625939214
1141.25334443694,3671.46584400317
1472.20117340941,3667.90713490515
1447.42019056361,9167.17517304855
1592.4558510366,3525.5604009388
1698.63098685694,3897.30667852195
2106.91996198016,3394.47675757345
1716.44517556873,5427.92399277029
1266.63398209223,3558.50438444874
7775.31750260288,7111.27312284551
6877.09372368719,6932.7753143408
4885.05201165642,8945.22674190206
1582.0512111633,3984.75949605271
1420.25002703368,3875.39920751616
1052.50794577391,3546.85784294141
1246.06420768987,3150.17276424598
896.058747834085,3205.19426439975
1098.01211553829,3607.74892968024
883.095065609057,8755.19748845831
1537.6561312517,3752.27052476811
7107.90044417565,7305.06772214675
1622.65113717228,9346.58813802883
7057.21602964379,7893.95744812958
7298.60786612962,7857.12220032107
848.368549361874,3195.66952002713
2071.92247667392,8986.76544203133
8235.15471216983,7022.66202773746
1695.16923580664,9229.97383593594
7636.44313773666,7217.69858556873
7518.13647014938,7610.33379992478
7920.23060787936,6802.25448749344
7940.32265554653,8072.21127418552
1436.18336530745,3841.19716656941
1012.0016676244,7768.19129637019
7772.60658637581,7759.2512266491
2179.48395582126,8743.79301226854
2750.63004721452,9095.5261181492
1664.283835043,9111.73392114113
2436.03278016994,8903.73311231935
7545.92394213228,7735.57146460833
1705.30091940909,9018.14889813864
1461.39802698746,3294.77432423281
2504.61372524855,9276.9497380338
7697.71138697629,7448.59975151172
1388.16837176853,9266.14920837762
1896.20512395217,9329.84390114476
1370.03514469721,3345.27209937235
7551.55328171335,7726.27158776295
7260.59483999132,7486.25924564736
1654.04457098106,8842.6885194985
1878.54641229808,8578.02932592121
1159.91055940165,3582.36450845513
1434.75176202265,9316.10010639632
7765.89845373385,5562.23188767361
2006.0430266706,9012.02363600949
4507.4987095966,3802.41145937477
7495.31197880383,7577.42406988354
1910.44948366173,7299.42268390561
8796.66049609992,7705.66616053981
7786.76600197295,7275.87283866433
1053.96204696111,9194.10217008388
8199.05084164185,7376.43945447753
7888.59023600421,7227.51356720988
6604.04948595379,7287.06043140617
6649.17645957974,7164.82802598075
1373.17243719428,3200.11123461931
752.885767964318,3302.35264205407
6043.18511732077,7699.08083532052
1258.32881318741,3672.56514111467
1213.09921915572,3210.82555170358
6723.19532613172,7872.05827549304
7468.25481162453,9241.0171370663
1127.72556396776,3412.22613279096
7486.50438787612,8237.68794830093
1499.62001751242,9000.36643840724
1235.77576999429,3525.85910008848
7285.63381870111,6855.62258481035
7419.29145610413,7982.68549860038
7419.21689423804,8001.6332319877
1518.12399904129,3738.33624497409
1962.21667432678,3904.41724559083
2161.4579282888,6786.39261455141
2056.29760913816,3649.52965107129
6478.07696980517,7059.3528804035
1325.24308566396,8730.27530690526
8232.34516619151,7687.74761836586
8897.7028382894,6271.98574044284
1036.36950520713,3206.68496523153
2034.53377191398,8343.49567564274
8823.88555251353,7555.30484390374
3200.12936888364,9067.38157885217
1724.99179535512,9022.713021255
2045.36190766017,8269.33840319841
3400.8588948756,8209.63509804936
1591.02759699607,3731.40175194069
1230.54588068905,8319.27362072524
2969.7693344423,7855.00204074753
7717.70620950777,6898.84320632286
2061.53970849587,9161.81538770823
2369.71170935908,8569.83496959198
1477.11071749194,3492.82454052111
1650.73630612357,8838.58180844925
8470.60963982749,6653.46937834552
1536.80987108794,9186.04304750209
1559.50775869861,9137.69332257296
1212.02091836236,9236.10499949628
7436.06197376117,7053.8397569895
8305.78392155121,7822.7602957259
922.910017644544,3472.87359691519
7053.48005918851,8365.03417249463
7150.99925071168,7605.03831537492
7523.7287827733,7654.25034382698
6915.44457002381,7435.01351120834
1414.7934463665,8937.76724061063
924.812948450221,3237.21602603662
1019.95495354518,3281.55152434621
7255.26027360343,7374.10124215083
7594.73134038691,8092.21148723426
1497.2059296226,8922.11919402542
1047.05044658833,3047.96595525866
7741.09140754228,7823.76603404421
2201.86494333212,3619.46795788242
6958.08115200264,8447.22977389052
7262.20057597611,8027.97023245051
4048.75715707526,8402.14157608591
6745.20697925157,8261.92188947827
1647.38454670567,3446.50439052365
8322.70875831297,6951.56861266708
7273.14690999031,7923.79905914184
6948.78532439046,7672.26661706524
1322.99647935431,3921.92883199196
9072.92676638284,7116.85520737715
1006.04323577546,8062.17235456603
1094.76165682457,3732.28468903116
807.624512620126,3410.13072585734
1060.27922533736,8560.73520029873
3611.16705928706,3366.33451968481
4763.93518379221,8243.09404862472
6771.48475219045,7986.30785197675
5524.28247967909,9107.22780647986
1388.06036570471,8866.20598731336
6968.6397897113,7670.08581008383
1512.27646357141,9023.73307035025
7840.93558039457,7431.0111257191
6777.33802620366,7412.09593441972
1266.31609741856,9200.00937848469
1349.13829174569,3467.89180849205
6601.15191247293,8313.46052272587
6181.51834132365,5574.32853554079
1935.60460065707,8392.29287543339
7274.05186908779,7469.00764529936
934.078940972526,9002.83971578597
8182.11231140627,8688.98130731801
959.257823084887,8898.20610156834
1401.67399988183,3909.72956035338
1374.10771088136,8957.12826375552
1989.04983752307,9413.38656454045
2512.38295484664,8868.17141251734
7162.841824004,7682.97720625626
7881.85612107641,7665.99941241561
7176.56352666326,7890.52712097999
1210.73586211326,3720.99228117968
7428.34652987696,7181.90639246316
7780.30240473374,6114.05406677661
7424.95456342791,7363.22725132167
1128.46457174842,3474.0048365019
1781.51906392301,9365.80465668411
1692.05717822464,8135.52895383732
6768.47132589551,7670.17980531856
2448.13672593513,4036.84980902896
7773.1063859611,7828.17637608784
1654.5715253193,9125.34934911015
7796.92490167211,7667.50023543934
1316.81430504631,3326.63409071892
6936.77939241635,7704.25191646412
7775.59655293265,7498.69691533611
1472.11699144686,9010.69092659217
2112.21424572626,5129.42473264117
971.740147677638,3234.70095257076
7270.79255167254,8325.25845557361
1575.86140136857,3443.20069384273
1839.19710781298,8447.73116972357
1694.1962102402,3392.71377599662
7400.74930684523,7648.54614771575
1210.17337981873,3954.72352129754
8420.83545395673,6347.20549778728
8443.97229362538,6997.65093069622
7584.33068585959,7226.35985458966
1411.26141908986,3717.45889787868
1978.12594534191,8251.51922027235
1908.05904455757,8482.24955029348
8456.81531319296,8063.16024561352
1496.42420960219,3946.58150728001
1844.35628650331,9215.43425004021
1964.81020456419,8634.54182527433
6761.81986263751,7636.31710255309
6774.44816856996,6656.26047649547
7490.38049687649,8042.74871134646
7084.25991865178,8234.53870762969
1484.58455624052,3171.17041390906
7828.63338436183,8367.4814098909
8235.37960353341,5936.77308767936
7677.98338553754,7765.22196954711
7937.84087473891,7743.03106518283
938.442946522653,3100.35857537619
2044.31447924397,8985.75970567009
1713.92951782367,9257.79715652004
1590.17478075338,9024.12275683216
1143.16639450807,3266.36341639209
7207.49866112831,6737.46871304267
1602.87409432271,3769.55022624166
910.963793568194,3063.64678624529
7229.32349980554,7551.59600791374
1011.85586313071,9023.46768680851
5922.28626802773,9240.75941228113
8206.83022195463,7886.97642040903
7853.8700534501,7948.06339195425
1357.05183775452,3804.42611450238
4184.13294101316,3943.40886227349
1736.03929785932,3770.0391267129
8359.49966733652,8162.59624759521
7355.8996673254,6586.76727586812
8577.25003091167,7044.83013966274
8316.56376709209,7229.1344811153
7362.91671747315,8473.52089739783
1186.65681346741,9315.08712519867
1512.37164262988,3775.74565267876
2439.36634356209,8558.97723296048
7018.45457936101,8122.61481130758
1303.98080355938,9118.76201553483
1067.84038536292,8681.52031596665
8483.70715313429,7421.39407656054
1272.04821122005,7427.89842175613
8969.28117027848,7776.34178590278
1546.78347405107,3877.13387969892
2069.20620645586,4049.59694761003
1519.02042345684,4402.99268589475
3537.50485788666,8932.36791494935
7456.47657596489,8001.46785100319
1443.1539622686,3276.59827151698
771.476470330209,8979.68199228268
7189.80190275096,7218.59867318476
7190.79403407112,6228.77171078791
1676.57853000897,3688.14950222527
1866.5153912371,9044.28066480564
7735.67967364219,7105.45881506295
1966.60422447412,4999.72783143377
1931.76542680495,8045.87252379906
7330.85547054858,6580.12702951542
6700.99336198698,7805.16467508341
1466.29850562522,9098.22354220313
7054.55609854794,8189.92156306991
1273.60887576502,4434.08387468986
1369.56496729138,3700.60821159452
1544.32281163386,3421.69802571232
1039.0335218733,9047.32917511298
7812.35861825721,7309.09844427833
1838.39336604031,3610.26548203353
1209.37254898324,3807.45366698712
7345.52298870691,7891.99826906666
7392.25552008087,7518.48056510245
6943.0017025425,8043.52026966569
1059.71404245918,9140.65137604493
7589.40648964202,7974.15330946757
7614.36450298924,7747.38444796633
1133.73926778156,2986.74480883353
7836.33120704888,8327.50927280901
2416.53721365246,8388.14083198651
1590.0058418479,8140.06737854201
1215.73872872772,3702.1743295561
8036.64427371794,8155.16797012323
8990.41847246315,6706.35645585212
1936.37882438872,3128.27195431837
7958.83896454215,7516.07801478209
1432.92987705509,9157.57426379579
1540.89804386434,8909.52002371363
1665.45888049606,3145.85269358859
1346.63291680555,8585.31669594088
9082.579919923,7352.92105271611
1411.92020195637,9172.97114726213
6544.61795520374,7285.64663746113
1532.92565785897,8531.03620276706
1826.01391572896,4162.25322661207
8195.98286444109,7391.09287569687
766.733613616391,3041.58492046024
7486.03823398909,8601.27080678973
6594.61868874822,7998.96043150339
1220.77982208191,9014.21332084006
6815.53979867916,7958.10255322544
719.438597667922,8806.40829947015
6961.87733308881,7486.95269764118
7531.45355487981,7626.48141589914
7784.03749447262,8068.88184507436
1579.14029943425,8997.0878165539
2976.77609280557,7267.94030733855
6969.19882913039,8263.19177732638
7491.306987198,7217.41251353685
1476.87039356733,3652.36766391651
1541.98950619564,9133.10133962304
1005.60670610649,8859.16702451607
2019.07970383761,9188.68652887673
1631.53870535188,3828.40734719363
2510.42808275342,8237.35047447467
7582.81098975394,7405.59832513794
1445.49580677707,9033.76362362009
3029.87557582717,6635.46144148433
1049.62654419397,3214.62566014458
7340.45035963741,8421.22039948345
7721.42543604182,3925.52727497322
1183.48519286475,3159.88844806015
7480.03736381782,6383.35704410473
2719.7411007425,9333.12617541599
1463.1756800854,8900.41514624096
1696.10043366756,3760.17746393272
7442.05919648314,7884.87962045712
1654.55138531201,7887.77446601427
1400.0806829018,9076.18025374182
2954.43561981873,5519.07406464627
1381.99362499331,3822.46646902245
1127.15161634985,8733.48223319842
7724.21799870616,8100.71980916817
1666.44693594711,8995.25092794476
5272.67584084866,8014.87896805532
1655.21546020197,3492.40918683887
1195.53956342995,8323.25031974295
1032.25248052482,8979.60057134595
7023.49795088614,8459.76417267025
6375.35809370914,6691.63812427061
7699.12466999588,6942.56001595477
1338.78661448292,3786.75520698581
8447.41457134034,8284.47454124373
1329.89638124376,3711.94185821115
1005.44475620774,9211.04133082086
1292.28428674093,3737.75877976893
1346.20510383546,3550.78680264358
3257.06213192217,9336.71032172537
8579.88141016025,7854.56369022405
1867.23673405218,8283.33926275138
8388.77678282893,5426.69394524453
2029.18909880992,7114.11224988104
1417.82449694858,3696.99216001836
2336.55797494558,3433.7658739629
8547.48436233944,8240.02526315888
1374.69017622378,3942.67272150785
1168.28017345082,3539.37708991348
1016.73495565678,3718.6562214743
7835.67832642086,8479.81781682113
7823.78686373687,9155.80563686063
2061.25365328242,9818.14257513037
7215.01770712671,7972.2153621918
7150.86732812205,7298.72043834365
1352.8069963822,8581.39234662328
7386.65175941627,7566.44824717988
1641.38529849668,3789.39951302353
6709.13746191143,7032.11473840335
7739.07806024035,8044.09466638326
1112.80183378551,4179.69130193706
1228.27150244125,3431.27912045472
7134.86842406855,6124.19616888893
1169.06015401688,3545.98884053855
1307.29517523778,9122.85811112964
1340.86735111595,3215.95940858812
7002.66234057027,7544.63458994612
6791.36647534557,7163.52594909067
1399.45391675398,3809.26848844521
998.993671336655,3451.25240597713
9117.39595796415,6363.38326921264
977.119109942359,3573.10867654779
1615.41429518682,9250.64761447964
8228.05900134645,7742.70050001079
1619.19425664554,9110.71012525689
8228.61875611001,7420.59458000499
2125.60978789919,8685.65690381468
7906.67192946442,5427.42182896728
7812.91582555863,7469.31677900711
1632.68425172977,8374.8227336549
7014.47995238062,6760.02095943582
2358.72395511693,8592.85943063401
1049.59862795411,3355.19619508097
6850.17823663813,7955.62144362335
1232.58686183778,3515.30006976139
1966.04868484598,9244.08360827303
7963.88012162606,8011.25859840717
1202.4616147435,3431.01493945983
7232.05669192557,7196.65671507907
2674.29991656791,8799.43885887095
7332.07898193811,7471.91505635079
1615.71312808387,8590.41188352156
1679.61429793695,8834.66351087006
6725.15251928275,7662.40314746569
7999.21362220362,8021.73653437727
1896.10298964628,8823.08770110949
2333.16696410962,3633.30192545881
8284.2513393845,6729.53814194016
1890.38660482333,8981.33168510505
709.647134759047,3102.95126624957
1336.96074473056,7790.26889215065
7288.10823772703,6118.08456649426
1752.8348685265,3436.50050669803
2181.94033186843,9066.02487688879
6879.9727931676,7732.45332431875
8408.55159422873,5519.74681323487
5717.20726348983,8738.0441790378
2709.08532645749,8874.91607540325
8371.77563300975,8745.16355354574
2057.01757083516,9352.10241761448
1203.03063034342,3728.7964776132
8342.53187019422,7574.66627170952
1262.71224672901,9094.0250086605
7520.46224629361,7764.77113293029
1993.77188141065,7360.85888864116
864.864228384811,3564.24490523807
1614.93876971869,9051.35557854013
7736.03492791876,7802.93646724866
1075.4854568161,3255.54022241637
7442.14769719511,7730.12090843229
8129.06436228455,8098.51676745775
7054.74127621351,8149.99447930748
1009.57275340117,3464.01156828935
7903.70159605078,8184.99826905577
1386.78608519151,8998.2292630005
2319.02289857196,8973.88585492665
8114.90109035993,8237.80692541458
1947.83931417895,9103.82114992711
8514.83787822398,6078.28935131719
1028.01954983178,9142.79640781379
8244.90180510865,6555.03285992738
1476.57129129704,9364.89249873572
2225.89734481495,8558.02193043922
1543.13073216936,8174.78363739322
1424.28416965711,3743.94648390458
7780.2447564699,5934.92997356622
6472.64414020848,7050.25693147528
1681.26872448091,3653.54217864032
7691.32847994957,7549.99371687526
1619.18407992547,8472.66959992314
6913.25039707795,6521.47551634282
1590.35998580818,8228.47143026085
7468.41178765292,7221.23169575144
7291.29148511067,7470.17901351901
1587.38202222246,8050.08131426972
1031.11452956149,3576.30211027516
851.939246648338,9161.04636421191
7376.7545503751,7294.28309963594
1916.14591796883,7648.48285237588
2100.92423156791,9362.45241129536
1466.19622384763,8373.47227531625
1068.77933914507,3570.44625166691
6193.94309038484,6896.2271776088
1384.31542286717,8896.28866070886
1124.67919233464,3569.73159405363
7038.7374989959,7793.55496943979
6790.25902255565,8229.5227213816
6452.22583719658,7467.31669274348
904.406547720914,3030.0718063876
8580.03164292134,7611.91129736032
8074.82188037268,6899.87575895685
8823.6996546959,7449.33994991282
1725.24203977795,9237.01193445306
1493.74883298725,3544.01912643566
8539.82058857059,6851.14260113611
8162.23795607523,6812.4091993042
914.975683842852,3470.32577280781
1359.03142928439,3710.23924385655
7814.97899664178,6304.37111325998
2045.73010128554,9195.80850689719
7172.03690660151,8791.60345066355
7889.08595869476,7310.8071604267
1044.42733253892,3363.92100416353
1061.37045195263,3562.53672055406
1571.34967752713,3368.67617993603
1404.51199276929,9129.26326386405
2104.0291769622,9003.67278035228
1681.66267342306,3580.17252158715
7364.52294948085,7695.78455807048
1465.40058481392,6894.57304098139
7277.63450507493,7689.2614071286
1355.64868685737,7993.70718225152
2127.65991957398,9062.54148722441
7724.47953432821,7766.74764691197
2687.93236493055,9024.66974479038
1304.65235605392,3563.91759327298
7631.4932942748,7639.09564314384
1605.2361656808,8965.65728419169
7957.03316123434,7421.25316156154
677.879366904547,8455.7578581287
7644.21907594613,7454.58371191975
1190.53955585434,7731.97304367281
8907.68893233153,7884.6069407863
7531.73495209659,8010.00966366267
1849.70222799131,8943.11096593358
917.140124854797,3490.04940474394
7217.31216571833,7192.29499562228
6695.1239122421,7839.19006209529
1843.26061721342,9126.29666054924
8098.63047540987,8041.95251252935
7738.74637699737,7673.23888587524
8794.0167123205,7792.68892210027
1678.50509256763,9189.2486068761
5948.62837369002,7312.34591106428
8487.91464213965,7256.89492882359
9073.67979805891,6942.14508229694
1785.19948635794,8649.49471868576
1464.73998198443,3354.940802111
1973.37141122699,9028.2111220706
1469.66144324979,9180.21863035068
2019.81224889207,8431.78756923182
724.29569712594,3523.88451355017
2184.51927188359,3525.102561772
6289.08694207598,8222.68097012215
7777.75140739149,7461.16806099129
6472.93005458532,7617.50352558336
8521.49856313841,8208.45489511856
2171.46753703674,3745.53179064917
7891.54275484131,7935.65783650707
7417.67208072158,8503.32250505828
7064.12567233558,6917.60450201671
715.122387204741,3538.80140367132
1105.6222706287,8299.90936349257
6464.67622509887,8217.90937461344
1614.02560740612,4479.0241549408
8602.52631522402,7125.55241934816
1641.20120415567,8690.80209909938
1185.73724625973,8838.42777968054
1912.29372807948,9063.97602049581
1229.49454237514,9338.55029867039
8256.70509644525,6753.05761635291
1372.44073065153,3809.03374659355
781.160566588458,3343.60095765635
7834.16282080628,7983.08904731944
912.379476537469,9147.49401397444
2814.21134755069,9076.93404242253
1271.7843880582,9086.34129776843
7111.2792522772,7656.2841956636
1588.96974079568,3331.94127999463
1764.08762820314,8843.90167133203
1420.03980837728,3642.26082423821
3445.69055822736,8320.26175223051
1344.42430349064,3547.0748354934
1661.15279796838,8405.70535087521
1428.50357612462,4227.83862894771
1345.2664016461,8879.92576129922
1167.38975159768,7968.74124134694
7627.9959507987,7511.40609565555
7875.07264164981,7597.72634572705
1106.55446241426,8965.34995339535
1467.11369589701,3535.62974818281
1519.84537092419,9055.74036246889
1013.38867949351,3236.125112766
1085.57011968569,3138.7415783841
795.509098150561,8758.34464360818
8764.41339153843,7096.99811634459
2100.01535939323,8790.1633515489
1597.78526019001,3639.33456111184
1200.60341201106,3353.22731086459
1234.37402207391,9021.39078049589
1278.04577638684,9027.80266625824
3207.58735925248,8936.37892354532
1302.58377213378,9319.57656484827
1377.16467956119,9021.94164216211
1239.32311393067,7901.99179422922
8297.80104484838,7634.55275924269
1369.81471914809,3648.22392542283
7667.74657250117,7669.99739709948
1383.83884976143,8960.03926560316
6997.28723445899,7624.22387344827
2286.19976695865,3921.18989637201
8791.04886981012,8276.20701961529
7030.57367433649,8030.10659492544
1339.70783961183,8853.29426336099
4755.46859543769,7736.228329358
7408.16590633525,8300.16225743921
1731.14883799123,8736.05826542135
6765.45081664617,6545.07103741555
1207.12599999066,3745.15159337248
1428.28936332763,9019.624547573
1089.55636705279,9150.30132226245
1895.7390474834,8323.98631190084
1267.20198800542,9054.08713174434
3313.1918715885,8271.57281421123
7410.93003374458,7564.45344639268
1826.55052893493,7788.63748986026
1047.6872231405,7457.09896489757
1144.95333053562,3591.79768293807
7219.79196926198,8156.7906452214
1427.74720820713,3921.90922203104
7183.22955671545,7672.75504821019
2375.93388673953,9070.53288306471
1461.53246482391,5012.49234054894
5960.92821405345,8712.35436082237
1101.55756363527,9271.50878782781
1390.6541155013,3405.37725510476
4342.3204320117,5892.58991660921
712.813904316834,3337.67171830606
1060.40434476105,8236.58565342688
7890.46510626728,7599.72030209032
7922.23669657763,7069.93829673112
1784.76341177556,4867.33535964926
7813.11968417255,6809.20110237427
1526.19141654139,8768.60134167166
1563.00622424805,3226.78157682226
1996.51424616966,8980.3415012501
8720.41598866266,7708.58122284216
1478.23865067536,3969.68442128842
1177.06854476829,3512.06015392171
1897.51770064256,4357.7246607956
7317.9620480684,7321.60091905923
6744.8557919671,8306.58889837445
889.542267223862,3357.32616045171
681.661794606038,3364.31969742204
1093.65369212182,9389.09255091536
1900.59162996358,3910.52270119875
6684.69340154687,7770.26071102767
1545.79010343249,9052.29196745414
1292.95552740725,3602.39267201779
2371.83532918924,8057.38957193468
7206.88880982668,7094.19241585695
1300.90353659628,3714.39302866258
1492.92691585109,3927.36231492329
1739.61529164957,9139.75251814714
7190.90781966696,6105.40107623808
8149.25048472632,6840.67298662422
7581.16506977461,7991.57658702734
1438.66724689075,3628.51848203558
996.411649440428,3595.24313090801
1334.94474204731,3847.82774450305
1889.06707222245,8422.46318282165
1371.44376147003,9020.51145514206
6812.94335953584,7440.76771160773
1266.83446697345,8998.4189875561
2886.67822331728,5414.70674198183
1529.88632348111,8481.54769811579
1708.49509498911,9270.63673198035
1647.96175655927,8549.76274511586
1121.57791746808,3242.39048726118
5132.94362872787,8061.60635087956
8495.52279689884,8159.84583296211
781.579004819049,3129.72846882568
7252.6020055467,7568.73424837497
7834.68892067872,7574.09053455689
8178.65795104326,7674.44001108624
7862.79252008798,8315.25813876995
6854.59750212441,7349.18766085604
3168.41815419287,8520.15951975404
8377.62847376856,7570.0951727488
7120.98521157585,7755.63380998012
1392.83064070211,3647.56205366938
7420.62324115703,7445.79331853953
2531.82096977602,7664.75027092367
8250.23859463184,7530.84541464674
8308.55494651139,6982.14036325899
7297.14950769684,7975.99887623262
7732.92020520921,7611.58297015088
5808.01093950671,7953.37855477199
3086.08882232977,9032.37959269431
7609.29521155901,7885.48867716672
7204.88046269451,7948.20790936348
6693.00426286779,6538.1148150606
1996.44510247594,8958.94222365792
1248.83317160893,3502.72288878539
2676.26819112655,4453.00287007046
7406.11983026767,7510.27934118084
1491.59465986256,3392.07013716944
1850.50764079677,9312.33311086467
1355.49180290485,3418.8918511074
7694.59306197049,8397.34458305705
7293.07393879442,6564.44450458109
1802.86012786619,9523.94899655404
8277.62996765505,6359.32283358145
7499.71311419214,6562.15017040661
846.037196238483,3201.64561723588
6805.54201051081,7974.98718836849
6699.64565169606,6948.67739814985
1027.70052316934,3665.69360472367
1021.92214752623,9047.91089280572
6967.34707395483,6555.54320551441
1531.70705116434,8637.82858812909
1348.10653495785,3589.3943627252
7944.46034026014,7919.49704454082
1095.85289573237,3275.20381942901
7676.83507109777,7590.17703607425
1796.30917674742,9033.43362486625
1828.09407190709,9403.60755967061
7885.2653444646,7559.5723452611
1558.05528492655,9068.97306032564
1433.27266831778,3410.70833289057
1690.80906474026,7516.45657407178
1293.82685032267,8919.08452447296
1564.8661448995,8931.0413124668
2257.37322970824,9246.8206452452
995.978630047414,9153.75988909805
1829.87842886094,8983.26538368146
1697.69460588987,8978.96644704792
1501.10862134041,9211.45294981882
1159.21978968248,3295.76191691019
1397.048232631,9063.91788201562
6981.60438141639,7568.13914163126
7874.9221178538,7529.98779911619
7737.26424750783,8212.7098090491
1202.18213519618,3612.35991906866
6793.02937364568,6924.92963580561
1537.68435843465,7711.80948814923
588.151048861173,8872.38495315152
7165.34850544653,8124.09060823797
8349.14022180045,7313.26842911943
2227.3522295151,6410.02484540801
1124.96501793943,3520.8848409264
7333.18899634746,7658.41219216342
7213.51275250402,8207.02444857269
7874.61804256772,7193.67721378919
1606.16398871935,8735.58360631343
8065.12585329962,7613.55090641942
1449.20862200626,9156.29576910254
1630.60655852145,8903.69505886398
3006.71201516436,9904.47263237219
1409.76040072977,9183.23953355856
1694.19172551143,3974.0110126132
7762.0359798101,7201.83421006679
1054.03474347695,8297.80569318145
8379.94670053165,6282.17206627648
6993.72451661193,7561.34746275042
7230.11380359229,7380.9995609545
1206.24190509437,3374.73258722831
1530.73363428184,8937.14170287269
1414.21531558371,4091.55924308886
2226.53679968173,3758.65152510208
8068.60159322252,6318.02192025097
1370.20738581891,9193.16664328799
7341.81367124705,8205.5150927159
7313.88907708266,7652.09352562109
1154.4035273769,3387.08445785446
7587.36122373319,7655.19679180367
1413.31526556715,3626.06628267763
7168.31977312399,7795.26703998854
1639.10816545938,3551.63782172877
3038.77342280323,8975.39008581571
1112.30392509584,9426.74604322467
1119.18008908973,2911.18106390988
7785.8454943172,6970.75257632321
7443.45620830363,7531.99486471625
1797.36754534639,9153.77602268504
831.595824356281,3478.84880514927
1883.84389784467,8987.26256779905
2163.63346461696,9129.19917058396
7832.41190816996,8260.39227663753
8473.40839046566,7819.79810017824
7854.91653574246,8072.1110219163
8007.63333937079,7338.55924311393
918.40771340053,3361.87878630769
1903.60183431643,8469.45080169648
1369.53104717676,8924.43112459329
7649.7207533609,7680.05630431534
7078.34871878689,7759.70912022722
981.972854068582,8857.65526243342
8883.68585364017,8140.88511501574
6889.64553669695,7165.32225818825
8706.02946388112,7987.31591450853
7714.64292281101,8542.88276390938
964.971212989878,3517.12244694436
1425.13845933724,3870.04007679239
1027.67012198801,8915.2341993035
1602.23358280123,8457.01884918322
7537.62202302721,7233.09997804554
8442.13710782551,8208.96611140333
9033.6366373938,7493.89569299791
1338.60657340173,8831.42235275957
1367.64680252927,8699.89504653799
1331.00429557308,9218.80060262685
1169.51438363569,3415.57463571823
1399.27975684934,8940.98281915888
1238.21035794038,3298.4526228117
6426.57376728124,8264.83077831388
5389.1103883036,3607.31554692148
8385.09687226293,7115.15070658963
4023.9756871562,5011.26702708363
1178.3494834199,3458.57069741568
8856.32145137101,7209.10274406235
8103.66228945198,7804.51360846172
7805.37269653498,7945.44776495076
1390.80849372666,3630.188572796
2123.69910760822,9385.99734385058
7414.04371864623,8202.91927724454
7502.70618166826,7402.82977515766
1287.09486743069,9213.78938782389
1416.04612050754,8723.35295269915
1183.92485637089,3352.44990088096
2092.69329833874,4520.35526659028
7490.7430283464,7701.31477517561
7939.01750005535,8403.87062109572
6384.11343088706,8080.67900979606
950.801339573305,3124.79440953971
1881.55389604272,8797.35693759485
2081.50873347049,6017.96075048061
1950.30725544658,9079.86136505482
1558.57182533775,3687.02438520608
1347.10485164996,8442.20461451006
1288.75266844264,8967.55807737145
1531.50387053218,8625.99206241521
7404.39039704928,7379.47465904941
2197.87571986153,8084.60570315689
1367.06522800487,3680.44762018792
977.505285814646,3515.4301948951
1553.91458810183,3240.26872390566
1864.42655161556,3918.32941133406
1106.51191914527,9011.93244242926
2572.82943828393,8957.98148045439
1310.28615686487,3420.06130483409
1671.70940138822,3211.69759069734
6884.74230423594,6572.08101769331
1937.81344415274,8939.62906038265
6616.52407356716,9323.75123574547
2197.55428919526,8470.93943456826
7618.90020523062,7969.10631030474
7222.21379808648,7510.98625209837
6116.76151290138,8067.54637838059
8451.68582720643,7705.7551552544
7927.26061517357,7473.66212123673
1352.16854190478,3362.02809384554
1626.48011168265,9159.7047997998
2546.80535077724,9203.27333225607
1741.60021662906,3766.98414882406
8120.87127391023,7523.84282451121
7517.91530222254,7553.63818179838
1044.84718261445,3282.73249211234
941.018372235858,3380.90318094744
7595.93065356249,8441.70325708849
870.995744567832,3114.80442753469
3188.78176911069,8556.02179495038
8340.04449947414,8023.32441019266
2047.62690821762,8588.06320016775
7292.38568134109,7730.04387562339
1710.80747589453,3663.33223754561
1262.69341991697,3616.95355624441
8019.48198599071,7254.58591307564
7696.94334061847,7395.19847618389
1287.58913340691,9376.73783878884
1129.37473392841,3424.72869042191
8780.74168311287,6032.04078793565
7755.96380623266,6992.26381465017
1410.57077831874,3632.17206792584
1282.81472958194,3748.17648030314
7762.93063846873,7816.81651870845
1065.55724980512,3239.72499641489
1174.47089050068,8356.79325530745
965.012851490125,3864.08825416017
7068.07717196089,7378.46738527891
2004.28237883715,8760.46771857965
6911.0136992411,6557.94530029674
985.31205293376,3441.86770856482
1122.80991202034,3414.0801458463
2669.47053787316,8693.78501335637
7308.5157931737,7347.29132491386
1854.70378494912,8992.40223239206
6386.48145842738,8194.37533474739
7135.79781592842,7305.33206268769
7665.0136526566,8304.21265123409
1455.41476761507,8960.86356273048
1504.36726212604,3364.65980832168
1447.06046382374,8710.25953481383
7627.5635915429,7460.02657418215
963.152283650828,8752.83800330322
1203.54641218867,3286.66938807706
8089.88714636262,7898.1910382287
1140.89486968274,8407.00587141232
6522.12055905157,8070.81771739765
1538.20915885722,3539.27825616379
7563.68352141431,7793.48968365425
1023.5111314545,3379.97176372723
1402.96287652986,3608.16866349566
2555.53302153501,8786.02357887179
955.830935622159,8778.50580125517
7023.75328459759,8099.04460947293
1484.94470900875,8807.90652810952
7231.87633540264,7447.23601612856
1438.57162448062,3453.06836304435
7610.68723941135,6422.59481388894
1429.63965472509,9244.28063066959
1252.57514092371,8846.01549742762
1313.89439270097,3278.99224225975
1497.99006501268,8639.21048489074
2833.99815753408,2963.86914463358
6655.19903362376,6850.08167740045
1710.21185416972,9586.33340726049
1628.56429091145,3629.83370147031
7640.38087860713,7963.24751551449
1750.36403151161,8209.44587752869
7463.28571943116,7741.24437663069
1007.54299096781,7959.21043015353
1020.98536522886,3726.9766907675
1795.39158596818,8523.68641031927
7189.84725309076,7748.15340483897
1793.97994152746,8825.94409821627
1328.39238749473,7868.24977059881
1576.13767527831,3998.97974523527
7454.56827191967,6940.07146873374
1542.90091939825,8662.81433298044
7966.43869885694,7517.94627647743
1838.81392712004,7608.64338470513
1158.16469604303,3751.16194999877
8347.55923448157,6898.34962802117
8109.61365109367,7461.88566476916
6654.53885769438,7483.11932931791
1296.08896007739,8677.00783926645
630.505938077388,3366.23860558874
1076.66347161785,9372.42461490977
7280.90405802232,8311.02567851948
7106.81220132321,7791.22389860355
7846.24544098994,8037.0916030817
7811.80504912957,5320.72324516553
1437.39752542002,8868.99683994403
1609.01663385783,3355.13275329545
1326.32182189477,3690.40620953819
7767.51095744149,7166.40418930671
2222.17107526521,7577.86641357852
2398.08126242549,8249.50338696469
7394.61106752012,7495.68448358718
1300.69337173613,3905.23298790066
1302.76261223124,9337.3419052934
1248.15141597883,3617.0704050973
1871.10772189577,8820.27925041689
1646.31329151735,7893.06340176926
3792.46176066325,9179.98389231033
906.349950015978,8900.83524772592
1767.22218649334,9083.68243870952
1618.99949057848,3957.87990527574
1051.71046790494,9032.62491620803
7418.38346320909,8239.78201465483
4288.7280443249,8114.20463816011
1073.36367184264,8350.57621629016
8363.07231271181,6780.86164711945
6470.82678103813,8196.84657073031
993.853868334147,9237.48099428428
6896.72579379716,6821.44644074102
1116.19321988834,7842.28619750019
1336.11016069735,3448.65292255228
2725.72012740259,3973.52689719322
2249.48488145268,9245.73789767409
8052.11507788489,7352.65337952384
6527.65718437398,7417.00535677128
1678.73981667548,3289.57064074678
7267.65026572511,9675.01108835883
1526.00113772049,8999.78658875477
1440.95595799301,8709.76289475445
7442.17772059674,7269.45013125867
1553.15809677158,9008.38589464963
7859.3951176832,7647.80249460846
2334.79223242981,8599.10196165146
1780.84452477495,9135.23061429405
8526.49614590162,7062.26955061554
3272.84429509928,8394.69947523111
6458.45225156946,7380.48366786619
1402.70085999631,3555.89155922639
1515.10763569544,8811.82079858443
989.610198809233,8461.21294000323
1178.40508680017,4049.78032165997
1786.25222978741,9055.47965337675
1911.99160763381,8935.37285458014
1921.00764440602,7947.3207110887
7578.67834796001,8176.88969872434
4603.40808654103,6210.42002815889
1171.24983849207,3542.21399214468
1941.38760942416,9057.7714493661
1681.64964403871,8935.93119171882
2758.86189200868,3546.82283304209
1686.13609380222,8970.90249323798
7929.33036698333,7797.59227433734
1947.37934133387,8654.59276674241
1016.04518060847,8378.29111937378
1986.14121650784,8994.48077328126
1386.84916920043,3440.62356849007
3023.69699206767,3108.1320109567
6648.77821368031,7312.18150117972
7402.62151479971,8056.331066343
1212.60286264425,3461.75919628128
7534.30165011557,7181.53794181596
1128.92828369089,8959.82567991311
7151.21528084852,7729.28740248442
6153.52685087452,3991.89939928293
1955.48443117086,3539.08658298287
1281.37817026715,8950.12184641498
610.965380457438,9270.95741904882
1898.41094913477,3635.8271584909
1300.5305600639,9269.19614122504
1853.19709342979,4201.55352214721
6929.23047047046,7790.31538719265
1239.35439809016,3279.46033771299
1440.65140767162,3470.6094283457
8932.8727303911,7884.93921061044
964.677567903917,3728.18834804194
1224.59938053851,3561.63423268937
7796.25783424972,7360.0527476082
8593.2954093296,7189.08673099899
7041.3812289053,7906.03709577978
4782.50442767507,8851.88534826539
7000.07631462633,7592.93338457193
6674.16146399108,7867.05120439209
1494.94873039288,3164.8554311068
6863.07912820901,7202.03898613381
1044.50843156189,3271.27867289714
6829.53620428459,8053.06314852446
1573.87651661022,9198.64665744344
1870.75913144643,8282.67940388996
7761.88343340202,7771.8259940103
7167.73398783714,7395.28881071617
7338.63815895883,7460.42734393735
7225.12531429858,7024.74742374317
7312.67046511201,7866.88504976331
2077.76871156423,7466.99975548003
6614.88708464238,6592.22291942912
1973.94097967406,9000.23289236728
1337.66181519207,8507.80639843873
7388.28608987343,8111.1650430099
7458.79404799474,8766.10810202156
1673.41258923233,9112.48013044354
2123.24048664725,9044.23918571873
1685.74256314507,9300.87270010852
7119.26669312957,7273.08493471571
908.838040732715,8691.27050727654
1625.46797111486,8973.2667853438
1702.43288054293,8154.84618829748
1060.12085895225,3140.066500573
896.953851204257,3362.81936947599
1336.31913759149,3935.75269315201
1436.16497859975,9065.42141834348
1154.53706062041,3219.04510232802
6251.65572886499,7376.34454869604
2633.94013787433,9176.66833066192
1898.27891681377,8678.08670405972
5019.90088092331,3361.23432637612
878.995118246936,3198.01950735725
7971.79876375136,7559.73163971416
714.844725367805,3403.94481557367
5352.95233755747,9286.87649579635
1475.24112914333,8924.66963701301
1492.76939252804,8684.16657625502
1097.06380107732,3258.00626989273
1381.27134732304,8384.06268730763
7695.58899270628,7243.23922089007
8013.36600100281,7783.31832711409
7784.33653436105,8484.30160046895
1076.57780706641,8675.343824131
1864.63572797618,9170.3636598937
7352.62080858644,6785.34639969496
2349.73729123376,8982.59095440613
1827.17916959658,4056.90068200503
942.282011369643,3542.73915519819
8899.86554068463,7591.0151462448
1387.53469104308,9086.13176929321
7538.04437076161,7006.47353503145
1201.27427426317,8989.31799139744
1205.51626533888,9080.90043864109
1498.53237779288,3848.64494289516
1125.10624359659,3642.49298482695
9111.44115930141,4659.01379586941
8430.17264629917,6226.07099874688
1894.31140250609,7748.58830440904
1994.84030910514,9003.04185596892
1604.40665426489,3501.27852086497
1347.86697861629,3609.07140749244
1184.95602202307,9113.0113496141
1609.59485343873,3404.45091074376
1123.38593371854,3434.45971601195
1610.88232920663,8452.14667998611
1440.35134425474,3538.65927354465
1965.17808042947,8997.77675786914
1508.08357726572,8888.47974430431
7477.28424178167,7863.2943768796
8428.93749128695,7291.14907827428
7283.16589619686,7043.46344290125
2211.50933655106,8983.08625615163
1684.55822911175,9293.11998690799
4774.29050854972,9010.05999719874
8037.67733633471,5989.95389679161
7679.40446065585,8222.89645206353
1485.20301964825,8673.0478727597
2052.79995547341,8505.03889317291
1793.21694894988,3675.26720136457
7166.99952147237,7991.21814664735
1548.72780697779,3727.82091990494
7239.2485696054,7858.06754805746
1971.25213219903,4669.86329968035
942.762560598767,8012.33117989731
1377.79813939659,8320.41121648014
903.029566090673,3268.65900644559
1722.91365379211,8653.28456061956
806.910200240817,8064.69986857463
7463.709961796,6133.00743426147
6529.226547915,7666.85434237705
1458.78930015117,3798.74150233916
7958.48591709274,7743.92218769735
7075.43150315315,6786.40682981636
7253.24309861245,7916.91320320024
1719.60115631879,4437.31826518792
1350.86069171836,8984.09676277171
7185.26568205661,7986.40574297257
7402.034376962,8285.88907900435
7895.35207206181,7668.43698366545
2836.63909269103,3862.19610831993
1334.77063361505,3391.7064620859
8060.34750168337,7780.19089213427
1004.87282109777,3220.99507909819
1505.13328519449,3809.94393038662
7870.07286310382,5363.02383484766
1652.18832272671,9123.90403435765
6773.88067933221,7302.66466024991
2123.56854155574,9071.72330384881
1056.5803926283,3129.78070986071
5411.14345534948,8351.59582561547
7813.37550484108,8533.09912555168
2157.90922541505,5954.20745048673
8501.81978984641,6926.49625175854
1931.72187896702,7096.06279955903
1376.82131500863,3557.55070138501
7618.47352925486,8040.9356838126
9175.50450055448,7892.80207697639
947.226838036727,8992.68938633073
7684.65088940134,6981.25282780385
6189.50856324343,7224.10585892999
1844.74638808979,8226.80497850552
7079.39463150716,7798.78037556781
863.032561639884,3283.82230709587
1629.05743953248,4192.96927654255
948.021149001009,8213.15368688709
7429.54522208309,7951.82667390726
1129.65835525019,3189.61740249149
931.496967008475,9063.95170140018
6998.42622140261,6960.99401781527
7332.69400804181,7728.00654642863
7078.71203413829,7321.81013426039
6869.71172600743,7546.17167042844
1799.4242603555,3705.72069480414
4882.51789356796,8873.2275592364
7706.72678633022,8546.82281410289
8216.42768334955,7677.43987330925
7017.25131922334,7561.94411091453
1021.1439249085,3315.25736578675
7519.34628173017,7708.66249280503
1506.58639250106,7958.04462344521
1401.26867863769,3601.04105729362
2582.34916690191,8438.30865164653
7800.84320038428,6170.03580342154
914.222084877754,3246.85893610285
1936.3065908671,9293.18977317647
1133.87133925039,9030.0750010216
1555.18745416495,3820.00643165538
7672.82910888835,8196.00240645858
7097.17223097385,7020.83796337533
7898.14560870542,7216.97342725152
7720.27819414273,7485.82726791294
2041.83192817538,6063.78698842602
693.927408965207,3371.28743617008
6881.53803814278,6734.46897825067
1116.16845483255,3240.96770481454
2797.46702126077,8741.98764645904
1504.99488601533,3867.04871366993
1030.95013322312,3384.37583939568
7286.23020900027,7393.44889242073
8143.90468783581,7889.72754401136
7116.91674970101,7316.19227367229
1436.03623395848,9163.23510830161
7774.04537239502,7955.29690362261
8752.98691251601,7601.99391058628
1578.65509853801,9231.28323843396
916.518784830653,3183.78844153278
1602.83957137914,4083.20026709289
7484.94773158909,9345.94762981925
1185.33958019044,3501.91315498386
1726.8211499884,9101.535127561
6587.01315680007,8196.0788361681
7120.53328992903,7646.12999205938
7718.00436810917,7185.99542485729
7149.40864385936,8135.91230389895
2010.5192126409,7009.52083629679
7788.28932917461,8095.42116427842
1075.71708694291,3420.39660289616
1927.67713148582,9097.44485721387
7699.70829392084,8191.73819179364
2201.34352615225,9358.35126389659
7608.29262594163,7757.58729131521
1327.8529887313,9230.13895314015
1734.99367489519,8427.58417327718
1295.61956582758,8746.81170662071
517.041962267224,3286.88702242733
7068.65211553693,7366.26545145072
5281.18366707319,8928.04798264151
1944.60029973765,4085.29739576624
1675.29830928677,7899.47656845207
1339.05527713083,8446.07050712006
1098.54804944553,3298.66290351844
1291.57765268919,8220.23113665087
1797.24472288082,3915.10964021265
1190.90051354316,3503.53557422232
1910.44539075714,8940.8306319814
1482.86535803504,8527.97084318386
1638.0715973354,8377.14921399934
1048.09989266425,3415.4098436973
1620.71275236522,3516.61203407485
7208.29287777228,6927.24907477565
1474.80551659949,3263.81601646121
7694.80175821437,7325.84429886935
8378.42363398301,6561.97060924448
1342.7253870764,3510.09395353066
757.119142406809,3341.17350608906
653.412966624227,2996.24057949651
1807.86567658169,3728.14814398809
6524.56005056133,5933.54802521006
1823.21267075563,9203.61904965773
1123.4920550506,3974.75603614623
7601.26358749488,7786.1543648832
1937.59221048162,9155.86418268334
2877.1456785973,8512.41619934238
1814.74591633868,4325.84508313334
926.527484047711,8781.85774778259
7378.96362278322,8116.04980544422
1399.37261228424,3758.89668349461
817.093690021654,3319.90225504547
7139.28032207757,7436.88771111647
1337.22384590494,8833.03746427962
1032.96741097884,3619.98900598958
2281.2173873648,9045.19731754162
8579.9723980228,7551.39725289111
982.56026917729,3374.00437542218
1560.86463718929,9268.16774054313
1612.61456880702,3882.87232823593
1159.08431439498,9101.07734370742
2015.06308189813,4682.45170364173
6683.94957159902,7444.46536101524
6749.62125149387,7598.54612380904
1098.17046081914,3488.69371459247
863.632858187334,8777.59268490565
1822.76777467216,9201.90446010737
2117.43752570075,8875.31196910504
1761.67220506681,8466.37022365165
2091.0898258903,8845.60528752676
676.070924612054,3288.44698978423
7219.97657019413,7434.61903482563
1554.58050164766,9169.26376828804
1282.60281490644,8993.28008168969
1428.58686967736,8993.42905184873
1109.71231123575,3380.27259618974
1507.91193169563,9100.00854922782
3273.93067438829,9171.6205790365
1209.48402891843,8356.60500479584
942.723668941015,9017.1950190215
1239.1094235736,7957.17395039752
1184.18971916304,3618.27773010736
962.69604221079,3039.76395108666
1678.24962798703,3907.46298748274
1833.75854256227,9397.39975502817
1769.76617191515,9087.00449363485
8311.66375697909,6703.76735848985
2275.13731464381,8772.14998630537
7719.48660550432,6541.47666590993
1258.84447454641,3544.69444504714
1340.0704677593,8925.58582546235
1363.28612463263,9077.82650512006
1360.31205041739,8584.49443007598
1470.07965913455,3450.33073175356
1171.21712605369,3558.07552830097
2382.83401983419,8512.5237833791
1493.97738402749,8731.84229352058
7418.83045206448,8270.51332172194
623.397008663268,3040.23208963281
1416.84504582146,4505.93147483065
8037.21332787238,7503.22057031085
1187.51327838028,9112.26607108706
7977.03047593932,8133.51729689776
644.433870657926,3368.05180687017
1051.19501452743,3415.10244110417
1209.93255987472,3618.46109861562
7705.84507863262,7893.98594983859
3105.48786643467,9166.64547621114
1356.5176012767,3357.01722747145
7263.30883098165,7445.63182933624
1063.85354289433,3313.48432851489
1108.04114608532,3584.54311145005
1830.72239881426,4661.98033280144
1487.8856100966,3546.32380670791
2518.70137195198,9085.95870850268
1755.12455078558,9181.09479505822
5401.59279923567,8059.42908552298
3787.85769286243,7610.23513694931
7097.89232190979,5446.69153897657
7513.94530612232,7902.68632070854
7918.22721212127,7191.00626888977
2431.27749552775,3916.24792531363
6480.27666267684,7226.27767655751
1445.62231430683,9203.13906471033
6944.18861057494,6810.95948120354
1703.74469149445,3783.80767740306
1438.9995978519,8870.95196244078
7783.43444319896,7881.32701843329
1918.88089770778,9276.05183446714
7314.66924840238,8169.23112838914
8626.95941597981,7562.59188565318
2143.42067428063,4581.69656127379
824.784881917173,9057.2098924126
1365.99661886028,3845.35382908001
3587.0864064136,9437.24171394647
2291.4645575036,9209.87427554162
7290.16876939762,7086.81180443511
8378.05631688083,7166.31687904616
6477.853355202,7316.28752488101
2265.13540614582,8863.17228228574
8382.89520776915,7369.19126321384
1127.36329463132,3407.39881931366
7404.83727930973,6848.07465995499
654.941259971238,3124.39438076518
1100.64375452068,3505.09407891843
3327.42123112799,8857.36667466462
1052.55348213123,3579.429793335
1129.32632480026,3444.56491196219
2419.0484483796,3996.74619207398
1220.63019298009,3557.93390068483
1284.06851922187,7975.39032608886
7821.05965878402,9404.71996494617
1586.11922551672,3638.73077280078
1276.87709981021,8975.68926400467
2053.92038544077,8671.45014346785
1028.09226452174,3602.86509800152
1222.22115381062,8791.5098067173
968.736254982658,3485.05933838678
3856.80871756234,9017.17755331711
7086.48981601571,7042.58325891356
1922.79163228781,3709.02465853996
7194.09116060212,7138.17730540661
574.225095444534,3135.56364773789
3822.49245426799,8960.25875934608
7647.39596168372,7660.50631727345
1522.33471182473,9263.68748453369
6329.30078790535,7506.74271929889
1309.12818385202,3599.78285915502
1622.02150368669,8981.41458668272
1220.21104201779,9386.05796194619
1463.7162659337,8867.69942629988
7408.88347743804,8400.22091645992
7825.60348891363,8098.40076637553
1499.8925207163,9116.5976586102
7768.39536295742,7351.48544426391
9165.40976047554,7030.39396245028
834.430399980639,3303.16495697767
1778.70856451126,3606.48790993387
8463.08341556362,6675.91231080418
1768.86568376448,9223.18186726478
7346.20467141239,7707.88192661902
6615.90521643381,8457.45918934884
1373.6960850769,8882.08977860106
7543.0004351341,7503.74905337783
8106.12717158427,9010.94486632524
1345.09277305259,8505.89206650818
723.186240997657,3666.25329500227
1720.12789740295,8912.20654299757
7710.49282211017,7408.41642255533
6913.27802785612,8066.63064943221
6970.70707432475,7447.07540633409
8236.24795304986,7393.36388723599
1369.15168161534,8971.21835627912
7615.34523049178,8229.26995916794
929.160636773378,8996.21365371973
1919.55905480455,3676.38600641687
4781.32422937054,6861.85399386918
3800.1749580453,5300.93315812408
1605.97401792134,3700.47885602274
1483.70233984942,3237.96766336075
1117.4881662475,8960.9710696259
7298.5942012692,7747.13208974835
1136.84963397402,3688.10833121971
6946.90945322886,7495.49621009017
7150.9959607991,8164.20068304494
1409.72873576804,8862.68029748244
7710.76931705193,7259.52943588445
1582.63197891661,9107.93815475413
2229.98048792724,8872.40791586069
7929.62786650328,8085.91538655021
7160.70101855844,8242.656001891
1183.65266138088,3631.49760594077
1863.06537243348,3975.99432433551
2004.25522100144,8798.67386333369
8345.77531999067,7884.1628192153
4297.21236231897,3556.32073856275
7974.04117785742,6614.35536576069
7923.73902405393,7825.40139558381
6830.49529697758,4885.45114666813
7317.19943175449,7547.01066946681
6632.83900594806,7874.23157426045
1565.83068247893,3768.23657101484
7205.62075512508,7297.92764397967
1501.38847869639,8331.90993234027
1831.8017262441,8844.74120856942
6831.89998587345,5872.84695670922
1955.95673828543,9103.95155022687
1031.28721592596,3567.66095568942
968.049062164717,9194.64160313537
1557.4902632072,3743.36022077844
7683.51316275779,7414.57239047039
1830.948856529,3750.86018450121
2141.53948302302,3821.04411044508
8204.5667938098,6918.38919340735
4381.12920288584,3697.41118659996
6712.02875809882,8101.34688004898
2084.74633129454,4187.94356825334
8045.10660285247,7650.20574488709
7411.6205412895,7870.20376953522
1539.44864578123,3681.43243623228
6504.94366716843,6781.69788180931
7917.43830387101,7920.77282052956
1042.77182462442,3631.71271258589
7851.38670641921,7081.97536995059
5549.25752452033,6959.57236213153
1226.921917218,8083.44573964514
1027.3357591534,9222.93834578852
990.70109383916,8850.32032906517
8721.46361114514,7520.98237925408
8176.36671973085,8056.91136060304
1613.22866480933,3756.23843029996
1549.43920774457,9086.36982982514
5991.86987435874,7066.99203123417
1540.98538640817,7727.94473994226
1563.19505095162,3669.46241312901
7717.39144403294,7869.55326131637
1482.27456319605,4402.48063181634
3321.53616760232,7729.81731834065
4376.8904173193,8302.05197901654
1723.09752876736,9145.87515566745
1246.33406957127,3412.06407812784
7296.22183182301,8734.42147983515
7775.02123708246,7419.49269642725
7579.06187877025,7831.22181170335
2932.43124621501,8423.86226818316
1571.63756555452,3631.23014839495
1222.31893312125,3478.96718957995
7805.5919843158,7923.3090168514
1697.04985175107,8293.68892640016
7473.77775501865,7771.35680651866
1178.37062508039,3719.90993834266
914.068282640188,9324.72591556443
7519.7108178635,6413.17758180018
7566.54001215429,7326.28797555503
817.137706778308,3536.58468111559
1473.02701174107,9153.87923859374
890.432935911234,3216.22661305461
2627.80909003631,9095.07050036564
7186.14092323242,7552.56744261171
8704.61175296336,7290.60973220243
1480.96045223049,9031.69818860977
6308.69918378579,7466.06819596617
2497.70509474222,8646.70728336343
7546.3366337618,7301.8706225168
3149.34050446115,4537.05649684962
1363.16204672163,8981.2478771949
6906.99017157746,7884.16561812903
7911.16880468945,6811.54514600198
7685.64488719379,6718.12022923197
5006.46650280187,7827.32669096264
1811.54127544813,9140.95415220112
8483.32450308954,4769.02710134486
7446.50403126178,7221.75468586404
950.872510690995,3471.25449056055
8266.53891833526,7566.12981717506
970.828689784129,3570.77026050505
7492.46969490494,7892.89522215062
1575.22854966789,4070.70484058057
1080.0189148194,8736.90323918179
1312.10936150327,3827.5554140852
8908.94506356119,7331.49834133949
7660.217436702,7746.1381153659
1253.01388969763,3471.79315627168
1756.46750510909,3807.44949837997
6559.53587624191,8039.46231564636
7356.39999349954,8186.07391499221
8629.17518351661,7281.59237575907
1404.29943982301,8789.53101683172
1276.21670528964,3817.76505751074
1357.02453598672,8263.92610117489
1466.53537767671,3446.55423697441
1205.16165642181,2980.74049995292
914.504972958949,3290.72977130083
5784.67682168814,6601.39626103528
6931.56429926999,7519.88747936066
1570.48211154902,9110.25587236063
2633.31980504369,3458.26835894893
3517.84429830365,7511.64946629315
1507.51354932787,8701.02673237471
1812.0625546255,3544.04432808045
7461.80781201548,7432.25721941097
1127.34426287153,3059.43312358711
2861.66628748058,8014.84782413799
6820.5800097432,7409.67610602501
1403.32192669535,3469.01400959593
1566.4815691806,3028.15858103419
1582.03902562564,3768.90787998052
6931.9868815481,8002.12912796308
716.763524298173,9109.84059685411
7391.67404932174,7473.04892064181
2362.62340973834,8687.25089756738
1251.09384279963,8635.00986540677
7058.83831623157,8025.10942818416
1347.47856915391,3788.9487069184
7727.26435029641,7864.14931891713
7136.53555758853,7510.83585878178
1161.05417905888,3581.9004282089
7168.90424431567,8195.53200668488
6965.78750088123,7328.59924968405
7956.59082632764,8289.12401870736
7840.73593312614,7846.62147361268
1785.24811722966,3916.52443831349
7362.52831183638,7507.618577806
7660.08564653428,8202.70931201419
1731.59322153055,9005.7723623146
8169.64587376021,7890.504088019
1105.50189053947,9036.06121667842
1736.20157802654,9232.25674116981
6659.21123771549,7959.97296384914
6581.58291318529,6654.05804929206
2456.6768592555,3573.1678111453
739.933329934702,3146.57550781911
2733.37055765732,3865.80331624566
1580.60351955602,9021.36648437914
1622.0429131814,3747.8693205685
7016.88128515022,7369.62458724985
1592.96119119031,9139.90499924803
7945.25246080752,7486.49575141887
8572.56614923829,5742.94024468269
8136.131483984,6711.54938069508
8016.15333345209,7810.13580957305
2205.77086236497,8889.65393936722
8106.83781579391,6951.07874155257
7768.2124763478,6764.13546438914
1435.6092677678,8587.51965186762
1746.88719542975,8498.07864207723
7889.11403343422,8004.03666206881
1009.03655226601,8975.09764603342
2048.65614756596,5386.5402829397
7425.38778437932,7233.56750962987
1035.2623581524,3224.17468087459
867.718128544898,8904.7870537351
2975.56001678202,8539.47950841858
1198.14003233229,8730.67533390846
1122.89818128578,8704.4352018508
6619.92934795569,8001.03466644023
2525.95338444144,5555.5018367068
7837.02110795394,7029.95966507246
2199.75599562509,7299.60805008818
860.837846200753,3269.11431007887
997.372103297934,3431.58909635582
1845.14434040992,7998.22479016416
912.338352533212,9096.04612387032
985.57934508487,8611.17373479444
6785.88931285223,7328.34560523497
894.008041195969,3541.35368832212
1393.28310649928,8871.37471864486
1567.81128903158,3522.23991716927
5740.56777172076,6003.41173088935
1173.73377902029,8747.01429901774
8728.90734494025,8084.51793641066
1480.46454076357,9242.77180932201
7538.43292892224,7513.69640408363
7389.4884332372,7727.62283991409
844.948973837821,3270.17575757968
7370.79346437418,7209.84603749779
6807.66249109617,7848.93135640071
1094.07556976411,3620.72588819441
1225.70423612422,3630.64484460527
1436.40963018014,3847.74909266108
7022.62560669762,7464.73678874111
1870.1663861501,8841.7362295814
788.516353453005,3347.34157057137
1829.08552706361,9118.3606523435
4070.83988319154,9069.20770691757
1827.89785242966,3525.44018113222
2533.3013742247,3782.74389702434
7876.37577550701,7777.0026514152
2951.27198909866,8544.85245711248
4330.25871295209,3720.68330103383
7158.66703136825,7941.60986516432
1790.48150416659,7401.19834435776
959.299983770064,9106.90269511293
1155.42107932955,3676.77511381411
7807.34006932795,7901.94509194563
983.737816948144,3224.0123654464
948.765668247302,3139.25350027591
1360.88697630489,9017.78352739745
1128.33909481211,9239.16603460429
7454.94703769642,7040.34289790378
2225.4855070343,8706.86954838545
1688.56618263411,9072.08795654084
8381.67322832187,8217.65551871977
1153.96539394368,3628.64659371619
1522.24041263248,3539.74064378078
7189.8160362449,7617.10730879729
1292.5941884106,8982.71053426578
1789.14662611218,9262.74185121343
1844.80828534189,9138.24015686221
8466.7058526161,7897.60056664765
7049.93750176268,8067.06027703791
8079.15950538793,6036.48176559777
1047.4712825848,8927.37998488321
7755.29357057076,6645.99000258368
7156.24802974255,7065.88352805598
2146.25443383232,7943.69095539436
1834.75871205777,3925.52816734582
7907.03968410025,7599.04728431075
962.428678095704,3184.27670359616
1615.45966507933,3653.85536010038
1654.55227310714,3568.251965149
2204.45025593587,7981.28494483037
2089.28098291051,5393.65193275967
7243.5679110354,8363.76003773103
7951.20221818379,7623.07274974172
1847.30303525206,7679.19410623137
1204.09940657038,3490.64055313052
8876.55355138339,7397.7073508291
1667.02605081107,9346.48123433504
1938.78207809017,8744.86907348007
930.225481634221,3455.33290367816
7880.97724598824,7475.40893092595
7848.77642816369,7278.9756499927
1807.4170656636,7972.4087473869
1341.40438251534,3828.59041604403
1550.21443351372,8910.43442384837
7571.11739447216,7388.40159675299
1239.18238879978,9020.8371666792
7710.27421889081,8294.15497046306
2195.85329497019,9103.42476432189
7099.82467430115,7734.56275932563
2622.35281652851,3871.91684576595
8217.61351225299,7227.71453369202
1647.5224082379,8490.01622863957
1573.66691671069,3384.97797476256
1292.67127289782,9155.10821531536
7500.22201385818,7122.21500916796
1462.34985954048,9198.21139520889
7470.32060925445,5599.67956261116
2834.24550182634,8587.85684494853
6783.63191523415,7188.58925035312
7235.78269783322,6278.18150493564
1453.9110736025,9436.30709658809
6941.09482421555,6779.76637860825
8006.85798241697,8126.04635069083
7840.64682647687,6196.81844778903
7900.86183646894,7220.44331310183
7038.77997535985,8082.7379134774
7166.0187037048,7811.74038554528
6877.42338246114,7468.04334011513
1219.75373010319,8687.77288935976
7440.50152694193,7605.74654733123
1514.15628925641,3662.83641159005
2952.6000284374,6737.84773998727
1837.55937087501,3842.69466891329
2143.76307476951,8857.03620224498
1669.7414452959,3971.36202791355
7888.33771814375,7886.27782484024
7357.4477127827,7068.54301258037
1346.32867191669,8820.24975452768
2207.29154323789,8895.56702185946
7428.23595333341,7280.15119290921
1716.95259513132,8345.76479890634
3720.00343193261,4470.89724117335
1547.61088672428,9163.33941372863
8091.11991202594,7425.89544585867
2365.77572419379,9219.60373725567
1694.05355288412,9044.15872628586
1364.92513885972,9078.36314379275
7704.09112521952,7611.52183523869
7322.00397596207,7910.61607723536
1316.02435206844,4668.55214192288
1451.68638767121,3493.83002629221
6357.93259107998,7166.88883356132
1429.51931383956,3982.40486956172
6137.34647095477,7287.79262067584
7499.77531217822,6793.84245341107
8342.39482580269,7548.2630766155
1558.87177077513,8283.23109421427
1182.54343806131,8398.92342784291
948.008017121887,9159.8375015624
8545.19266025987,7596.17984109524
1086.89965893704,3319.4319603271
7252.56366667301,6780.84683480102
639.677428032679,3522.34620925765
1116.27951324702,8651.77448045732
7196.68178065384,7564.93162173308
1622.50934714518,3771.4841367858
852.712521149864,9391.11543160394
7321.76859196281,7964.09246791738
1142.77228099511,3386.48173577034
7663.92007722921,7636.07268470452
1870.26456280244,8939.82633853029
1111.91502220397,3592.845492377
1687.89028396858,8142.70467331606
7183.84142059257,7696.29890863423
1026.35875819253,4215.89255148569
1341.62385228868,8651.66811846997
1943.12963103225,9173.03523170334
988.048130207817,9152.46881935831
1612.63037188016,3658.49801529679
1292.66648557067,3720.27917815896
6117.39764166655,8107.58799263092
1651.43688521785,9021.42456818835
7911.18064366843,8422.13163716694
1390.31740412418,9034.22899203701
7194.12780222546,7632.64273514114
1221.85835838677,3254.33965273423
8206.21995356362,7713.6609871393
7948.16035843963,7401.8534132185
1461.00366963361,9042.67431528705
7413.64806608904,8211.70826863891
1036.22377230263,3029.34576568473
945.876060409078,8206.87245605613
5430.01451491683,9094.44481282522
1133.41985532028,4429.67600573775
1526.06848092033,8890.9561552367
7300.60545196762,8413.50854918909
988.741272818549,8655.52920481216
1904.21635431859,8906.70937490317
7331.37960986165,7954.25609691235
3027.3608644296,8846.17042803855
1692.68309597144,8130.42468018246
1670.59807855696,8917.99341501522
7594.83472511184,8124.99442856312
2607.65181868581,8180.82286613254
1760.71706883087,3421.92076429875
8696.38526613792,8366.30063972614
1094.68187619377,8988.58394859491
6846.53740144601,7792.10708610179
884.823236528359,8904.48370654728
7411.89545324409,8112.71729145081
7604.5304263114,7965.03989848554
8239.60825821576,7243.11010646474
7777.6407694466,6940.42210933599
2411.02984055586,9448.49724343854
7249.04695035617,7752.45509505668
1460.87278044842,7797.45607724824
1487.99050665847,8870.81207400344
1736.31244384127,3978.01834697745
1565.77192270611,3707.49468013636
7290.14944421298,7298.99662699394
818.710881843808,8967.66385693819
1557.58181713705,8292.82731617188
8143.91901752454,6981.03370468269
1485.62822946873,8991.73787924174
1255.98676419522,3432.43985698006
1848.82424320877,8846.70111431715
1397.81470440603,3804.43374276763
8414.07649906254,7366.65742716173
8629.54788686582,7275.04915325786
7699.0772179597,8342.87124544967
1337.76303144237,8003.17628967338
8430.82414498446,7611.12733132402
1334.62933745064,9163.47066797205
1498.36954162848,7380.18683624895
1133.14538243297,9066.10697453179
1136.70142700921,8883.14383261803
8774.48436374732,7138.39701853686
1779.53928178306,8754.31013785587
3625.52159396531,8355.92772305229
3027.06907264875,4331.07862716069
1212.6048307174,3915.40635012086
7818.67354266592,7100.31550102381
1302.35538318665,9135.45738562794
1621.23442526804,8565.56639124424
7929.34461743436,8099.48123929197
1035.87172257932,9128.80905633123
8342.98397904357,7672.73576907298
8492.01802363466,8182.09689760704
7739.79063566869,7803.89177969676
7297.76791726033,7906.40038311482
7073.51732692955,8063.17356183375
7661.03803343217,7856.70898660509
7869.10057399305,7782.11736497747
1515.06902076369,4036.95298142774
1925.89057601331,8455.66132052152
1589.98771928288,3818.27255523516
1181.68413475443,8384.76016441301
7202.45757320025,7430.90442818298
1451.29166712828,3588.37165962747
1131.10182912744,8268.224124388
1348.16419648628,9171.61812939756
1239.66307690392,4021.50740627291
3639.79795887439,8474.63790716282
1263.33300128946,3530.48817017631
1105.68029693642,3599.16523796069
9162.43452121278,5893.6718929679
8069.417570438,7731.42145483121
5544.7539871882,3433.21475898345
1003.29464775464,3340.96806048106
7658.56890277625,6179.39214394418
6133.58632100627,7636.48719007077
4035.82860074529,7731.98453075817
1517.10423687361,3844.1893747494
8438.50826563449,6952.97313632015
3197.9044269839,5692.55651047726
2148.1402559462,9338.53267993068
1722.57132762242,8887.32251181767
6480.64016745587,6172.29237896362
1687.06280333694,8434.92175962245
1591.99519131808,8032.61174734087
1452.4261783056,4119.67712032044
538.311200293139,3049.31696377989
1055.6606203861,8770.39209223906
2351.91728374125,8790.53700213418
7329.58877225773,7336.05070637442
8431.53268222707,7373.6537267469
1717.60962165462,3907.99670548825
864.604506786995,3655.17360815539
7078.75993804265,7291.98692487702
1153.54113387468,3834.73231464741
1861.1333562324,3908.96703414866
1341.04210495203,8884.83953993006
7086.81401883748,7723.07419140883
1007.37840814287,8862.3263111228
1402.48737318202,9104.25757053852
6918.64577745505,7160.79637355268
7258.64991469315,7204.04928972012
1592.30739716139,3856.29136957294
1132.16557378353,3632.97636747614
1498.6476066524,8991.05485058731
6874.88298596126,6806.16639913492
2020.39163649488,8293.63416633063
7424.82630298211,7716.24217355332
7498.12321270558,6916.45047618242
7074.75609653192,7289.75587346687
1616.73302716325,3603.80441880892
6854.8292952816,7915.6840081991
1382.74325098874,7916.66133302843
7735.17256866011,6167.36658013307
1771.83265586731,3791.44636154946
1209.50305487733,3437.35039939914
7517.51983303237,7747.85713849805
5791.81682509503,7326.19184789457
568.653753107359,8952.2694462222
987.568639768253,3549.20650503999
7888.49941430842,7005.82000696037
1278.41931316343,3479.59194976633
1236.1563011084,3384.8172222527
1685.52839815999,3616.40822709995
3832.15836550553,8217.46150190714
1118.47662049373,8313.48968510701
1334.89968903918,9167.89138912441
1407.01182586979,4309.77540143604
1517.1102356814,3132.14005512191
7448.68277208849,6901.94613990966
3385.42806459723,5666.93333494723
1600.08287159315,8683.09328638768
7435.35627125994,7700.39224895441
1048.73942653635,3682.89146231144
1120.49267249061,3949.02337815268
7377.30963793256,7198.44652925318
7264.90738450112,7509.29847388612
8410.72036091956,7392.70503448301
5712.80493930401,7886.56513880878
1604.83233055926,8916.27612933171
1939.68719900381,7844.75012463906
1037.59070871909,9249.29361147368
9130.82570938854,7456.45426406263
7452.22651175036,7432.27781558236
1083.14172400537,8815.26425912642
7508.16488892024,7898.29483862778
1568.30826193764,9217.9790512625
1696.75688592498,8411.78580489433
7608.90187326609,8717.81745416039
2058.53358449548,3859.93578247299
8318.61280511395,6800.46137415457
2990.37182221738,8297.21919995844
8642.78874412356,7314.66508693617
8078.61994318138,7177.62965692724
1047.92319201368,8958.77838807142
7446.48199074344,7320.28340337847
2442.74300840255,3941.3214590162
1124.87471830691,8849.38444765884
6248.13222391517,7726.80485198678
1877.00696767275,8118.93956880219
1788.20907079776,8230.43800514966
6928.23777179649,8059.32881973787
1390.58669242438,3519.02562208557
5512.35332626996,8244.39948050347
1005.52008844557,8944.23958280149
1134.37951044604,3484.17542030531
1752.64652393544,4042.64353907808
8892.26925557462,7222.30386114447
1396.4575484669,4103.5336715318
1742.52740945835,9051.77496534493
7862.87735829614,7509.11742483927
7678.33504074233,4152.53712535586
1813.71818849825,8820.52545366027
1800.96244389227,8916.66723774824
1533.92782877622,8423.76243590404
7659.61055056619,8726.69119321924
1378.21599066721,9037.51424523503
2054.93594182163,3959.87592451523
7184.48576936231,7904.66204526073
1232.97095964746,9477.96130861356
1388.77057656019,4004.95482718007
1686.31733329568,3435.18470969848
7702.86513031233,8011.48658526664
7615.77148761234,7898.55473800792
2098.71067785179,8829.10297684673
7508.96143650154,7319.18274259683
1894.02789582908,8960.53498077954
910.807345336436,9080.54976442804
1951.03473856422,3974.20068979245
1894.70910959409,3900.660419535
1035.82688349019,3355.02217045608
8020.26192267924,8106.3286444205
1723.07056545733,9009.89830478145
913.920089440639,3688.1976046172
1822.00498634916,9350.25711792163
1103.92850642742,3394.16867470561
1488.29207699812,9259.18646296695
1264.8471869316,8497.14265810203
1296.78091724176,8916.31549915033
3343.14153370421,8872.32664742328
1238.3262935043,3744.97491687061
1452.63215809139,8927.59384680747
3616.68637123755,3043.02162703451
8239.62744286137,7359.13645337993
783.295046464284,3559.26156667407
1376.45279701113,9059.39516852198
6719.67578288476,7423.80943802216
1437.98781575013,3457.75540983721
7510.12816851168,6194.73935157887
2039.46208238096,3800.12670067823
779.928281821494,2920.07286088256
1699.6447405285,8948.77973081349
1232.70518481259,9012.60347563764
7445.82122832099,7446.50332557708
7832.02041227368,7595.79752200971
1993.5805924942,3943.44441230448
7726.84695587006,7174.04650117056
640.665389102347,3016.00849363748
1191.75466443358,3185.13597147425
6718.31799567937,6641.3126796603
8124.47669044365,7942.66154888518
9483.14450020859,7990.3544949384
5437.60666302632,7208.75566751228
1156.75213929002,9323.33463963106
1898.12670592559,8895.70047201885
1715.93857773841,9005.24570467397
7664.93934410512,7423.41910110784
954.817169664467,3478.3330021681
1097.50572632604,3331.91646837638
1193.90039814783,3624.8515688043
7574.19590743358,7872.2119777893
1365.04688501415,3905.32710029128
6666.7965346596,7898.3264448985
1659.46671856179,8766.90442376665
1338.13412768912,7642.86660186716
7547.39958161068,7242.18351458964
1182.30087227361,3244.49865033748
7839.63774885776,7294.31470060549
7398.13035477552,7626.37254655191
1695.56945828572,8587.78496281507
8357.20464250922,6492.07672729965
7396.54459644622,7537.74401537285
1465.3720336176,3759.14246511734
4178.09262747431,6525.68871376698
8941.37432538129,7952.6523766094
7706.94438950114,7496.98249800808
1508.24415532966,3615.95501340696
1240.42000711221,9050.38311347326
1520.34360169661,8531.67952219247
7512.74005715724,7228.82389003266
8571.92864718776,6642.62323108561
6146.0383759341,7308.6178354652
1584.97610189196,9196.47385579299
8173.30425554727,6441.9714261548
1927.94878283327,4391.0272117302
7089.63724754109,7276.04905393711
1432.69973325664,3579.40971375241
1426.22932125486,8915.12171657511
1561.66295586261,3556.41132504463
1935.43431143922,9240.03846463736
7715.59812063592,7828.63333299454
7929.69889196968,7278.72223346122
1219.20138349195,3598.89337134128
1192.06898685399,3801.64167082603
1555.69722638222,7979.72297120067
883.085198172727,3452.78579693278
9311.6419643718,7892.24494886666
1937.51794922977,8853.67854687826
8011.00716202526,7818.75107556146
610.180007512434,9120.33174877746
1079.48574189,3357.81574584194
7765.59454559465,7356.38321373471
7940.24232814133,8084.26399621506
7237.95873532606,7932.67283889383
1649.21224840094,9166.9538632961
1268.69219604067,3665.20102194748
1274.26458839755,4147.05938167055
1341.91435009089,8543.03358764096
998.79744854277,3788.12137569337
7092.42202529811,7020.8358610784
6422.45234602577,7635.2371051111
7456.78568041067,6814.57564942039
6768.75601314806,8318.92424716442
2483.42991696924,9131.15136415813
2010.62004980174,8190.32792595315
6092.56194819131,4467.84674693399
4016.08350362711,8925.35319824379
1354.76077627499,3548.91332463681
1640.91202661981,3666.98540464913
7264.18739475114,7394.34043485804
1166.78317624103,7467.87790843795
1866.77877003254,3560.97991924437
1461.81117002801,7567.4620460328
1535.98533533123,8971.42138029048
2098.3825114573,3914.52079211464
7141.55389601641,8301.34296217613
932.613694358981,3455.70271000863
7291.20451093887,7388.19393910935
1131.30073391384,3483.35851485197
1865.39580007321,7331.22676684983
1180.77234653075,8615.97944436731
915.908546952693,3420.84538371942
1929.78083558827,9451.41791996746
1628.40464799401,8910.07811587426
8003.14603078535,7436.53281858565
1335.95637893636,3595.59894329639
1349.49887215432,9051.39525346772
1998.80127665355,7882.27617226766
1279.50430311212,9131.54087997328
7196.98457178681,7417.60846302295
6571.30591494008,7551.11436779401
8555.79231245842,7838.1145789393
1979.07758746707,9311.57427431241
1785.29968190712,8899.84585262617
1854.90614019985,9191.25593792073
1412.64889072051,8092.69752512315
2037.51189145076,7649.94037696646
2157.07320389949,8852.60189320833
7517.40221339052,7856.21194812875
1774.33466762731,4008.38497616089
8937.20344564706,9054.36864335374
1509.76634880024,8975.29084387434
1907.03801114119,7970.83691732722
8328.86877752579,7642.4092922506
1658.43839351778,8395.99331860328
1073.70501678619,3171.90459905594
7102.51516251032,8253.42608876156
1717.0214715182,7564.51793088193
7227.95251979649,7029.77390111599
1251.14473844626,3581.05536612453
1188.95774864397,3239.72423596233
5453.69201239036,7263.45415630159
7689.44817899523,7692.67182866144
967.178092580306,9167.85331111255
2120.7631078552,8903.92181509847
3938.38150791515,8338.16586766785
7098.96294524071,7283.36670695231
2263.88990671857,8438.56168995844
2371.01050553741,8741.12201441383
1022.63753784288,3043.47220113151
7489.03957468863,6865.91263592168
6453.01272170242,7366.54278044979
8096.30497498316,6461.12144084028
1724.93224488312,7937.30384944276
1130.10712206878,9261.45500852197
7711.33466757564,7836.46616425619
1421.9363076545,3781.09402178198
1727.62867369779,3629.11106455817
7185.4814902131,8094.31577128672
8096.79547397148,8567.39375899839
1814.84640416039,9106.65678181938
1073.68983534694,3540.71391942677
1104.09463746643,3468.64712528121
7161.29403052645,7368.91682229329
8254.20862816087,5184.41568079225
2215.22470525691,8430.18943400226
1086.05610152553,3573.54218164741
1507.09765633286,8670.94336921213
6546.19328414918,7678.82390929451
1226.90487001089,3798.15468205112
7197.27200759934,7663.16415667183
8397.29941201143,7258.41128429582
1935.45642032522,3778.71772495096
7309.39721891362,7645.73228743696
1149.40005842538,3642.85632147533
1240.33850615618,9059.73065668705
8796.64467201463,7556.34100682682
1366.92492725435,3724.01208053291
1670.95866435935,4217.05040299817
7892.44210783942,7568.78998232665
1582.89976767114,8722.135503637
1931.20247693583,8931.51038600955
6668.01313512034,6382.41150274306
1374.71060420432,8945.07861015241
1088.26524148028,3056.23822216483
1547.44570936263,8685.31968377537
2280.33317415859,8832.7732618589
1117.98508550629,8735.90609539715
1584.23181845379,3879.34079140558
7745.38310622021,7524.53737915199
7729.82472846271,7765.4159173259
1213.37513313321,8759.67563433019
7431.83885011171,7950.51337014139
7755.04350935242,9263.54935963905
1690.40306744418,9190.38504007497
961.076172069516,3510.08608679376
1170.17080032075,3152.43525042634
1500.7278993858,9121.34181845399
8585.18369969493,6811.63904159224
2769.36670234021,8001.20883969184
1059.0839187255,9115.33269692704
1501.82148064259,9122.84440445717
1449.46739562477,9222.98531886956
7696.57919946856,6997.61867511513
1090.23919219017,3154.18953319309
2874.57155812963,8405.67473731763
1254.6113197165,8733.45811138673
8312.45914444407,7710.10373529465
6461.20092365071,7651.30429915061
1280.40033896944,9043.16637863602
7508.55381964767,7678.74880831966
1506.81800420736,9118.65948425355
7321.04987829455,7366.68310398148
7466.37085109755,8284.29269854496
8660.29143378136,7577.9996030089
7842.165789581,7368.45441314549
7438.68439121694,7748.86521681155
1407.41542391642,8941.2671090216
2511.39627325586,9158.72221028314
1996.22891737914,9024.3134748821
7164.2081171069,7424.45488934857
1355.47584744562,3371.24968898638
1848.2200628676,3654.84215935181
5935.31955157916,3936.12033152353
7572.17886761468,8517.39128062639
2879.83960722933,8133.54238934126
1374.2919162604,8950.29643413651
1493.9473943546,3946.14277236817
1564.14608749075,8205.1375167858
8903.01283929798,6701.32127763798
1376.73315706106,3436.45664717295
1913.57348892119,9362.71744356116
7584.37955951483,8337.99875036672
1476.5688585419,3585.31680948705
7640.19308912481,7168.57761725052
7571.13334830357,7585.79185779559
7037.17769733812,7086.10706245641
4567.29517472946,8978.2676383387
6491.63129535926,7243.30825407669
961.417292118714,8866.00574182152
1209.94628874148,8768.91598183662
1558.82193747153,4169.56539821481
1635.04394488299,3950.87220488871
1351.52276147299,3183.19091128248
2496.68890274207,8722.06571003742
7941.64047157363,7166.90578618909
1413.90218538807,3493.29431957249
1679.53954649016,3657.02269689036
8479.78597497154,7260.38783843538
7681.00203410682,7330.75527353575
1065.22967061873,9120.60733659042
1841.16397787869,8972.9101916302
7391.0468096083,7678.98507083054
2243.27460007087,9131.27895109911
1436.17204470613,3656.51336313812
8068.38892592566,5941.1530827235
1667.63785333555,4142.33179646104
1595.90400497809,3718.1564562193
1102.46055039863,8556.65749990751
892.487313408528,8489.72861468785
5680.44468912287,6466.53039527573
1452.71149464538,9143.42098640096
4881.7943779183,2733.49905117183
8044.1489184533,8105.06113801747
1310.21022529297,3633.64977693546
8280.76967365526,6683.50626409163
7543.68049518013,7542.07761677186
1254.75059495784,3257.79393879667
4336.10307180461,9194.89519549192
7663.25230315213,7854.54956408468
6682.51772930987,7533.51880880588
844.08254058498,3370.68650788408
6750.59541562929,8095.74713653711
6739.0102660255,6705.56458641727
7006.54941751674,7765.11189291975
2361.62409849957,9081.34676965643
1280.97546807764,8791.50466500472
1106.28500091076,3616.88967273274
8816.93772955076,7605.95251866221
2651.86172218024,8890.89219454439
1653.66245292299,9017.36850586588
6719.23088338458,8242.82156547293
2051.21108986913,3471.70785954487
1665.64300794954,8710.47442616299
6841.62713011397,8440.36951879155
7514.87447503378,7896.3172420205
6927.11954009447,7681.3510079233
7913.0083274941,6914.67425203396
3386.88528282732,3656.79902800847
7111.37105653549,7851.7207603816
6676.58873105087,6925.46140538087
1438.98168953266,3493.66492767074
2317.52463091925,8885.41535285119
1288.47665836027,3395.87969085692
1941.82880416824,9069.88289022639
7880.27610047483,7662.90840924202
8159.67154223986,7249.99056126916
1165.81998433936,3626.22675062512
1295.08410324419,3373.88860868852
8308.86139701551,7126.02565978047
7273.51171410465,7708.10943776509
1676.43302182964,3709.21133763395
1086.31436892757,9246.65212444737
1387.82111403278,3542.26006550469
6982.24348821901,8289.10290423454
1916.63201238832,9017.70019742928
1243.02210373361,8247.69365420158
7407.14809998287,8084.2553455858
1061.03884271367,9201.27389491805
7816.17956837078,7752.10805358358
1259.2088575885,8105.69053015831
1088.75790039121,8727.57790542612
1971.66443672044,9002.17334331074
8782.48307307239,7811.53235647328
7673.82229008491,7704.3696182873
1145.68121408449,9362.16248560219
1217.76781597204,3612.40782498789
1065.73997691203,8972.42932116357
1018.28666303553,3763.25200254288
1090.89570602252,9076.43899518727
1831.96278014009,3733.47948753043
7355.21183828303,8267.89598386005
7321.56055261676,7584.08481605854
9006.25537640792,7062.88496905968
8109.07988098686,7269.8200472586
7089.3386280686,8011.63703662104
1856.53749683789,9357.50065006868
1020.48716936931,3565.75757330057
1518.80447965926,3927.49286974254
1174.24684721453,3264.21010158421
1998.65095748424,9044.12991577821
1661.18364809016,8954.76865463526
1684.93533608802,9082.21528651311
1451.61241240399,3625.29096317297
7444.90270507276,8210.65504572916
4184.91934680444,8971.92420225532
8100.92206288393,7022.22280711355
8738.44222032014,8195.73054699567
9521.91304115684,8434.27198304568
7846.81652709015,7861.59099684393
6959.82383480298,6879.97948625782
2571.5919395032,8834.4473215744
1244.79979408747,3388.12592385695
1154.1044068746,9183.0578807642
2604.29530800621,8270.090447945
2213.22229053872,4153.927821485
1785.70484311342,3602.0439426424
7862.43148367422,8648.28371894037
6233.15357236766,7589.83966003373
966.347113112872,8950.62428987536
4607.94727324955,7598.54244080688
1502.23864225396,4361.3649867668
7035.44709744932,8105.95091971404
1581.84753700887,9169.88562428384
6351.77510979409,7419.46403273685
8931.78776265393,7930.3158771605
1136.1468392442,3689.26554220505
1499.64518538176,3542.74048145246
7320.14725741108,6757.48551817504
1921.44989834962,3906.22746547179
7435.89662484008,8126.85392440409
1749.44810692341,8695.851453625
892.975238182963,3284.44310663406
1513.10564475528,8559.86746120699
1307.22176638345,3228.33885819701
1450.03096008767,3722.77230405535
5313.51656076605,5670.94709744664
7641.02837320675,7799.10844909546
1118.17598799217,3399.42671065964
2577.88913338311,8109.47806680119
1326.73965136934,3457.13499285808
2381.55220414578,7435.9305377814
7342.45648141399,6596.29659026218
6864.99288516307,8143.64598195813
7009.38545253786,8396.39539479715
6800.71492238256,8666.8876077227
2058.11063060214,3711.37787218304
7084.44746797618,7372.30288822081
1148.87574238635,8840.56589835984
1241.56803980944,3581.36934755301
1768.1373444163,8786.83430406381
8727.00653907186,8276.97086007413
7965.45191246023,6091.28603657847
1306.76226467585,9195.24832215361
1154.1391679486,8259.40633280259
8350.43777485456,5930.48861889587
2097.36626757892,9294.71945490597
7020.2224193388,6883.10236807021
7658.78439832803,7421.00318956785
8082.0153819688,8966.17213998593
2317.91889879157,8828.96246995831
8443.43978804549,6840.05074105736
1914.09122202079,4234.91445943068
7662.43209158943,7696.56251846542
7466.46099952216,7859.31161072334
1564.11728826255,3458.9045858573
1364.06134641198,7853.53987878063
7302.8812606635,7664.37303878079
1185.11262891907,3633.1487904221
1667.60234368362,4332.70577440575
4349.78788939521,4044.68088950842
8234.41816952871,7637.3275694193
1407.92494356765,9174.99342990138
1476.84020189315,3611.25085156528
7247.46293789585,8161.7737351575
2435.74017697558,8938.07127662881
1571.31796176004,3665.08202036705
1725.2086880075,8680.60462653956
1002.80105380033,9139.73800742706
1181.09757711384,3402.73076454623
1649.47078876506,8923.78194033829
1251.72205063188,3802.76360486754
1323.80637381367,9009.42064913637
8844.14599626628,7522.23168692099
1453.13897196453,9013.05958236425
6383.1274355481,7544.86654456719
1684.18263468911,3933.75611395086
1895.89455593164,8306.95798636223
921.684232970693,3587.2876237727
1546.73051052038,8843.92590710449
7445.22481401936,7584.42158876939
1159.7429947285,9139.42979896768
4217.85019125348,9012.87065079254
7661.53088391987,8173.5894694863
7325.0949243151,7988.71659403168
7323.44077783215,7367.63117557322
1487.48946616469,9175.64942400479
1691.69804147556,3500.85354588329
7738.465691168,7710.47188504806
7015.16126691205,5979.02574580131
1538.64566696121,8801.66789423599
1741.92851564251,3657.07379272874
1206.80244487281,3580.16486526776
1429.26255293595,3668.91793281382
1619.76579320563,4164.55896915473
1101.91667400341,8860.78685112774
1813.71797883381,9361.56412505226
1637.45703098267,3904.7159941464
927.778146256368,9250.55116409498
6445.18452829842,7475.80066206402
7213.19085456538,8231.11487999767
3079.23419192097,9601.73537821212
1500.03669218273,3897.59596573495
1679.22067304982,8848.92693561927
1087.26612849881,8945.04229299462
1715.09032273841,9089.04305451181
2479.60401723492,9233.1398102423
1038.10710551779,3244.07451610793
8412.71731588327,7386.35920280136
7048.80184217748,8208.37869619697
6617.81456891075,8397.51914267446
4713.88268122673,2812.26236533775
7680.10707511274,7639.97177199414
7389.81906310006,8226.69071153206
7143.23863215659,7834.46396584158
974.648171254729,3271.46771415355
2390.06262488877,7798.80637179343
1449.25304774324,3750.62068252682
1272.32937661907,8219.58506135997
811.037274484278,3553.05606678917
6622.2780827465,8235.26365296763
1040.85325997799,9196.56783434486
2036.71622653618,3819.67102690604
1736.22153950361,8525.85585006459
7612.6337973234,7261.01438316796
7955.3251565545,7918.79712907587
1636.38650419761,3470.31400855163
2324.25878759779,5819.3926021319
8318.91128839193,7592.55255031873
513.344710567536,3371.33295553503
1247.62820336633,9141.32338655082
2292.71525666706,9204.71824822689
1127.54299865279,3197.66011060836
7427.81357150761,7810.8680007427
1206.41159088014,3509.43567252259
7852.23665745996,7846.8025597338
1437.98319791386,8951.37081374825
7911.66939707898,8242.9483960077
1630.81403622307,5556.7615063542
1832.05210908806,3503.37090687076
8038.91230247506,7303.54744623134
6736.8397482588,8250.60581644238
1195.34238871827,8225.29088611361
4248.89120245617,9286.40623448795
1948.64293373237,9187.48596021383
1746.83174609833,3910.39679734966
7668.51724808356,7700.14759846478
1378.7071278487,8817.98654365895
1033.63990124449,3428.92230427696
7976.65333606104,7607.75241724583
1143.77878057438,8280.9701502429
1331.94096165588,3481.2687076436
1592.2997668613,5122.79696052396
1070.01455092701,2872.13260124442
1780.59932849102,8907.14543440095
6609.09492027211,8063.75217305397
1557.4143888912,8517.45940147637
1591.45643861337,3544.94091246646
6745.02002535649,9059.70271416304
7223.5215225012,8215.52630351207
1120.28835134681,8694.53592982925
1492.15305629748,3707.376052148
6572.13432794616,7481.3635641903
1011.44756550762,8823.0853010575
8300.20259285258,7270.36170257866
6970.74411639778,7638.14416675094
7977.12765676668,7837.23094946503
1465.58148269353,3668.12040821107
2110.01337086356,5264.15944300288
7486.43513638068,7446.40660609829
7974.56001249571,5904.03548720783
6625.84053496096,7819.70457492887
7149.07912957558,8224.84699164831
1731.19437884152,9387.36053942198
7749.29474385125,7616.34545607354
1308.80819267298,9239.05792870095
2033.83780685798,9060.44592328239
6760.10849744786,6789.9213325656
6090.15030143032,7984.12438048781
7918.3624171167,6478.83539058197
2081.43553845655,9085.51064388465
7380.19907131299,6800.11701594735
1407.25318721606,3741.10867275293
1595.62372201078,3702.56813845602
7590.18857837603,7311.63084915143
7096.61694691795,9037.28405836491
1092.9565710181,3420.15520848376
7379.54865465522,5335.10647450964
1112.78777875783,3497.12591789418
1061.78647608824,8607.74304727379
4551.22268616799,8820.98915449828
8006.23464406444,8592.54591052074
6659.72950501159,7267.43485984486
1629.84954331878,3543.19693590131
7757.07738911595,7515.4693925901
1275.93450596081,8894.27908970081
866.89355217102,4058.35066542359
7422.66199287223,6985.29417483472
7139.44925636748,7758.92786103085
1564.03900104843,3433.38991616397
8062.88299061936,7799.86393929308
7372.70633847559,7679.54972831927
7080.47763058774,7684.72658628348
1482.74839237084,3889.90555915225
1386.38683118818,4705.49868866715
2399.34679247564,8322.62566392781
1056.28982968155,3578.89250250986
7219.69941282112,7381.56255936172
1534.70465131602,9093.12023390179
2347.94800174278,8514.77396563898
1642.36611789498,8886.34428199314
8709.96063495037,7310.05983607736
1871.34867747001,8759.68284324139
1387.17331180118,3778.36531050797
6779.07836623133,7709.97831435189
7989.42861632844,7431.59167502733
7191.90566478122,6313.80907790649
1935.75993232463,3623.72088465199
7640.13269569191,7473.48745229802
1219.39811007091,8191.62593631698
1692.50607140568,3688.46343072632
8262.94820148674,7347.05152790155
8062.83303355018,7603.97518700627
2015.98618266484,8589.90430930197
1336.10492771292,3809.39864206184
1341.44463038077,8961.17012312305
1595.17828252413,4007.16517674976
869.476367000148,3010.97570672761
1134.29015477261,7873.2374519996
1672.86105803405,8656.8307119395
7989.77136405388,7247.28100712002
1389.4383809716,9168.71004913918
7476.64277170586,8271.64767237848
1424.27077519428,3782.91319958122
966.515787623799,3142.90287026496
2276.79484530947,3487.82317954087
8204.96745347414,8311.69850755692
6518.9654960054,5562.30090200181
1788.20648371366,8747.41020348764
1424.42551216974,9141.28844149797
7350.13701748171,7209.31274820905
7198.02760828141,6982.57631356582
7697.79498735443,6830.40470162671
1785.70794380532,7619.18133257714
981.476260232808,7911.85201939611
6943.70500428782,7205.29670949963
6638.26995915546,7283.34694065176
1954.8840405226,8893.6635950969
1445.54683106575,9243.89397005677
8083.06200296749,6213.75436106196
6823.1205145649,7353.15024452051
1931.31814002018,9009.42337670722
7628.3336475693,7888.46982604254
1490.42306879932,9116.52180086969
7546.36080993466,5949.10802917567
1150.78194091083,9197.86922363794
1712.43361498659,3561.40696650013
1580.79425416868,3487.96551366103
1630.32749899927,8803.07064958217
7521.91053417544,7337.72528334116
2192.27962406857,9024.82647792382
706.372295213634,3300.8348748443
1115.47199372604,8968.92584307848
1616.7319185496,8839.89840983859
1526.27102235789,3709.68659062475
1705.94768737572,8916.34652741453
1947.23847440878,3935.10172727968
7773.87700842183,8056.91494607571
3026.21198662873,8669.45636278656
3153.87748316678,9031.74959592738
5902.76605096269,8943.25395332109
1369.43707930586,3520.4585189678
5815.22438853876,7769.37047076237
1678.6693074263,9011.75706583854
2776.44946636074,8419.07017273595
8008.22614638895,5214.08566912554
1098.68619762313,9163.35919214405
954.531763084041,3160.49278464576
1567.22332396944,9170.10028379136
1219.52014471757,3480.3151748266
1674.5008737125,9255.6402552022
1142.05403584798,8128.49025144132
847.776879568371,3082.19384519132
8275.37964960934,7810.05732752813
7344.95087867068,7130.15976062047
1440.32715717549,3641.18323679268
1368.08711075359,3637.39835725593
1974.9768027337,8745.49343442952
6567.60202009592,6747.42231345308
7936.30443830504,7978.93961946699
1202.33581513378,8615.02476369378
2182.42660897442,8497.0430373594
7907.41075423448,8206.04850466583
1860.43028233439,8941.5221602578
1374.97329605238,9093.02963674634
7388.97768049143,7994.29426204633
1024.02385925326,3143.62224329962
1521.81741706527,9113.06438555011
2020.9247210005,9143.96445184929
8329.19882091245,7500.10336328759
1238.11277852044,3535.34103203734
7536.9755253964,6836.47423328988
1115.56043207436,9069.4473680484
6879.81453261432,7923.99992511882
7177.15282642156,7697.70706698313
7006.58853139292,7619.81343396767
1579.54078629474,3918.61534935755
5084.9704855138,3320.52429885269
878.264658344746,3395.33906780942
7809.59976312616,7977.27029902747
7252.76293220338,8811.00613110243
1375.63145419634,3943.81990876292
7043.53044013715,7789.6652966303
8001.23304181899,7282.01315760881
445.696849145814,3296.03421339257
1878.38315672132,9284.71263917992
6131.45444916076,7421.79558455901
2054.06699737552,8455.94489438381
6301.80180067666,9133.97932051031
1541.00828581301,8976.33582413997
2162.59606447854,9103.05975712865
9062.8313613054,7846.01637134767
7721.63677676595,8448.44223395793
8515.71855955995,7381.18206738343
7308.69851711682,7628.99451853643
2047.07730561694,9181.60714932724
1337.07828749154,3423.286208198
6561.89280037373,7910.91342416701
1425.81118805937,3516.90275180719
1105.43386365773,3460.55825243572
910.709133296347,3035.11393394167
7185.27522627882,7629.03319913884
7926.39826563699,7129.98461776274
9918.77652907956,7307.99298390655
1632.68296008879,8852.66500947573
1802.17634913365,3465.67938750154
9186.0308409553,6692.01008970046
8377.14035888811,7223.93570323912
1550.81619674625,9138.74967279437
1855.57893415497,3516.68179234326
6900.07008391714,7440.25460535435
1664.23959665128,8982.84293752692
8126.12805150762,6561.44425636613
6944.82758926947,8128.88523868576
1779.41710405526,9606.48505818439
1364.03876022915,9229.2654425723
4157.42295848915,6257.57551852344
7196.73040884655,8010.49373829003
2767.12288715244,3817.14994975409
7265.00736754014,6309.61714671018
2022.60657029035,8659.17993743027
1034.49891094077,3658.55962957539
8099.71452918809,7118.57035392405
1048.76834754452,3584.98031756238
1691.10865833843,9261.80101620298
1181.77900690071,3635.37183380052
1341.48801062024,3594.64108450995
7408.68744597169,7314.08954551143
7995.76093426768,6925.14072368246
7372.98344454291,7679.68046521317
1903.68047536683,8276.83966929894
1051.22283534272,3583.54686137903
1420.1240089667,3755.95900442808
6249.74939583027,8056.03067042616
1159.19498537966,3158.96085581147
1415.46477137709,4201.89103697771
1346.45342197628,3234.65703796573
7704.26996179436,7591.90388587138
2715.63663068408,6828.3563392598
7238.33782226478,7869.11563157526
2070.18008563874,9397.03044677135
1299.9071307273,3406.50402233825
1403.81984362626,3546.90272486415
7298.42933779913,7883.85173622238
7495.20346490197,6832.3959455517
7525.74110428096,7444.36918342867
8133.27440164085,7204.93405246243
2062.65940782461,8779.44673558017
1285.8061166982,9294.81326597152
1184.03024189162,9258.57885817048
1942.97138770065,9025.37281303383
1733.70722572375,9138.11630479442
1388.97045424693,9092.21686569114
8115.93686691268,7514.60377386645
7023.79457864366,7386.27920511649
7655.27945594996,7141.92196638435
1612.98013906667,3540.20066372455
1436.35821251492,8583.12138370719
778.031761806172,9071.84185537114
8389.56076261351,8277.35835487189
1469.2934642477,3946.38541563121
1206.68605729208,9137.05884475509
1814.98262068131,8473.77209765196
7322.23963268311,8027.82152887724
1621.65880783275,5508.23713841053
983.861147935377,3541.86810828826
1494.82226378871,4120.66395577037
8497.58252329096,7533.70940018278
5969.68618825072,6458.15354946479
1464.6049509114,3785.21143490058
1743.04919457465,9107.4969921792
7951.44360698344,6995.0083927657
7105.92023886629,7941.26077171169
2257.30894215995,9571.14530676719
8303.53350011949,7608.63673882532
8996.59211935054,7646.75179291872
7289.93506005183,7862.12463711967
2173.29749141935,8745.49557035612
837.867203349111,3552.02757715889
7973.38849364693,7808.71616706684
997.34370491634,3634.59621941796
7446.98622224341,7922.23375011297
1752.61289212294,8545.29152616344
9140.19587578476,8292.46208900801
6558.93483214439,7043.35709791093
1269.63388037899,9212.23423206236
7710.90719431186,8074.99898505602
879.581205458781,3615.09655607271
7474.88853921492,7862.0022914536
7978.47182297299,7307.66093611896
8219.26972816733,7293.80437443713
2773.17686535145,4191.98269570178
5632.92659760683,8195.49242081863
6680.28949144815,7192.31191959385
7629.67302532394,8003.25389266404
7026.78560315547,7841.71265385083
8861.28293401295,9454.62816919171
1368.98939568399,9043.32269629678
1568.82706542713,9036.52887097278
2361.8548193716,8940.32956693496
8363.01175403236,7812.41429530513
1938.4354456269,8301.35824463682
8043.9768233635,7948.64281743965
1464.41456943078,8952.36166922735
1405.19679828916,8708.04839036672
7148.14855353532,7469.63570255115
1902.68573196707,8328.51792917959
1505.58229825712,4044.47729579288
7999.1677201967,6376.86753000705
7806.78985101212,8069.43532272627
8209.34168724601,8057.9439432311
1226.88492985998,8393.16233130638
673.13204680418,3167.11866804033
892.092254316305,3535.24840419905
2681.87538310136,9126.74728375824
7631.30889804758,8117.49661186502
8213.34239802307,8131.02731195572
1248.45815598828,3709.25397752611
1567.35931864318,9256.88668739033
8527.37199865254,7023.76887298734
1413.34562375384,3626.24874448528
1516.85210678261,3628.80753232132
1647.8415930198,9072.88541153885
7435.51675367002,6321.4062050681
2356.98802090629,9167.73552066897
1447.17789788829,8227.0067874637
1652.96412588154,7659.37030628899
7741.55493261153,6762.60934698818
5057.17557117954,8964.28178410461
6515.41338342547,7680.57221262363
8809.86373796918,7514.63584188325
7539.86593089912,7551.55945158186
6901.10058804599,7405.54570374042
4741.20361648771,3982.57989280317
7650.21621795867,7895.17797496429
2497.48341247419,9037.35595220671
1752.73615632828,9136.80582003113
6761.27901276362,7491.54771431331
2415.65852627245,8168.67874974095
7781.91014528516,7584.72752381428
933.670275334051,3320.93602210667
1489.26460476813,4284.96509501032
1268.07463042797,3894.31264242372
8169.70852135713,8709.25386210416
6883.6441807995,7709.98413364544
6640.96000725656,7594.20831411365
1170.27847299364,3710.21683862911
885.716356133525,3310.70729162127
7126.78414641114,7626.93583066404
1058.05772976792,9114.70215901148
1024.74893221191,8949.80627292024
8944.3432234769,7632.4879500571
703.061589515287,9553.8221694141
1317.07010113083,8717.63977102834
7568.33206920741,7766.00888058716
1855.69804218141,3880.11299856855
8455.26036026846,7850.12174958042
7477.99085946111,8105.42614022135
1873.33263193355,4926.51802047424
6552.99808251436,7985.27757877902
7746.63815663466,7458.89334510281
2174.05014766998,3870.73201659682
8973.85971753866,7769.62982173808
2032.52625449892,8844.25553338122
7907.97720562245,8216.56900929661
2803.93681688241,8613.01983073271
6510.65100115593,3717.73087401499
974.586541676127,8969.12790364623
1271.97614224803,9040.05786198496
1686.37210202471,7868.22250325432
815.201564713495,3106.24429442301
1461.69492718977,3904.9320230105
1306.57183026949,9242.03217388167
6897.64197797307,7488.35244348041
7596.82394768126,7634.57094498898
7466.21495419214,8310.00372730634
1020.26035734209,9238.66893583787
1596.49992631328,8286.57360492663
1376.95531426765,4078.76582398337
5157.13647367885,4570.99110015006
1425.47879013065,3544.18396064528
748.689921344471,2906.81549232899
2729.83252119844,7455.58469922967
7341.61423684242,6808.41131679062
1496.27129141475,3684.43411149074
7706.85702984919,7755.99839729878
1503.52908016254,9033.44179317657
7883.81139331799,8105.77906034959
6791.0726806004,7422.8140567429
2475.51938048211,6486.59518105105
943.19369227201,4334.75390504494
7873.70026529002,8014.14636317381
7266.59528761171,7151.57079253621
1425.48150018921,9330.80857641022
1988.52073290502,8973.83702417942
7706.94599941025,7540.65280195382
1613.33068000958,9171.21432896508
674.154692630705,8906.79895944951
1067.69953579192,9236.76033866051
929.938456912355,3306.19273601486
1971.15540713269,3773.35904128589
1032.29268830767,9266.00311065562
1735.23484424407,8709.23359462423
7544.33588227488,7184.47599055877
2211.93164791598,8480.4732636952
1649.18066838128,3560.46133442352
872.042731235656,8984.28539778785
7172.29619876326,7966.62658227921
1972.3675203962,4613.53030562116
1618.21408760327,8922.25296319579
987.325372098719,8612.96397717583
7433.95264128841,7106.2048216399
1904.44057565056,9195.00797512324
7201.43864297345,7061.46936463485
1321.41564427588,8926.94800172366
1924.31692685317,7942.18278863452
1125.82205661907,8579.92890096808
1657.94329676998,7756.00684197307
1285.62399613679,3772.34531131008
7773.59354452506,7196.43897717791
1786.6918330339,3748.40700759064
7439.14130204806,6728.44717456163
6792.40651180779,7479.08633491533
7230.03036551536,7873.14612364126
1827.31054559976,9020.74909925376
6629.78147272508,8280.43538977894
1439.52078505435,9242.49820571424
1166.74667633901,3261.96467268366
8155.11849429534,8314.80785550256
3319.45856140305,6805.80338858385
1949.62109297345,3788.18675090187
7412.59927966139,8002.43856082023
4405.1501858999,5300.33328259823
1735.84885592418,8388.78164310892
7778.81528612472,8141.52996680861
1608.4179209747,8402.71692466952
836.151288159473,2977.62253221247
1522.916430326,3686.65016778089
1538.56289144673,3479.50596786477
1108.28392559163,7432.01230204145
2221.83489146389,9311.36289738529
2342.29203289512,4726.62956955278
7886.35312094568,8115.61726037998
1637.44204831829,8970.32680167937
7199.82567952746,7662.78266746846
800.864251256017,8888.31631958327
1263.72184799901,3678.15173414912
7355.5602855176,7523.02573031184
757.756393337046,3015.19648616355
7247.99552697495,7747.89299674893
2499.34059696911,3656.35330120912
1377.606482323,3429.99762221807
7891.30945184733,7664.8648548424
1852.11391688852,9009.08803426455
4777.05385314697,7803.52951590151
7988.13479439724,7639.65100776094
7771.03237733524,8104.40927866743
1658.29326523188,9192.04717380108
925.222134508208,3229.24447530181
1554.4606444997,8935.60964301324
7804.11954056154,6204.82545161438
7578.86780770579,8166.87423005876
1928.9936865758,3622.54061689843
1624.9814497065,3812.49361571885
1736.88980053417,3517.1650216494
7489.01527237403,7474.85134207214
2918.53533137129,3364.60361346305
1570.87567489309,3737.56852109394
645.681376687537,3613.48775087768
1198.00246810751,3405.06407804185
7709.59726259682,7913.43615775088
7622.65080738653,7264.29412056104
1230.08681216297,3806.63036780934
877.292062624524,3297.9298906247
8188.5118475664,7372.24045442334
7994.90457270257,8192.93833097496
7124.4637840453,8375.65612921736
1629.93940970753,9153.7997547762
1537.91707390375,8318.71055625269
1441.01719625138,8940.88592454341
3933.86454132827,9219.75184736657
707.780932917919,8898.03505269179
1884.58666612947,8824.68334909229
6979.00120113611,7483.39315681616
6529.33442282849,7389.31204653926
5550.10340664003,7786.11710442894
1867.79312045877,4221.16173719264
7510.56614785256,7043.3024132216
898.222759857583,3759.35662282229
6723.40523823766,6331.6125814918
7622.73398421678,8153.76443108544
2072.58811697853,4112.80351398477
8836.23225237923,8230.22908327096
1129.60775952599,3336.86273319146
1271.66812558886,3451.21659880859
734.845468640215,3440.39917512998
1762.50530642748,3813.80593719079
8011.12056085871,7307.33710721718
1579.52147743683,9447.61815210676
997.142829682049,3099.04055571137
815.757211872375,3623.78582838957
1332.96807814758,4724.33869118385
7890.19830538226,6789.30041043237
9275.67176618504,8344.67070170413
1325.91338634493,3377.32558428636
6702.8542472748,5211.16598269261
8474.84516139132,7171.53393476944
8584.0435763568,6344.33968812706
3822.96736119432,8906.07763519953
7422.12724546607,6841.78773044457
1083.58790833094,9001.1387636833
1834.78980621443,9004.68518615469
1477.751894581,3834.43609082186
7884.4606700626,7174.39424187074
1654.14956858376,3568.95751703802
7657.59966783076,6755.09131053683
1662.45479856756,3371.36213621281
7499.86857267933,8163.15735986747
7743.58649444817,7989.4171380285
1089.39170677271,3170.78449271893
7733.13589448748,7293.48270244318
8107.45093959965,7490.75617266809
1789.85820655904,4003.88338100978
7090.17491429653,8328.97038432662
1970.4331598899,9304.80336029294
924.053503514916,3551.53640462496
7505.52799080435,7579.01795791389
1218.16449167617,3423.37051076072
5892.65183029669,7639.78192446482
968.882572928124,3906.39059492897
1508.91469043218,4048.21043816925
1167.66448868522,9161.10613052748
1234.51826948177,9197.78101191982
7102.83243323014,6417.06379684697
6773.7101749293,7500.71723467117
1114.19994173174,3590.61142565289
6956.32993225342,7830.56771670014
5273.16074129928,6927.22742621369
7685.86140868823,7424.83870994162
1806.43189955798,8400.0445801762
1437.19090799088,3809.98947858079
1383.01773455527,9204.46112383886
783.529694613398,3271.32458158588
1396.37464931888,9070.59970822682
3555.53049072805,3517.09436383202
1799.82251087552,8438.70477897537
1630.22025384637,9239.68074069747
870.653721663148,3179.64423796032
7186.51986981425,7342.27523093877
1011.66814542617,3456.91847965015
1035.20953247849,8798.62777086399
7871.97087847258,7279.80684078034
1296.00871535377,9377.94393468949
7236.24826925927,7596.94745182941
7250.61850418098,7953.33065659887
1081.06521071246,8846.07595190571
1890.70753178134,8183.06125018424
2589.48997116921,9360.54974090283
1659.38809055468,9233.55471548474
841.8646354149,3531.86290891866
2136.42367019706,9100.54261862496
7925.04832554692,6966.35174806775
1393.73991095813,3034.84285031354
6943.79055752781,6946.12763502629
1707.79553336343,9218.7444122647
7166.67383187465,7128.15700553314
1403.99766032317,7970.83722832579
7589.43892547267,8219.85221724229
3469.09311317938,8291.97106369071
2691.20339974121,9046.81130591792
7656.05888849683,7236.64033030628
8038.23970977811,7957.59019975748
621.168724265245,8872.75365259193
1497.97165224332,3626.69308566061
6665.79949559387,7636.60263261598
7142.05303286686,8327.08249576829
4433.42263532013,8874.24551917996
1225.81259296716,3595.68883931004
2182.49430086133,8888.3030788954
1992.59255681078,3237.83575451446
8835.03420116043,7473.2574638392
1413.93813849386,3980.39864058485
1480.07738760287,3534.61696599521
8451.98094927767,7867.95708129126
2148.51767212948,8898.0542173893
7497.52658132271,7446.93535920778
7946.68551900939,6478.01384852526
7411.70296683637,7676.10293849051
7743.32279880418,8223.55432427012
1639.94834883944,4145.45255564585
1922.31040950928,8915.00070795407
1507.48641579362,8243.51706999574
8273.65795393668,7350.85432759517
859.124741685013,3085.11704610232
7361.63526078911,7574.31850573994
8821.65088806103,6778.69786377968
1676.30856953342,3799.06894576818
1088.84240936336,3424.756788418
1097.81617305504,4571.74707610608
7855.64454955964,7027.61644073133
2146.813881717,3422.01326387122
6993.71625611728,7416.02514789261
1055.95235701415,3484.38789753725
7917.08533668386,8275.29087723324
1523.52327512501,3429.72865773384
6180.33084897343,7317.53741174302
2268.52789099707,8658.22562527486
7205.37266019731,6626.87532827646
1279.698252373,8866.45613511158
7797.6753167714,7083.57697584547
7114.56923381417,8334.33347990622
1480.36913054661,3580.40386653711
8508.81747421059,7225.27939676298
1258.55211611212,9247.30442365145
1543.74239202641,3704.45888831328
1941.93944026997,9001.23466446726
8129.46395924019,7369.4432292234
7141.02867844225,7523.13743539184
6628.76294717684,8041.61518198087
1413.03925777785,3562.28920928992
3039.64271877275,3311.74720033784
1176.85491541059,3776.77440314165
1462.1679937948,3661.72167002392
8918.33769296882,7962.12364729974
8690.97091372771,7030.2513807556
7970.18488558248,7652.14642238892
3834.73365131195,4082.89113476363
1791.57675568355,3734.09329140485
8163.3761020387,6470.33531010864
2367.69113293568,8126.45653730022
723.660794221599,9236.1504248653
2919.04847838579,9265.63323460932
7740.77583364824,7824.58146906376
1476.49952052451,4056.00645065568
1800.74252498249,9112.73372355593
7002.32772963724,6493.59776910514
610.349587769169,2992.35869575607
6192.72782493549,7712.94023255674
8318.09399496035,7947.57640576741
2004.48763946439,9275.95937190996
989.391894702051,9300.23436849611
1891.92101121367,9532.57249576014
1178.9741544863,8125.03399530404
7968.95111518812,8011.4326754674
1406.95036771665,3217.6141887778
1254.61111546508,3341.64747018139
1911.03766015954,8902.62765681974
6759.68397373117,7703.39251718331
1832.87197374354,9214.36049689387
1196.24774493536,8673.9473341765
7921.34562590881,7687.55034732532
7320.38969115967,7546.04364682728
8178.20903444328,4899.45859830157
7683.08014073994,7837.05964666921
1642.43332490133,8985.99928562369
1410.46047337839,3532.6174433046
1204.41896949778,3458.93818656259
7342.58931954802,6933.31422968832
8627.87401876773,6593.1539471717
7469.22775913952,7659.63585510421
1222.70481094991,3507.92412529514
5158.93958083716,4436.49062645009
7709.48946170083,6841.73389950316
1506.99489493699,9056.82741054146
7131.22739939944,7912.21752640719
906.155251731861,8701.70692213143
7321.3713787258,7727.55490710954
6031.57364875049,6980.20445612887
1683.08841928425,3649.13667073005
7679.97422796365,7063.48052184726
1697.93535687181,8405.26673271845
6697.67525175066,7914.92165373825
1830.34504590118,3042.24876604674
7503.62972786182,8526.59907283603
895.413141255358,3148.12603984144
1633.84522420535,9067.36684968941
8375.84206085417,7297.9200730647
1316.02461956667,3694.28433758251
1240.57030545621,3419.81667017337
1359.06791358489,8126.99458078078
889.460459509606,3585.22011848079
725.628597416283,8840.81542106926
1905.4658627281,9173.9079192343
7770.75574171514,6469.19691290626
910.923702763853,3256.27159387557
733.585496689239,3435.82652302575
6598.98835045991,5793.62520443957
1303.41007420021,9109.96535427654
7326.17580970862,8202.20959585454
1888.75253116868,9007.42704733068
1097.66289325441,3236.43370160494
1876.62487743957,8935.83111567217
2035.93066828182,8512.3865276266
1367.74812489371,4133.50395462321
765.787621511043,3254.03594109004
8503.28919911595,9228.41527858284
5228.19980343756,4404.88988859256
8304.3284922391,7180.85302874399
1673.02799959605,3899.150265307
2481.58146627057,8289.11738434622
6211.4791394152,7802.38676168545
7820.77705606613,8089.85064251807
7676.05355997363,8351.08822743622
2188.55173490935,9106.91595652987
7400.12441023761,7708.03632349302
854.915313295898,3218.74249852704
7278.91238663113,8212.93438513085
8517.62500205843,6983.92363198409
1117.37592805165,3712.94852735747
1103.32584313768,8985.20281204633
1693.27303356827,8721.89206228749
7266.49350798611,7761.314558359
1123.71430723959,3567.19244807799
7563.98128852155,7737.79135682389
6682.02508014815,7457.24472754844
7958.72760225228,7956.5022772186
969.031985200059,3425.16258619995
930.563509993434,3278.8694032055
5658.1960059726,4110.15275381809
5455.68832693314,9086.14858987177
6835.42050103331,7409.68949434106
1529.97332862152,9101.20500503663
6568.56980579802,6810.42405261931
7042.65586683342,7644.3581319376
1980.69804560627,9548.10761074447
1637.46859941753,8837.22120872302
1142.97719769736,3516.8193976667
1056.44902272655,8858.09785304125
7184.52259191505,5431.62709723913
8270.52154711615,8689.12723878447
853.407973448815,3328.85511804353
7389.95125855223,7779.31537049653
7200.91581475132,7757.40489449239
7443.74659924986,6507.8803063277
1164.87062288198,9220.62594707504
1137.06885048073,3524.95448335474
1230.1428146203,3457.10230995922
2146.27027468167,8258.49196402317
1670.61601103225,4144.87031390946
7343.07711897883,7973.24702187399
927.233871890502,3361.79094520127
1304.23367409421,3357.17289521016
6432.448928666,7883.56788506707
1759.0274903509,3794.8280687361
8774.54869454087,7437.60222432897
5906.80020779162,7448.33175489394
3247.06363652403,8743.22857379084
4485.8106535467,7245.44438649746
1589.58730166947,8671.33994948066
1942.97242365425,8783.04287560922
8591.3237218799,7235.20497699755
7447.90694398353,7082.06724003625
7013.51021066903,8146.08834938405
1476.64600818304,8861.39117917441
9126.01656481797,7389.71830573407
3308.16228732544,8233.23192953228
729.579361968683,9020.72988650343
7388.57218380033,7734.55319048123
1519.82454150748,7984.61658664865
1426.56219350697,3712.13442749475
2005.03162089585,9298.67649994497
1415.94083568006,3617.3037810825
1104.84192690738,3428.46676742041
1015.360096653,3897.92761185587
8151.37306092445,6467.85211548581
8669.87107687449,8058.34862980614
8591.68371634121,8053.33293779562
1231.04616199999,3756.60304570691
7771.52812497314,7470.1368281879
1385.98641221889,3696.80454911658
7810.91310689929,8339.03140578319
867.062132357739,9258.76721568928
7723.02682053613,8103.76557558857
2227.5275943552,9267.51060410283
2425.01257677097,3552.08093648647
782.862005086714,3162.24603098302
648.523985515304,3273.87805072717
7027.26546241618,7691.1106521025
1793.97055818624,8909.00994379626
2057.23254238225,8286.81797743818
5165.37195719176,3937.31491666984
1570.01062424373,3887.61809831122
8728.55550127314,7941.53415985777
1707.03147952039,3666.2775269792
6950.67033520984,7322.2110437743
1744.50867857577,9173.25249909204
1092.16265789877,3546.501712449
1602.5338498806,8190.10478899217
7724.8438652038,8139.33472102822
1152.37554844568,3926.32526481734
7656.50915301712,7803.56495625638
7582.22958107856,7841.81793665167
7796.475655496,7885.98593537911
2031.45417858389,3629.21575675114
6942.35799535357,8013.76647899537
7283.72424269778,7895.50049886508
3260.0428750243,8381.56629274337
7811.42353996406,7777.23840403403
7670.38823384903,8027.82855201724
986.166832330278,3180.92308931878
8252.57930808057,7181.7678523339
2035.05354634422,9347.26535250471
8147.45608824821,7215.39736972927
1132.32068681397,8994.71180856257
1526.13408184829,9171.77332597376
1944.30737974444,7911.35749372768
866.449144080586,8639.26977737737
7503.50995450427,8562.61181276665
7217.43630171658,7912.22340557601
7645.14442928259,7633.68678919007
1303.84997836258,9090.10661585905
1414.29222700325,3532.10859036283
1288.71046638769,8991.45484746551
6198.74782201973,7123.46777601515
7074.01660816505,7477.70105044758
1368.50827783567,3823.67032430503
1370.69664566604,9055.9381170112
7306.85306261278,6119.83537212496
7815.42373870531,6711.92973146876
8973.18721924582,7255.60509850011
8941.11350318447,7617.4334540579
861.696199134749,3012.13417988089
1021.21481717815,3564.28904317035
2043.88890404876,8994.46951526119
1382.46044891038,3358.37354280075
7134.11575815116,8149.96382479906
7449.72546309313,7580.55254057501
1445.72581406382,8974.88340618779
558.680140607697,3182.85074096636
1712.71615575858,9169.37749038506
1075.16667211613,3364.72600412802
1234.46058418317,9023.7527779737
7769.0785364305,8356.94765040648
7063.22393303983,7819.22620815582
6429.87732186359,7770.20040315913
7877.33411049823,8010.71921878297
1207.43813656688,8928.64446227192
2311.23746798586,8852.4368339832
1904.90546621353,8103.62802432149
1116.93931352189,9059.92504856245
7247.5289129401,7982.55676520801
1271.17646704115,8785.82834283165
6922.92048064454,9553.88725830788
7026.49574541825,7761.90360888912
6549.94148471957,6743.53146984011
6440.4265250973,4166.50606241823
1040.3308093137,8468.12595389734
7938.70551543026,7890.41413594072
2626.03237484737,9076.45882370911
7158.34465461092,6854.69407917797
1456.95936436451,3702.01761063485
7611.39002169907,6399.25423531569
7349.97730677557,8213.85513520217
1123.92242420104,3360.46968700233
1870.05729097303,7785.27943904586
1593.18289701251,9284.42295673194
7723.68082460625,7370.27687028285
7397.31239277035,8119.71979929626
7417.17662504317,7510.73212205574
968.677263804297,3244.69572943597
1696.41913153818,8268.48139540001
6978.57002543406,7600.50539016257
6429.64221673174,7443.11208066518
7265.07725339333,6850.37388611653
1629.83570368119,3558.77114142011
1020.73917169694,4670.60306223142
7080.92253877387,8148.6230472194
7786.82609599666,7923.50925788772
7326.79902444697,7053.08517409123
1056.03114061215,3540.74753080764
8955.1937774416,6643.97307987382
7656.49982755002,7337.93505962041
1455.22099347603,9008.83056166734
1490.79238516473,9180.68936183785
7526.04006728677,8430.52038105868
8234.58910750206,5609.36929630372
876.174484010336,3514.34960180049
1509.40102833521,9065.95840326026
7261.65579995146,7511.81597167514
1669.47398441545,8117.02696007048
1215.86591511226,3116.06331178343
1258.13235597348,9370.86461698685
1114.99343465601,8535.63722852186
8408.43695890638,8212.02167021608
789.537155387355,3220.55088324238
7260.11351033655,6672.53665395622
1342.6819452323,3754.64790795352
2541.8547583936,4964.97561278564
1576.98977084764,3774.63498180743
1904.25943364779,8408.46683431981
1807.28728125557,9106.3594659599
1383.69815399906,9128.15958589787
6070.66090767267,9260.815742996
1267.41325662856,3271.14360185217
1525.00864983073,8843.07728707878
1211.31232667478,3601.94155177851
8410.81573032594,8068.95213460588
7458.31585411128,8739.17855401547
989.431321830896,3396.76682857462
7065.22242235386,6909.1624497688
7082.65650993713,8450.32143333269
968.904033339437,3492.34675109737
7397.35236405682,6914.74084891764
7053.77986114699,7744.76205822855
404.264968390827,3154.21751247155
1917.31642141311,8646.16452850074
7218.73970512588,7291.80980614556
7124.58272035478,7934.25532518475
1922.80688320065,9011.80264424497
1990.83123794869,8964.81276969732
1882.02984685407,8796.51883925642
1918.19936406067,8930.23264839752
7017.89733421382,6605.20222138758
1682.3920653492,9350.98928145018
8032.1246903779,7032.52632142512
655.187839634329,3256.66522222693
7336.95622184353,7333.1418819816
2113.77897710011,9499.4078137163
5072.4518544847,7584.92940270987
1716.59217489752,8876.87791369549
938.78150044871,9048.59314758677
593.754243745679,8461.01666619488
8071.08912077921,7463.30992535434
1761.32928823535,8763.83543321498
1615.63159646259,3627.41045497291
1537.76894825224,8976.45299643637
1351.54588379554,8385.40307765029
8844.21083404854,6988.99039473505
1571.13358679375,4087.57913534636
4849.22206573579,7865.43591248401
7712.92569760765,7296.48005357572
5923.87003519624,7904.35865207459
1873.07879064929,8665.83462253332
978.547963919079,3473.97381466235
3292.2472427606,8693.69849994223
1201.37094667597,3234.1268250549
1840.29872606072,4050.51463604251
6610.82914577406,7728.52583807343
2124.30293466627,7670.82399188566
8021.02249482902,5852.15778891452
1779.48549085688,8719.61895086295
1820.29329204099,9312.26917414119
7665.04926633973,7494.58461533001
7185.1471074769,7505.28635609909
6511.60129717203,7413.92019269867
1382.32906509498,9415.92260453342
1602.0866954032,9450.77841761065
8011.45276494979,6589.39735053218
1172.2309104287,9033.54713568734
1242.96628197734,9183.99352242515
1038.9745721283,3542.86947527796
857.241043916877,3277.36601208046
6274.03519871311,7704.01321312861
8624.11999340098,7753.80123785704
2617.11535573137,8417.09697795273
1625.49256424799,4357.43230832201
1234.25316875123,9301.25368059719
804.697644794981,3707.09955134878
2952.70749679245,9095.38599297076
7629.92633904547,7280.84385981707
1649.34101655149,3694.5065738014
7611.16463160506,7778.92953926953
1479.1481854922,8968.17807674706
7340.1198283019,8206.27205742856
7033.07212277584,7358.00417272727
978.699578847112,9036.18405911912
1438.46735890146,3812.37467651862
1101.41830166494,3246.89489040202
1768.49772146651,8740.53373414568
1259.78823321829,3996.20342944159
1152.76993361458,9124.5256962578
1825.22382766837,9314.84470084392
1502.10220504229,3648.26157398977
1186.45872971801,3254.88396923637
996.106849836105,9110.72397036811
1121.18743577087,3787.27082794606
7963.26522848808,7653.5121171293
6838.04549337182,8578.60898664644
1530.09966879458,4134.86610721622
7196.82899761343,7842.90240782363
2007.31511054662,4118.90861676
1460.99577330176,8140.31657214728
1959.39918404999,9157.56509831121
7885.8495625059,7562.6203756296
7897.12657804676,7817.85873540193
7572.70679589036,7944.42221745814
7043.64443719085,7923.56248610192
945.733129959041,3481.47020775346
1033.44641665492,3132.66050232935
1320.9438683745,3421.13891848961
683.003228453659,3435.99251533177
1520.89954062897,3628.72271057201
2046.65206672039,9176.20970710756
960.729302003063,3356.37607297565
1491.61335094252,9313.3945059128
778.554105986023,3375.03988989079
2093.84013103237,8776.69942643086
7747.26984367737,8144.12217783638
4986.28197348653,3496.67490600152
8274.686150597,7102.70074826867
4427.74340771781,4683.20890078703
6422.29481525637,7207.74743535993
2942.07184628288,8095.91322180647
6750.9420304609,7981.52787564319
2145.62468942594,8409.04044346992
940.944776870131,3467.0007781389
1253.733303764,3526.85475760695
7634.45361981022,7572.43675491623
1770.65128851719,8055.26147832849
7241.22643783673,7142.30061709191
2406.66380986414,8404.35756197116
1910.07222276746,3722.7645858114
2232.5282318978,8859.47855672158
1952.65582321237,7883.99083988611
685.181044443014,9092.77695559416
1264.66608623716,4085.85648089911
1495.34566376665,8941.47489106603
1545.29463620352,3249.63809669513
1209.42581433757,9005.73283089515
1473.74938689606,8968.67017549067
7651.05764460487,7220.74656978616
1892.66319865487,8581.09279419209
1722.64812091172,9047.0946538709
8645.92728910728,9882.88131917409
2469.20542680273,4217.57006512964
8394.32552790032,6635.10671398625
8047.21432667377,8210.12647052761
1421.79957239314,3732.07313299346
1144.34188336392,3422.85270690544
1396.72670452885,3537.05711985018
1399.65177685141,9165.27333733178
8370.83342308041,7330.46850688643
1230.36931001477,3651.97225125702
7860.19320065316,7443.00777311989
7642.65174113483,6506.74202202845
7881.68208902118,7912.66309465457
7353.34355075037,7326.24557222321
6612.0364600002,6945.08429030533
6959.12764168843,7414.96548153523
8234.24580858503,7139.80602121461
1161.42839635143,3306.52411265538
6863.48168402836,7583.30750513037
7195.68937873867,7814.58806715358
2028.2348704609,8956.86145885696
7974.20060806335,8099.38601692671
1334.33711752057,4462.78357738869
1352.74368950522,8266.87509497361
7963.50957768893,7454.56649952766
938.393151771505,9155.54283554366
7454.11374737378,7927.34366113889
1321.85888363906,3624.21155845027
418.602016863911,2771.93744638275
2035.41830545495,8082.29428363608
8051.92971843409,7251.88306215147
7187.59553288533,7734.7745177484
7354.57817538363,7177.42825468605
1533.48578991906,8815.05974996998
6253.68842541034,7472.2471752535
1502.61631082138,8706.50340019147
918.14293754262,3785.19131506736
1683.0009738934,9192.35965549023
8227.32303640647,6592.39101995291
7112.24661793882,8086.78548747
1701.20210836929,9032.07327923529
2245.21762666361,8563.21399394716
7600.53672669596,6912.756208973
1112.15148641738,3230.71536206483
1677.05499198187,7829.61362237877
1526.88537190675,7722.67692849856
7721.20825162217,8130.82530765514
1282.5971259005,8833.33256592093
1027.61178542519,8703.84997100575
1511.45112502606,9212.95672035199
7352.90749409682,7653.89447162763
2029.76011436499,7961.7627818091
1560.90453867269,3420.25263017944
1275.99160653589,3645.8056082404
7199.36305356037,7412.79934508028
502.468024288624,8055.84952614959
786.142203013387,3279.36822699237
7440.54597981287,7820.40742525344
7584.64764327915,7514.37626054466
7636.87623567682,7774.19004568705
1259.17047568649,3757.51316744035
7934.65727520562,7831.79864120594
7819.4738769122,7198.26566170818
2227.08336948268,9172.7371257759
1907.57556353284,9107.33675567688
1157.32205285915,3563.35076126431
1204.14713622522,3568.31943732284
5062.88848423512,3867.22751849206
7232.90872489123,7951.97407528341
3700.66112643837,9414.09201619866
1675.72423210612,8831.15906747857
7676.91493658885,8353.77556309046
7331.96005248975,7054.18581652308
1399.71603517997,3396.49288372024
1811.00488345369,8972.29663591819
8324.92452516969,6470.62795947823
1515.02493336814,8930.51487294942
8377.93001038325,6427.23285244817
1585.91138136889,3916.4651758719
7828.08487101839,7947.99989457513
7894.45912179418,7134.55328301179
4170.37918256907,8267.95897336915
7601.3371482994,7142.03421428633
2153.95596851824,7929.92383984293
7733.35942977623,7329.76846528027
1262.26386551983,8786.93811465782
8287.12211986561,7698.48155059087
950.214643089111,7272.04186923113
1169.23376107397,9537.13853625399
2115.98354024762,8506.68601165036
984.967131323222,9111.65863662249
1636.43279866027,3510.01410833651
7176.42624497856,7377.84474680349
6901.56534193769,8233.02075177322
7353.93413237224,6910.40552760085
1141.68548912754,8955.19399187691
1047.44974915436,3109.26900674983
6841.93700847354,8056.13877315483
7483.96439022131,7888.39568892081
7989.53872703104,7838.17273248943
1567.40331179169,3753.04121735409
8504.90755851579,7938.4976493754
1246.18395611123,3595.00627753953
1052.31902291088,8858.32777948054
1238.24345978126,8901.63968591594
1123.94811568326,7705.45129842533
5849.35307779756,7225.88693099093
1538.30390438009,9523.29155081078
1325.24067130695,9027.06393405581
8359.61632381104,7574.72943593597
2684.50059476926,9215.18453356303
7650.4596400869,7968.98409691086
7371.92048301628,7549.59441180325
738.185702998221,2975.0802106839
7556.31856131747,8165.99115046144
1461.91500280609,7322.63391630999
1689.26497042336,8167.83945529485
7506.34038456233,7826.44962197354
1407.04568892055,3680.2942717169
8092.78036928516,6273.67181176076
8000.46863489988,8629.47408036076
1575.39761287297,9011.4664139997
7626.62380088051,8092.89163210649
2269.60163579238,8529.81713211934
8177.70285594818,6982.2531074151
1515.79421441953,3687.61179518134
7302.19106126775,7391.15922248413
598.766879013303,9037.26357832829
1746.11520834077,8807.15132408923
6726.30371257463,7092.53554629786
8121.56278322133,7959.6457925111
7472.65356447212,7482.66406560977
1371.46962229564,3646.06858953169
1537.97199181375,9073.25937028976
1106.54972684251,9219.07453693126
638.066204078116,2971.35562609919
1734.42628918966,5770.53945980974
7724.96366727785,7989.01934404277
1656.05140968472,4087.29286160324
7175.46134962452,7717.54108411439
1489.77687933492,9158.23400398746
1772.64107307054,6783.82702582481
1585.99849722161,8745.87019144541
2502.5811855169,9040.05474758286
8273.21123938205,7855.37242693741
7988.06244593394,8193.77877284936
1669.59064240791,3852.93751045838
6930.10720785603,9126.4143387172
1086.80275966786,8793.45826371547
7022.42823302229,7371.2018623093
7359.97058691065,7176.91732556879
8398.97828069595,6710.20493578184
7407.65960641767,7490.64977083888
6716.27861581824,7184.71971124396
7352.06471203241,7237.44477460032
6580.45757679479,7013.13098141644
909.017169023411,3367.08689417824
1448.4939478815,3528.65133654814
1270.42154411113,8460.0628147228
7509.23775843301,6796.93713928698
1328.71936850038,3692.79084748242
7486.37420459853,8354.83983401162
1391.18757139104,9149.11723967762
1806.82991969784,8956.45906449571
6954.25214287346,8274.63034265409
7484.99934040655,8199.02515303277
1428.63336082326,8437.88329569965
1144.39720003129,3622.16253282613
1810.23261867871,9203.2666272756
6451.24795080701,6621.22419256326
1555.05828308609,8738.94970188448
2054.37688003824,3610.63213490434
1927.26021305817,9070.69326209976
1105.18138620194,8722.79970346526
2215.22430676258,4196.88180463765
7329.41964576862,7544.38792881733
6440.5752540574,7949.50163416955
6985.42374094632,7336.62255357905
7429.01368568705,7176.43409795802
793.003520995767,3358.04364378349
1517.00830244799,3637.2633889347
1484.73608364551,3539.19535704367
7521.99100415177,7271.72618177941
3395.94644027015,8830.48304132
7553.83665333196,6599.90331657644
2086.16539680551,7748.58814784406
7105.53038071008,3911.50570879414
1214.49726034613,8451.36494457335
1666.46330826869,8283.27490604733
775.44344696344,9101.96604874083
2127.94395379805,5092.23026001315
7442.48156326835,7852.31038862983
7529.21470765873,7898.82901766778
1117.05836565451,3419.49300018885
7268.30282352741,9074.07103716598
8527.10183078583,7511.51723412053
1816.98529332905,9168.53592085177
2347.42166087761,3722.0406706834
1160.5766184304,3344.69035788633
6729.35024562609,7653.419471774
1210.31436145585,3626.0190077151
8433.3012834136,7429.19231993881
1578.32540953075,8468.0667831472
1040.86299390451,3176.30897447263
8066.14623383475,7332.93080392437
3252.64736233369,7622.12568728035
930.740551232476,9220.51008926367
1523.53951343895,7761.76161639558
1258.65413555041,3856.60889231096
673.4774753737,3068.39662706998
7826.83120496139,7719.76755781401
1490.52034554831,3638.82828113174
1176.43502450738,8812.11279871819
1898.26400444784,9071.43052429439
1052.89557064043,8315.57837284762
2684.33261040422,9772.30853046387
6837.23657419476,6539.32104195773
6591.75268501634,7308.30526862285
1907.96841411116,4488.13288613772
1108.90611475939,3199.46996655994
7204.10941774811,8129.79845358447
1118.36792748624,3299.86902507628
1095.5493085184,3193.12096053639
5799.56579226751,4327.66138640434
1802.25666560026,8853.4575063902
1277.59998555084,9252.35332847444
1108.40174628259,3367.08701000781
960.163980829042,3681.50152734392
977.800832639813,3505.34809850115
2626.16830584898,7864.63645186356
1350.71682474047,9131.27482844759
2805.02515737236,8971.54039185085
904.810604128357,3404.98403145654
1375.81165576669,3495.89681984021
7661.91743288854,8333.90682513338
8460.32870695126,8816.05313289638
7131.36206021858,7378.8772132017
3693.65033056954,3633.75383183432
1920.57259435083,9155.03952438154
7515.98213622539,7316.04799963717
1374.84628650723,3773.09464881175
5808.1023989816,8918.69051722862
7026.87281441321,5481.38572599798
1375.21674408658,3629.80660582455
7722.47042610769,8041.5169471694
7405.16517670202,7855.99825872208
1667.54333695726,3154.2449305714
2218.18353380428,8544.77241356699
1975.02466330036,8618.71816613379
1662.241768812,9303.43789621254
7442.50083865846,7265.78442765012
8464.07813217774,7555.07276409553
1603.78199428264,3652.52141224362
9389.98060804895,7407.00705614589
8094.87786081606,7601.42903397226
7928.51015773622,8264.697073816
1193.81008927805,3329.68449597635
1375.71408479799,3613.95689968988
7354.8751176713,7533.18146845791
7340.12946700468,8069.74788470282
7556.70726513012,8144.12656125186
7641.99795970616,7309.4788351915
6554.06950963645,7231.33583370563
1303.22547715905,3941.57321865488
3837.80556855715,9127.715864547
5785.53036902639,3803.86797960429
1566.42995751022,3842.88857515263
1144.89400286119,7909.0586764744
1659.61748412151,8907.48527864328
3418.28669930518,9216.33257553428
8606.09271981118,7790.3593156589
7680.60559649818,8308.61585538149
6626.26682762925,7412.56619308695
1818.52374876901,8390.57790323437
1420.23480603646,3537.13885142783
1154.05955061811,3849.56149172047
2167.60976611159,8301.76086910707
1501.64876033398,7980.90356794477
1491.49173383972,3248.73727911172
849.060377827989,8970.83160604326
7820.79578738849,7391.06169155172
1281.13292993252,8974.63481994103
1857.69383612454,3399.09178039288
8604.30028138562,7598.08272569957
1016.4136000173,3366.51771903652
6402.80020233378,7283.64028015906
1703.24848888874,3358.65086288018
1432.51990265509,8372.08152168331
1996.90210713971,4373.8092804923
1321.05520798226,3703.57821952138
1263.43015422982,3410.71835524205
1815.22178053097,9008.35208222878
6865.37972996458,7460.58202832328
8263.11263460865,8112.95207378918
7555.78499932585,7470.06895893869
1370.71517208291,8964.68230631644
724.988726488447,3098.74122301269
1510.8865746155,7874.05103132668
1301.85568673517,3764.75029820186
1412.66906128887,8997.66040214945
7556.09820592302,7756.68430673142
1345.58773206279,3433.91853491687
7576.69345059448,7541.19133543645
4523.19116825082,8532.97669111031
1849.32750191474,3931.72208977278
1031.25877674522,3688.63575377117
1399.19848387677,8884.39774810932
1732.11807321926,7929.57305813375
6959.22413733626,4417.80296323773
6633.93383883986,8178.42798261292
1586.64300704312,9382.9727388479
750.982044753676,3096.70288393908
1334.85179479035,3286.14334508199
1563.80277410171,8470.39138360323
1737.3858626032,3861.69318559215
8066.38638757715,7640.91889301948
1524.08643785461,3632.91153067382
1707.03683318472,8737.20916876412
3403.95595974163,4150.51763382748
1317.30616981547,3395.25015189583
8503.88272648391,7805.60664828902
1788.12949962293,8756.62520564492
8277.91633248517,7493.81601726306
1068.58216689909,3445.64748306444
8020.80981015148,6292.67773869208
2128.23036816808,9238.84790747618
1283.0130886192,3773.47074496291
8395.64405904504,7723.38814707846
7287.17772369157,7681.23297788666
6568.74237414951,6795.75786509757
7358.17321062966,7653.83533253078
1261.69259341245,3534.99172314319
1122.39948050205,3464.44006138801
6741.34457743341,8416.30401723439
7202.9318675054,8024.87411188305
6875.40297286032,7683.70958369219
2182.55278134034,8940.80238790388
7038.82568938639,7398.03160907792
1234.64720699812,3171.09386792912
6893.4969203306,6548.77989367196
867.512880929099,8824.83679498393
1339.14822829827,9114.24959281872
7713.67500955037,7695.48446442046
1459.79968043878,3727.8258648068
7740.7672780788,7690.00214301263
1441.22768689433,9312.72114053834
1727.52701437393,9016.32457354143
1661.47712778783,9256.80691814182
785.829359721378,3530.29945542234
1684.88501725709,3898.08361646601
6188.26435182012,7971.84217620337
5305.1986095383,6208.56465663087
7654.64823947481,6845.80890059217
7842.82226910585,7911.57482582247
7507.57171707307,7989.89759220205
1525.92744515191,8889.25260783072
8108.50566372037,6788.32642086062
6872.73110570183,7713.19709484811
1978.2110407634,8681.37184000921
8794.22525534915,7294.38094294457
7127.72349987418,8125.66829666717
7623.65168511736,7988.7428854785
7475.23261180554,7780.66444556106
781.162619936308,3275.54639302487
1726.28501282602,9250.57829404613
551.808819376203,3409.53271112326
7115.07945579602,7127.97016781343
985.93902078693,3394.63542500297
2448.33108146766,4046.98998878814
7486.1758987368,7674.14130099435
966.864774973469,9099.02012959221
1106.84439093778,3382.12588980912
1595.47993124867,3938.28149055794
884.084281553011,3567.87310046228
1582.59464464312,8925.6111210308
666.029607891835,3508.85894706487
1456.37798938991,8866.08018608975
1170.11695797921,8807.00959958959
646.192910707001,8357.83280434378
1045.20978868098,9006.65904776773
7824.39961394872,6977.84340192427
1223.512448744,4882.58012335202
2189.04899091524,9239.41228672058
7912.00208465415,7941.27165017034
7920.61073124606,7910.39980968201
1738.97450385576,8965.17569732617
2025.70074124794,9164.61918619446
1606.6872454119,3731.92776982818
2230.97768715436,4041.81462964322
1619.5705631318,9213.08102903464
2192.08578876474,9015.82071491627
6980.78682360218,7907.77781644595
1352.24373243328,3326.57013865833
6377.27110844232,7691.14672497385
1502.40824803428,9171.95524361497
1256.98977519151,7752.4313407647
1214.0481845804,3627.02918556961
7596.0771240278,7731.33129446502
5093.93711247593,3886.32043406876
1534.45242611256,7389.41407244286
1701.86861056687,3763.49930756423
1822.44263456285,3811.14331159213
1078.20556167964,3309.76895587972
1443.61369202698,8674.83940458043
7000.55126078953,6517.11476255604
7800.16118088482,8489.11158888609
903.472192846522,9001.01076650451
6047.47010053436,4426.07161779036
2180.09038734097,9698.14727195372
1771.92799331558,3957.46175244014
1189.88369382664,3305.10823236324
4089.15093527657,7415.63730361694
1938.81748467943,8886.21554315466
7431.35829359033,7760.96840570477
1010.25047888608,3396.02071627277
8972.24231748972,7341.47149968334
8029.26589111823,7983.78509441808
2356.63004377374,8972.80610599913
2099.23259677132,8494.73827679533
2151.8827030745,9155.57034632906
1364.14837623838,4772.15600598398
7425.59001161042,7791.09359498987
1271.52561989319,8943.75136038559
7004.26506814429,7497.65894355274
1628.11540745657,8740.56430968233
8951.62966924374,5790.53940438097
7401.50306190188,5902.5101903417
1336.44037758327,4103.98221901796
6348.55578448109,7520.45128346793
7410.02715272852,6264.94906519231
1066.16420925349,8841.33269865395
1064.21799337619,3583.9241711544
1228.33112420126,3867.02971439193
7606.6636953278,8015.07613638367
6550.51215611253,7867.88292020344
1130.06435100099,8357.400578092
5598.43857223733,4146.82674156266
1624.1200624897,9037.65624058195
4558.46245207575,8152.82851823947
1858.8025068606,8508.68172197899
1485.89951055424,9237.83766245683
1439.80718932238,3904.64212116448
7352.76045877604,7527.7106377629
1880.39623419937,8422.42289490088
1241.6291783041,3935.58089478056
2502.89161892399,8092.82902426687
7479.99937473741,6985.68589175555
1412.45730587474,3686.54321624109
815.814028114408,3237.39500135756
7971.49959343455,6871.66861213905
7231.85316570848,7437.27240568556
8019.68434452904,7367.94936320036
1670.5282890896,3432.52828255449
1436.01090742704,3398.30116787431
1617.9974712682,3620.89196218246
1377.76084866614,3752.63911071868
5481.43825255397,4129.17581416663
7543.28640401145,7822.95569927557
1201.04227182391,3677.49170144376
1696.33475063078,7245.42473758901
7263.97161295693,6850.32322303188
7726.55059132923,6302.88352545625
1929.06905089863,9127.45662610522
1164.97996231902,9018.21499085491
1433.80638885469,8061.10493565781
7500.19184887601,7678.02347603152
1122.72631952929,3339.89219488682
1505.06631089787,9143.76202916114
6891.56894855526,7564.1985505319
7262.58939388843,8242.53597123769
8719.03518542248,7603.94901291957
882.52775975227,3483.64643232434
7855.26412278351,7087.78442551285
7876.63954186466,6574.60163764901
7860.63734035328,7703.07615668354
6792.99372257093,7815.52169005126
7218.41930689956,6509.80670807639
8313.41692368021,6326.85500174977
7844.27969406829,6495.83946967661
7480.75371653684,8103.87919835193
7676.35230566981,7261.29552964608
1592.23932911096,9067.87701347613
2364.82535693429,8579.95615450607
2110.61517128922,3538.06955795358
6443.38516892226,7096.02244137619
7028.46844385397,7313.8527020436
945.382435979194,9008.95743657265
7298.66275067196,7826.19656844063
7506.03275290449,7692.53004199055
8212.2999448413,7307.47086173331
7679.53973964849,7816.85948865733
1135.80522304408,8109.45198070325
1130.91380777128,3311.05138228719
7664.27272250336,7807.1103473112
695.080406077902,3002.74445675253
3243.13657131681,9264.56327586233
7531.25820314077,9345.06898595932
8720.00260088443,6330.34662472028
8078.17212416009,6354.19574797844
1403.90146700801,3768.6242534041
1856.47194727264,9388.82308924621
1278.36962561649,8845.80480069894
1826.71506962635,3399.04305475826
1315.74555187498,8901.8385168003
1354.15556157403,9011.7452188619
3241.00068626808,8940.50473851908
7553.5111212026,7807.57475799245
1588.81382757832,9134.39100393975
7252.58346995704,6973.23846957703
7358.63315302758,7710.72230215314
1633.44755011016,3894.03094202738
4093.80338496789,3896.95533963071
1020.15422794046,9020.17687061872
8906.67191990088,7484.67252579756
7164.54933317235,5915.48869205179
1211.10867500233,8597.98822644295
1312.72780456624,3204.22829611733
2502.56573608177,8030.0721866835
8140.63758432446,7705.48947430659
7905.01398676595,6681.73654745327
6887.5983277834,7355.51545292827
1928.83828406645,8666.72970750574
958.312003066299,3534.69834231388
1632.14735072247,8168.64032652909
1606.44511762605,9435.71758420664
7028.29979658212,7490.42235974355
1533.14931439681,8979.13174898075
1728.47833013151,4065.64879528734
887.99704479238,8944.23401685145
1266.57299780756,8878.33745614936
1112.55866799117,9157.88350160306
1948.65787378235,3930.35091268042
1127.36452932528,3147.54394991691
2199.78756088489,7956.39015821021
1745.08992984961,7773.96556848693
3739.30007982654,4770.37852272199
4373.84501328554,9350.85966956664
726.98723233285,6974.15655330879
891.694362618521,3573.90260729139
1065.89473037812,8698.64967040071
7504.27346552681,7985.64316712058
1779.63235904032,2805.08891384852
6407.96983169409,6999.33343269498
7524.63779264867,7149.81833611744
7262.20079814027,7588.29327732289
1397.36196684936,3447.72109276919
1009.5521664336,9421.39040287942
1079.59515391195,3433.4978282864
1311.63756892758,3461.69650639804
775.120540251372,3455.35921955962
1769.79810329447,9057.16419679183
3758.54721246749,8759.72760133633
7630.00129633279,7249.09308797803
1418.48036324808,3712.97082979782
1275.36684483535,4650.1763947797
7512.79697101972,7766.64683666714
1681.1611775288,9112.60118416936
1914.76437739586,8728.98505413701
8787.02086983828,7837.02072407199
1585.2533799263,8608.40670284493
8027.52659095811,7888.81822557128
1772.02852758144,8734.08073262066
0,2640.05128427313
2273.28508248092,8744.66390273697
2187.93481385573,3785.42339396163
1726.96956983014,9206.7549272831
7921.12090886355,7455.41913688601
8844.91893717248,7385.82909374249
2292.25628104124,9142.24350009446
7479.19420503065,7125.98272433235
1623.72017498639,9033.86800395214
7397.6371792224,7670.95842249497
907.506720002152,3254.36195264211
1023.64815845496,8989.03472733539
1705.03139795817,3842.49006357477
1465.28455634962,8770.14067942007
1333.79993641888,3406.06581913156
1158.19824040309,8028.83257408863
1811.45390819432,9174.16514197919
7532.03035697257,7369.27017857578
8074.36617103448,7915.93771682221
358.271424566583,2556.73569339585
2387.25082062981,9202.93666232666
1548.87399424536,8507.73891718258
1728.54188251168,4593.41136619785
6996.50721546338,7894.1003268116
8103.65534987148,7634.05440701044
1278.00612968394,3737.44134216119
1491.73265094526,5019.56870084905
1968.79475223589,9375.30525923158
1520.749331961,3328.64202151591
8335.59386329957,7494.30183358993
2774.69713348735,8746.03117461403
1150.21427237458,9061.76327280548
3002.22711935688,9053.18808380931
5483.51480022782,5597.42236396742
1481.16989515321,8585.20507471434
7120.28167535281,7055.36852466054
6435.67513238246,7698.99357751403
927.890272720263,3592.10114202364
7106.46804262012,8108.49864751839
7248.15627334542,8498.96180961057
854.970835116556,3323.55742091889
722.6113008392,3025.74832224877
1043.21996033657,3593.33566095089
6587.56734960866,7527.7395337051
932.150903147917,9376.35821552423
6398.86123288277,7841.61703836251
6783.73409441936,7212.91535236164
8503.91073341326,7881.25822934844
1696.50255480039,8564.02653110829
2141.13697837877,7998.76985934906
819.823551467658,2668.83293250388
1132.12998028473,3400.44274879558
928.635929528505,3337.51178837048
896.208513999622,3398.77236128486
6913.38708732833,7658.3221013197
1953.78153916011,9041.30485862191
675.481912501652,3209.13034734611
1704.56286066841,8901.62524670452
1837.89913862187,9262.751462517
1797.09762628703,9148.20843951867
7967.30684100499,7580.43717272744
1990.94530136488,8625.45993367801
7490.92428397403,8073.44882404364
7458.31241481539,7807.66163708446
1528.50173356677,4391.69942665816
5982.04701020457,9100.44584678619
2181.58691303085,5293.85915742478
1766.27982928718,6542.67449363897
8076.63107448001,7361.72459500726
8066.31488065507,7226.77339027833
2118.48914596784,9011.28329087174
6931.79636620959,6860.92336298855
1695.46090652302,3679.30259894054
6965.92118698873,7357.30005852328
1724.02995294838,3921.48926385511
7084.03522106486,7558.41261500276
1904.72398623159,9214.76301013451
1203.02804996191,3386.38675479275
7344.885000112,7732.28753468066
6500.64519350994,7741.31256271184
1625.88210384087,8383.61171879505
2071.36630532214,4963.32679377748
1310.22233883869,5494.49375024655
7534.58203946634,8113.6694238634
6230.88849998863,8053.57848215443
1340.76880904484,3294.59702124083
1817.4358111858,3671.68367004483
1569.02898730492,9035.4778123492
1894.07731942119,4142.10393953838
7481.29042426489,8097.15787762328
750.74680905166,3192.06955764379
1137.60293154748,4242.38739399371
944.893399904894,3243.83180390514
1067.69656224357,3401.61684260883
1263.97556991736,3348.73709942225
7413.90871253993,8255.69639545143
8420.5072975759,6787.22610283727
7228.86535505191,4839.65873742452
1179.78647769454,8240.18521734232
7517.18215747899,6147.24015402806
2903.42257757978,5488.57483945201
1425.72655408126,3720.65254452838
1254.51600258237,8767.03203336292
2223.87271116989,9058.23785128287
8591.9704807372,7169.0994684358
1584.82102185384,3882.7800465285
1207.02836941936,3216.963455684
1905.86196833125,3566.15389567393
1112.22278789878,8892.92860708218
7662.80114952012,8133.86569486177
1274.45007542499,9420.91362686379
7900.86619075806,8295.06776553342
7477.68893569664,8192.46021585525
1156.25930278866,9118.1092213457
7130.6958256987,6944.98498129398
7707.2492433237,7665.28742181977
1694.74125256288,3732.83606208966
7275.52731921192,6713.67041156181
8625.69473449035,9087.24440218774
7594.24352358799,7036.25658417822
5436.04742990897,7551.60221883888
8833.95489999486,8078.92782260058
7504.86641960378,8172.05695930712
9097.41142765276,6873.64097770917
7452.79500500266,7591.79176878874
1637.03505079638,3365.43559888351
1304.80546551432,8547.66016948973
1879.65679000729,8929.48766847859
7212.98984299937,6809.09610216236
8113.66781851417,8255.65012200139
1083.34157902989,3451.80386150827
7572.10226803373,7315.02250351944
1210.0994947012,3562.27118994233
1523.18724842047,3645.45634686178
6603.78068853226,7495.80924083614
7024.17749564595,6858.52344281414
2112.65490381255,7709.18859443263
6919.93754042027,7936.55086058106
1571.62119758729,4594.35822952835
7716.89037936276,7609.95697425638
8778.31431106126,9273.94607757905
7615.70756317683,6936.56997354244
825.55513811292,3450.71045320155
7113.36844421639,7442.86489831716
9074.98136489016,7834.67031166923
937.652569867913,2992.64402739691
874.959740669087,8904.77160680885
1860.05718565577,9086.20001300591
1606.59870335754,8912.87069291876
7718.23194999825,7807.9301412222
1380.60018300886,5116.68489651409
7239.31210953874,7847.65288504905
2102.9462301557,7755.29959463922
6766.47463466774,7110.15379414341
3260.11495351712,3845.44872302636
1064.02230483175,2961.20413750408
1699.96500185935,8266.19170415955
1478.62819890881,8714.31756101566
1416.98330473735,9220.32158229392
7257.07971982256,6887.14932959773
1988.17028862514,7858.06427648537
7618.70662509096,8173.29424834576
1906.02545963112,8850.33370042124
6637.97629255321,7357.46709089362
9154.69510373478,7739.10395919389
1056.41707163046,3268.66396905604
993.349296648931,8780.32332096783
7702.93465875359,7150.24010388321
7255.46506029555,7952.71076291181
1282.02612855852,3491.76471233388
1674.94463361285,3349.49018419389
2045.40997345823,9216.72238099595
8063.80760924107,7496.00537030171
7513.86850991488,7046.74491901485
7972.47792713771,8334.33635108645
7591.60828839077,7041.98399320437
8276.49120737941,7508.12805165083
1202.15693361453,7773.22675363032
6838.90287062011,7440.01342180405
676.727787803484,2927.38589435771
2081.95653213027,8438.04337761396
1957.79068084488,8735.43661747222
6788.20343322521,7030.1747448541
8401.72921714579,7193.20637021349
7177.96214391299,7880.26338431046
1268.41351816318,3687.11237931502
1941.32966872133,8023.56037594737
1601.01077096554,3884.63621360415
2257.66504985858,8763.16375139198
1055.47355318649,8632.38242040199
7849.850842925,7832.56901705383
2488.35703341698,8516.0334452901
6878.69874631196,7879.34873202541
7782.7108262704,7744.74992868826
7450.90609181632,7563.20177994156
1685.74465134148,8910.99486730111
1788.9175998433,7677.69490887967
7632.11230516741,6738.96290322278
7199.93841008053,7057.18952007276
1471.8391519253,8492.75923065393
1452.98981215844,3388.48778226951
869.151173250273,8669.70165002287
1676.26503666377,9295.23650657286
1499.34561643577,9289.45799216608
8293.41791546295,6722.02206248253
1864.41180206782,3736.91877491472
5760.80259671903,3948.76409789779
5380.65572224279,3805.22938347544
914.151123836736,3228.45909211416
7260.72459935445,8015.42198497835
8046.33653084267,7808.53120802936
1061.65586032809,4160.4627295047
7061.31907816689,7535.862075034
1483.42265188585,3654.86986778998
875.959748129363,3722.0158058838
1539.62995645323,3973.56687531317
945.62703675057,3345.10191385219
7325.92219461204,8397.90663104901
7302.29914633531,7807.61768483834
8049.70168970294,8690.82066047751
1435.17400003894,3464.84525860891
7609.50378287628,6157.73813059052
1274.39060955396,3491.02135357276
3107.92783998546,4795.60953985991
8663.80700502865,7679.2625481296
1272.80515736844,3469.2314048755
1453.39101630592,8946.97790025753
1072.95046514316,3227.9289255486
1053.91567922046,8850.64001509512
2700.64626598687,3406.58681851412
1256.3246440402,7546.4849992439
1412.80942453237,9306.92722273101
1014.13227402448,3514.7394116285
997.087780076118,3335.30605522523
1046.78229232241,3385.15234355331
1653.54717196524,4244.88843130789
7310.40612607338,8271.03042432224
7707.87668422607,8030.4430020126
967.225415341119,3090.09453213943
7583.95167505768,7842.23773019761
1412.94961869565,9222.54362272835
1695.40277305696,8703.27093330382
6957.50719836668,8128.53541779169
7408.88225223554,7283.43891368623
6962.78804056491,7972.00278438495
7310.04805697795,7612.90983756258
8363.81114537308,7996.25921819273
6685.51118129972,6779.43832608538
1202.75888630492,3425.15399811084
1864.74443993207,8389.66134210523
1496.02548187034,8970.82190794556
1290.13573483679,9212.88779392594
2412.25054909521,4047.51350378255
1015.67476551877,3379.74322012077
8041.08488579963,7339.80152662554
1575.12259311328,7998.39602314777
1331.57955023061,9249.70692120915
1180.82858493868,3519.73293462429
1574.71269581617,8816.39395212191
1010.48671346511,9023.26067578928
1123.59285829115,3627.9857674646
1495.19255518741,9057.66163707105
932.642532850751,3202.31912453009
6859.12807125744,7924.56672267993
7613.34714759715,7464.60937638035
8737.65632110876,7468.18116009956
7202.78230604981,7133.35226051606
1506.79810154833,9262.8426691622
7984.96928231083,7894.47943910069
7954.63352603855,8123.56957364662
6491.60483478276,7576.5550270006
6792.27580164882,8132.1242797051
1447.32418790738,8934.57983459784
1407.90147174625,8931.02344954981
948.834217788118,9062.66640942383
7010.17281986954,7296.22500944076
1945.25514763831,9040.5411121367
7500.34921358869,7387.52037325472
7409.56552826248,7516.39966864924
1723.13373303873,9009.87891693165
1230.47553397706,3254.12134121725
1961.08897982693,9062.3168845545
2614.9780425847,8690.64205169339
7802.72430852955,7039.44100439128
1497.43755642667,8833.06978889168
1699.71740126178,9144.59294089979
770.757670229634,3125.32489442589
6548.91793394123,7020.80673500311
1710.26959610096,7814.51587216668
2081.59326104375,3750.00930200547
1688.59729059421,8316.73903952266
7550.66276421368,7051.6030955816
1314.4749425226,3587.29124962588
7232.14472354586,8216.23567701008
1344.83601956549,3982.23260756968
8679.10875744061,7741.71538404399
1676.41751885998,3937.81422489655
1918.07592511588,9019.45927363833
6029.27728865021,7935.54043950681
7828.84878963432,7976.74021701205
8367.01115406505,7327.7640332987
1231.24507570092,3973.9332367496
7043.32965596925,7831.576127564
1047.98624355825,3421.09583440708
2657.63539295864,8279.63050673586
7451.58629042634,7616.00160555329
3521.3779782586,3576.92327568317
1440.05700351433,3770.92148844513
7056.70124860729,7970.22876597036
6915.93001319336,7884.97382696136
2290.99062476316,9087.0415497089
7310.86235280406,7452.59977035803
6956.58273504502,5268.37690567282
1115.82808889978,8840.33280103005
3404.00945203332,3678.34880604949
1102.96660277807,3269.11920485881
1881.92457664391,7898.61719515256
1092.86344944859,3715.84002446923
7466.24974897225,7591.66323062584
7592.29375934289,7613.09543765838
2837.06244108815,9073.77158354085
1063.87945841031,8271.60890160974
7103.39559816621,8329.02547252303
6859.15558447262,8089.81188895567
7652.17672663526,7590.01967415797
1412.45189489907,5708.79432540917
1386.2419212444,9009.94110952961
4018.29549946291,8322.3895562436
1013.70027324782,3284.05088474266
7747.71291664407,8420.63425492893
1345.50032847085,9210.43358676305
1503.92829378666,3816.3295497399
6680.88813962797,7869.24093365696
1096.34469774027,3416.91989608994
1142.15292473412,9213.02094153585
1115.90311821712,3252.0989036418
8808.08232404134,7434.70380782035
6765.05784281053,7800.37419751649
2508.5858881299,3728.76639907843
1980.01391013251,8453.17357890806
1044.18144718771,8877.11739448952
1171.95292773094,8941.74405362372
7377.71090903095,8266.46582203363
8146.04114752181,8389.34087022271
2197.85189213688,9125.38211859725
1441.78827325417,9055.88004924474
7244.49277819814,7936.66656631446
1580.85308688773,3482.03852916221
1588.5565824645,3855.78241307157
2044.88082508149,9090.1351106825
773.004737664231,2941.30452621746
1194.91099659015,9162.70724874819
1814.90909600333,8715.11829969261
1570.90051993868,9054.98931852911
1680.16206297678,8787.6332291089
1223.36430916009,3602.09150853861
8376.04241314856,7273.11628038346
1184.66945148913,3684.81709167379
1437.34141766011,3794.38161966288
7156.74806346051,7561.17401210243
1397.45654675925,4025.33685879652
1260.87842967554,3796.01460916951
1213.68298066699,8996.18689132338
1266.8799775353,3482.95110829516
6890.02920162867,8330.48762264227
7003.36487983333,7682.10084905241
7354.97690196584,7745.44811523885
8397.64249872703,6584.99973431161
1050.25377116803,3367.03308052772
1457.56207825168,3853.46943853482
1300.43164635691,3327.79758501436
1503.67397526573,9109.72363322804
3221.91397978444,4337.82685548905
3820.10526310396,8998.55833183582
7649.07774934172,7958.70361311785
7339.08324342224,7891.97060974984
7472.19894404013,8416.78886837713
1072.83058502346,2278.96233140725
1109.86622205016,3304.51682162861
4043.70097855208,8420.60500011174
1135.27954122901,3042.09792593009
1641.40140163596,3720.96353020225
1521.77499658266,9112.75341079501
7537.41490055949,8421.3607557387
1421.12495382484,8609.60363364613
1419.49606671761,8902.87962237751
2512.59771527437,8920.16407489481
1569.25146635967,9259.36348330926
1235.5463663433,8913.39281039018
1776.93384130121,3894.66486323523
1314.19800987766,7268.57533656413
774.880808608891,8937.34240007724
1463.44554041621,3505.01750332228
951.302828551266,3290.61369443362
7228.27560563444,7686.35208611929
926.584466328316,3544.88598036222
2568.50985228925,9218.07035167369
998.334797132919,3497.90283384548
7828.13566260949,8110.01435464432
1296.92553742003,3902.97633927902
6970.07958154356,7839.13267480666
8834.22801309573,4810.20330563295
7593.33775034129,7697.88942049358
2949.66871378145,8398.77162387099
909.686546508986,2814.84748798932
923.168696741498,3371.59404161136
7687.32031169384,7249.3945562906
1316.19819500381,9031.5980579259
8034.90043574755,7291.12043176564
2663.47343307852,8726.94187000113
2329.12399166231,8992.89285979439
1822.54128547339,8709.3224990269
7779.13607490411,7359.81543971772
1508.6227295677,8959.61960918116
1383.07700455635,3594.50520052401
1249.72604815146,8863.04165872774
900.515539128742,8985.51901809523
1630.76878417074,8522.33260932687
2827.7424379315,9504.19302686761
7086.01052164678,7374.243715042
5648.20760760039,7464.39830714845
1232.8764178994,9191.27552330769
7057.94927459106,7605.7383510613
7794.38018113746,8122.03395981115
6833.10767839664,7716.98428987952
1388.45988555367,3756.2559555165
6372.34254971083,6738.20838434501
1208.84886340959,9049.60892194061
8268.87506031397,7241.6108721788
1593.38844620427,3311.32133492647
2468.89771785181,4624.69478236454
2487.76882701462,8464.38118760759
8029.53783887539,7924.63042929663
1304.80966294087,3550.76711478838
7253.59872927667,8084.19932843138
1428.18526091198,8236.6283619056
7476.15863957249,7445.04827002341
8124.0297252132,7688.57960336452
9069.4788276466,7999.46604937787
7077.45302797725,8010.35554953258
8013.43339357255,7554.7372070371
1129.93888678913,3281.36576384429
8538.12633413052,4810.42289127272
6824.27219677703,7259.51236032348
7445.77144487976,6268.64110361254
7171.59329836498,7462.28130507017
6774.41727116501,6706.12922245973
2696.11560402926,8808.78042839115
8245.7708578079,7819.25560448658
1146.27077347994,8037.25655684029
1311.00973108381,3777.28219370865
1543.04400304938,8913.42054254188
1369.09872388336,4319.25134802848
8781.76652525626,7806.74709605621
6907.95194608483,7603.45341816968
7969.19956708347,8256.99660397624
1561.86585281397,3537.05145900832
1099.6089911576,3679.4196884428
1730.81479785715,3840.52654407596
1348.1631081655,3670.34644432801
1598.56978761339,3610.42845335566
1483.4327123387,3714.32671156849
1518.83688317945,7274.8643308088
2284.3229605798,5398.61637054259
2153.70269889951,8711.00817224529
1322.7172922173,8871.08701305395
1448.59288276967,3677.61302250141
1900.34818176382,8170.08543910068
8499.46026658085,7450.30788610524
1487.71525259629,3768.2547366067
1059.34316593163,9146.44001156283
1933.69089575001,8793.24028448419
8493.56823822203,7508.41078788113
7740.02160190961,8177.89088635986
6911.06134547911,5261.12302650464
7941.6102940863,7378.64198250802
1157.8510085963,3404.21836911916
6917.92249084468,4925.80670520273
1664.3058455296,8413.56959253834
1825.81119978518,3886.10099221597
6140.13683686599,7040.27041618612
7475.24573276039,8007.26634245261
7980.66807931168,7415.18757820683
9616.81646902809,7465.18918828276
1317.96536212815,9009.7902718122
1522.33114850583,8982.57794685573
8133.07792228769,7354.92115762031
1248.14124218245,8918.97579926171
1051.92527287176,3453.37405923478
1741.46755817888,3883.96704898733
1802.18980958135,4329.17275116975
7059.21050382921,7799.66074027342
8342.04599441141,7826.42465747661
7675.53952011891,7515.39672961332
8404.14499665981,7536.4055031866
1060.07837021255,8962.14936032933
7029.66695967866,6960.41301266415
1305.38860740694,9264.347011752
4194.98824113662,9001.8030304677
8817.54146494293,7665.14988616301
7989.15157689047,7541.85642692743
816.035203523422,8722.77113897865
6728.54960553448,7077.88778986569
1355.60548198742,9261.63179150252
8211.4886601227,6246.01666133555
7867.59034853186,7583.22361039817
8150.72274126516,8476.86220641122
808.815704405598,3502.88471309075
1514.36124030741,7776.61251228651
1537.08001452587,3848.61625179632
1152.55718412555,3158.39357109633
7623.50297511738,7789.47704187744
7587.19161243434,8383.76731527637
8332.15054045631,7494.20769299097
1987.2156832926,3842.48897651358
1416.82216659747,3569.56290264271
6260.15872090818,7059.74518696689
6886.54972093854,7136.221750432
1207.9582186675,8918.2098288663
8136.15002360537,7195.02146663322
6149.69238287039,8818.78541745027
1816.68070418411,7818.96920593773
7370.67554938432,6400.3040399939
1077.24393918364,3332.98276429923
7376.12520978965,7991.14393128996
7871.18912482339,6298.52465287409
994.925552677963,3324.60149223994
1007.24447591811,3538.06521113614
1663.3744702585,8479.3559581031
7691.98575204961,5725.33026247914
7014.6456249716,7708.37550901314
7828.4781311707,7457.30833265678
576.888862144282,3093.71911233238
7726.60472996148,6958.65561911143
886.527272484955,7678.88560469572
979.157816810574,9144.73557891063
7292.98218193781,7526.20130268757
2028.70774362051,9122.36370230018
7728.72116512085,7809.92213046627
1677.2207389448,9491.96723766219
1013.15515448894,3052.15131150138
1989.36886758343,9018.29125920602
4517.0288511046,9665.12615884393
1493.51478250473,3624.11788445889
1361.72309210438,3514.47544377091
1585.5773041759,8224.20216253799
7679.06185188554,7299.70493973729
1243.1215489568,8655.68066884269
8251.53566481101,7890.22257383502
7964.99919638082,7477.40516361622
1467.79957118354,3676.42547078562
1775.87314385399,3882.67106735917
1424.99100317549,9226.33004970935
7559.2226440413,6451.71623403884
7409.68069640801,7956.89984653359
1455.35721462999,9089.26987123128
6298.17379487703,7901.6847343874
1790.406678579,9006.97829447197
1371.8763754726,9139.97883144122
1571.61088504167,8003.18456584488
1167.26159453174,8855.9968339101
6774.221140985,7497.9663320335
8532.82861310642,7122.12756013407
1099.28576552083,3691.33073664499
1236.67478734811,3280.09883604645
1067.12520875516,3635.24015433457
1628.50658855657,8065.69638789983
837.420122975057,3439.20090867998
7424.24567377345,7804.78397278774
1438.61211134397,7809.25350966315
1521.57089068591,9091.13512134313
7459.73830119641,8236.85162805069
7583.46358321862,7556.91294028918
8865.88709812132,7749.04392958222
925.440120819305,3455.25863543356
1334.24546836822,3662.18818963344
1337.75574333106,3312.40606559164
1473.29094801605,8257.76556196285
1654.16771215887,9293.70743596494
1165.52653286068,3583.57300798025
7245.60049904276,6514.09929972084
1309.58485936242,8878.64852359743
6886.47148170378,7076.9821500003
7466.69276307652,7829.42554299696
8647.31678133217,8180.62250079913
7798.89110375088,6805.23611876636
1531.91115244451,3644.4524428165
7969.63945001573,7431.54282683641
6147.38837534479,7023.42187173466
565.196148560454,4286.2552121563
8189.94826388143,8228.00851137484
1221.8025398686,3792.86771024739
1142.78946570413,3259.92909986667
7387.73184092592,7161.57998602161
1935.28530820598,8892.90944787178
838.390079685123,3547.42006806649
7914.424693538,6921.60141025621
9308.54512974289,6956.36708358635
2051.23680411533,3648.49970895051
1744.12836582354,9045.72032249659
1035.91768118694,3083.14671679691
1980.68302597772,4335.27602917063
7593.71412060327,7775.99940115147
1607.72019737076,3844.89450893889
7743.97843182318,7512.8668270114
1232.27020589298,3593.30403367698
943.123470983584,8280.89218607853
1694.13829340167,8386.48200030889
1245.77738684752,3821.58176007764
1083.28433287269,3670.14759034845
8782.55290323946,7587.42060784927
7375.82304059371,6365.25102889362
1607.14671297262,9261.2215755795
965.836447250153,3015.99863274777
1469.83032502463,3495.6297294546
2013.77054070484,8991.36084678183
1420.89812596289,9036.45691616829
1724.4513244072,7990.03363800049
7556.77843885642,6969.28172475479
1134.65041120072,9012.63227459834
1657.96861501961,8639.17929777829
1236.30317862029,8565.71632203722
7833.94402216019,7358.09014530869
7255.4147511539,6863.19927390735
7792.46216392311,7120.59836331207
942.55148440448,3466.57921356359
1080.5975338989,3237.95544201145
7108.12222997564,7351.69234354816
4298.63198461181,4137.08614050543
7697.57025668913,7858.83947911827
7229.19199747011,8076.91529507963
2464.31182900249,9202.76736026562
7901.42585827712,7733.59494885593
8055.6352475857,8365.65279874961
7784.03594702323,7796.33208996964
1362.05533347342,9290.79150650221
1559.94028613298,8959.66405632144
7573.66051072307,7706.92041356199
1385.42115275569,9130.75323050386
2103.7117373331,8631.73597778408
7737.87108351678,8011.22784445136
7747.16165766356,7917.27403089456
1234.84728673387,3795.75447980777
7540.48325766267,7273.98946422985
6566.92772401988,6823.8326673786
1658.42359013071,9262.89864516103
1492.13171238159,3735.32554246543
7251.41851921004,7866.28337873456
1624.77689605937,8998.08746448482
7286.71028506724,7153.69506855127
1539.77162940202,3564.05661836828
1167.23523185817,8931.5728700598
7010.25085869718,8433.32958304407
8911.09155459324,6885.87116885939
7640.3219182256,6965.27028890041
1486.0547824215,8799.78948458357
1377.6261362932,3446.37266595195
8293.88009208216,7563.25150429775
1359.17202563838,3705.48155582476
2953.53704749639,7970.54124210186
1794.03687507484,8821.89744079875
1517.33302730184,8689.18784191608
1298.5678203695,3936.81744289354
7695.62800903902,8132.45365491144
978.713081936065,9101.06786073843
1732.37918931544,9068.02810898407
6849.99637206495,7966.63942279516
6819.72887847821,7507.25964515979
1719.55901122735,3867.61479273726
7873.44470876056,7267.19309676359
1684.09412576821,9078.14395517652
1152.25089605285,8992.85160311347
1503.46294635303,9055.19422864442
1360.30229325827,9150.67003989258
8400.90835800006,5713.83871032274
1234.86796243745,3518.70404103501
1573.26806171963,9091.17286817861
1809.93543981619,3831.19179921342
1143.95275363108,3349.6076957865
7209.17862975986,6933.58700137069
707.108873587527,9116.71569583717
5903.94739435091,7497.65703505294
7305.99455641164,7410.28276346405
1243.78345933981,9180.16766024826
1470.65272554896,3851.56555361672
1618.31151955966,9089.14400947113
1088.40199529371,3252.79174832397
1285.34800729915,3391.30215233861
1639.26020094773,8949.63779706811
8645.3436933548,7914.00641193239
6427.89516876013,7600.64436432706
6661.99497472618,7380.21893818663
4368.55238921322,7493.59167329946
8654.6498164532,7641.6033717785
7789.93361143574,7748.63668508517
6449.36396279564,8281.92967966213
7536.28269385213,7415.73319038369
7415.10172180166,7843.67935864055
1030.27953287041,9020.52226735574
1300.07169104913,3383.40351357173
8688.33272429703,7696.92442499076
1472.91278586744,3667.90960701767
938.270757362791,9275.32730294954
7815.76985789554,7136.09591739404
7249.28547007736,7850.23220051679
6838.43843937405,6762.0501209911
1609.70109978223,8624.39302638401
842.207031291007,3099.62421618772
1397.35806797738,3710.96156490254
1318.17352003658,8650.55180947988
7543.69078863152,7425.30663207199
1219.37914661006,4476.12626542704
1964.57095530974,9064.84751461446
1362.0055414269,3698.45378950561
6804.42300403288,7550.8782633394
2877.6154741833,8653.35649995141
7392.90649050283,6806.01646222727
1692.94918888483,8427.64504526064
812.203201543618,7472.41060950543
7738.05148831616,7525.5694493229
7429.78467962861,6885.64411930488
7324.04844060388,7019.73755968863
461.820786837959,8332.61704846804
7617.27691229344,7916.89361428907
1031.34297374675,3943.36513463612
7438.0416114869,6648.96419004949
7253.81387492263,7678.18730779862
748.400808380488,3446.59636695319
1074.2671425276,9244.97511476151
7777.12830409373,7320.93462964132
884.623292247985,3609.03222831051
8295.09665749268,7815.92246452288
6583.22878442715,7753.7978989164
1596.84006747426,8664.84947490905
7069.09871387567,7323.5543158958
1190.30562484271,3192.88338758937
1530.62188799156,3607.988638582
7663.25522967839,7641.56132566459
7636.47333500357,7599.64024721162
1360.24462791023,3496.22355645068
7764.25414294431,8094.95118132949
7843.24695519348,7876.3445442368
6772.59648025009,7548.72017319577
1640.8736348044,9151.38367119189
7345.06917585684,7082.22398621381
7340.00845054433,6499.798088049
7381.14356911785,7208.37672005883
8851.34799417267,6695.58085852567
4702.10163034872,4474.686157306
7643.5358777008,7246.04476861265
1783.09194978399,7961.34953067735
1686.67615589335,3710.79384494924
1663.27369280698,3607.38139252318
6869.98078669505,8270.95885065509
2048.56888383735,9156.25391377386
1585.60206492801,4024.20120839289
6707.83112643453,9429.57151124024
1623.15876897175,3947.15340996406
7841.99425140571,7587.95329789092
2129.54881599248,9044.73096314577
1317.7062885784,8681.48151679371
4840.43406656229,8779.79149070871
1097.76570463818,8909.84610488581
1985.21890700705,8631.27924611087
6028.6614409296,7893.118455773
6018.16287720737,7902.52792493045
7826.17369569794,8105.24355278095
1011.35555385259,3426.29894731462
8054.51340133445,5452.74748632971
1071.76544899662,3652.78203816811
8012.6847653153,7072.99341777606
7537.67439630236,7215.41220568894
5289.35987837541,2024.93773266118
1300.76812611593,8676.94111626692
1145.79853555453,8708.91299618067
3185.37901232387,3683.82503365442
1614.4679992743,9180.08899464305
2358.39380041044,9131.48102646956
7280.20520656637,6403.40753334492
6290.97208339103,6753.58382027596
6089.49740142007,6010.02096821841
8000.34294012638,6451.90761919272
1997.89223545922,6159.17312206538
5650.889555769,7237.31113822381
7483.77023966763,7589.48145547062
1220.22322139032,8126.90024211988
908.993771173849,3460.2917014026
7575.72637128887,7839.19031805326
8841.53233529579,7180.16713562034
1316.84814696146,9217.70866402588
9431.2589348812,6878.21087363718
1901.80465594975,8927.22465258731
2890.44405510605,8911.3227210859
6726.86757814004,7572.33682709132
3330.92376840624,9139.04053994044
1566.68790291186,9044.81654007413
1617.97532108701,8846.84768360312
7246.81030609429,8659.76200856711
1174.27310406687,3557.48985355943
1306.9930521983,3807.95947168747
1339.82564759657,9082.54809227738
7781.23358430576,8025.84534694572
7675.00128501433,8139.13057076842
1182.51109520733,8895.21949620463
1657.5254989912,3621.34116930016
1596.58667566171,3829.87870807474
1234.66754845006,3546.88543358627
7623.81696368371,8238.67233881491
1648.30727141708,4105.93953678716
1439.71253112515,8882.32174914137
1430.75018877589,9620.43141659136
1110.41296530185,3668.62356028683
1343.29621340727,9165.47405915694
1039.2014323644,3909.96041563368
5862.06673852057,7031.83798489239
1385.94550857754,3479.5580604641
7041.62660829813,8168.58770245602
7945.98410450208,7394.12986517157
7865.67461721796,8216.17597424092
1804.66422834775,8034.96380698965
7598.06264827339,7592.34445122284
1437.84014315011,3906.502504576
1969.36306605637,9295.30022481571
1844.17908710801,8393.45909337696
7660.27256305198,7596.67002841771
1805.94374311332,8486.32041542321
1630.99573089104,9026.02935671773
7334.88910600755,6461.48136939206
1551.49509792471,8839.69770917194
8308.72525843912,7219.2152874681
7687.76408539836,7435.11042699493
8330.82906448094,7504.85042880149
6818.86766447378,7978.98241184506
8055.3557811077,6637.71700656804
7791.81837718851,6882.89395618573
6123.42916039698,5266.36930203393
3113.70176830085,7760.28160176173
1459.06939028711,8835.31597661708
1271.16290454648,3324.32308200615
1407.07364515375,8121.43343956514
5816.21377081802,7555.98484552599
6710.4130102263,8297.57323441062
1056.75919604101,8876.11439606073
1142.17008501328,2891.94533406868
1102.41820802656,6689.60323813432
1255.99966664779,3170.6592466743
945.103983680704,3131.94189880559
7288.31785850777,7265.91522048
1294.67342456459,3471.42018475065
7324.3280236681,7441.91643167869
2098.54571241783,4627.34834504243
6731.80935988466,7825.03326774386
2149.6833329643,9253.80755317252
2246.48781687355,9113.34612217482
926.486603928099,8879.66574784079
722.87118455475,9113.79594054604
1020.86454463602,3344.95966054622
8322.79993475605,7593.44330855571
1449.16373112233,9215.70484282155
1217.42254231062,3914.88251213076
1234.70652591359,9075.34773267462
849.036987122429,3127.05579056821
1073.8814004585,3143.86405099639
9311.29650918677,7664.83495305793
2260.37026426125,9314.63838438898
1335.69669516665,3178.10764476024
6921.47241071012,7930.03223439335
7883.62353519212,6982.48344928212
6942.54616083416,7718.89787692026
1200.93595827074,7882.88425383528
2049.84709570118,9148.73697707551
7282.68818908983,6688.74891025064
8182.40419155559,7626.07711624822
1350.11689840095,9254.15864564633
1640.56772909067,8971.09625101347
7643.2435587851,7302.99527545886
8298.60913345242,7464.86170267602
2101.76999474076,8253.97677640061
1088.96043776288,3303.77566491835
630.474902367194,3419.59774854916
7259.93862174446,8109.93179610553
1167.93679510823,8086.4238318866
2172.29413121997,9159.45406688112
7457.54405354655,7151.53295557429
1735.9579938666,3821.69030059441
6553.9144265736,7485.12820604189
7127.14527241244,7986.30343938804
2505.60171154593,8859.54552561338
1940.33250173526,9289.15081837661
7507.3335384302,6444.01710687033
1376.18785651528,3681.91919193894
7391.56278239229,8161.45263430653
8790.39137661936,7525.57960763642
2011.1921499916,3967.10154082217
1636.34268299151,3804.12237745211
967.391752003549,3238.23550894718
1665.6645438889,9371.77647407323
1242.96536486789,3252.67026721389
8282.34173533308,6543.82644917163
2088.51632224159,8826.48356885054
1345.77810664973,3889.26001011681
952.803602283324,3385.53866063811
1635.6965021799,2758.6566956587
1521.23745287276,4387.33363019067
1719.20116574787,4106.20244624845
1074.1119113728,8812.69395406469
8627.76614242322,7922.70352410179
1650.45051959039,8762.32228000612
7002.87026131513,8102.60824710215
3096.61551688639,3846.70877632637
6468.31659350436,8052.66164649567
5094.19584331423,7983.92364393477
1877.20432453265,8371.07073179891
7465.67325442034,7706.06584561875
1758.95375229853,3494.20064484229
1452.57911862321,3685.18884010918
7957.02123626399,6885.54710288834
7713.65714291472,7328.00983109257
7228.5078868448,5484.54659266814
8036.578049799,7280.11606450599
1501.03582946101,3616.0856508023
793.552136760174,3368.88124945774
1368.16113191046,3686.72538704627
7566.50393879745,7709.44066535709
1621.14895740997,3692.90635797887
9357.59676100392,8174.17132096326
1474.72220149388,9261.10989559055
6366.57300966204,8113.09280801294
7479.50459001177,6670.12316698789
1208.16301965692,8982.93034834554
7516.10426663354,6981.57191688871
6856.4395869335,7648.7244977306
797.150939284586,9117.22612731211
7546.0309530853,7499.21422622288
8312.99579133771,8385.90315362128
7839.865590826,7615.01319489801
2253.09558441211,9039.59720379796
7924.59938281634,7934.79949054544
973.518964695246,3216.88484167025
8416.87042213401,7625.08292799967
6788.53149142153,7726.69252878137
7576.15100826701,6766.26896767954
2659.25014894521,8418.15564125375
7114.66415809492,7768.30474960834
1330.18619856422,3300.00116426139
1907.45223186477,9087.42888608597
1855.37006724788,8962.78572417273
1790.57910553087,8713.47544143805
833.110155311067,3451.51662131248
2027.33252629459,7445.82041771461
860.479091477202,3270.79874931281
7466.97143205133,7544.02238303867
7435.67010439695,7403.1252538592
1259.5702587292,8501.80722202404
7817.36149713704,7616.66511905349
7706.58310322939,6108.22838673971
7537.12000492295,7008.87977779101
842.061018091053,8999.52138472339
1485.69642767751,3797.64200338814
7681.56305180138,6463.5651714693
1436.42564397722,3644.34607127031
1519.09985119187,9234.70496793449
1032.88407380508,8860.08080304883
7339.97255459804,7486.35474652524
3116.72571882082,8147.82058439833
1458.02350735933,3772.83549154316
7593.75456838037,8236.2543067434
7431.18073456613,8469.52426207851
1500.73385267863,9293.68613262104
7929.93636335252,7254.4797564311
7500.82153215706,6471.58158297199
547.886791732155,3166.95230969159
2386.30797365624,8972.73934721545
7230.56627270012,7809.16897105946
1295.44642670094,3706.10288948334
7090.25095204466,7820.90677847202
2027.46333484774,9030.9596198325
8638.89627223952,7251.9191670231
1614.56362388623,9214.95466224126
7608.39051713937,8320.78700872326
8677.99848335869,7310.6413298433
1527.44014947124,3647.78065692961
967.196861315169,3261.45974572107
6785.31626507925,7805.31698162457
8576.82086254506,7221.20155062565
1610.05017020687,8098.84411357437
1678.91786253996,8527.05901506627
1773.88251447813,8852.20532034218
8108.86513141029,7817.52357695165
6432.53195411137,4100.95788173201
8101.57989067981,7757.38864270349
1155.61408623286,3231.26151387698
1717.3331588941,8934.76596897118
1102.48065382553,3576.75075626126
7407.5370243033,7881.90362698833
7500.55860228013,7886.44976826775
6921.17058614523,8574.74983156725
1351.29348685269,4151.02070618007
9218.79506688569,7655.24861289897
7102.70812064014,7048.36999725452
1514.5187155221,9080.59736203762
5380.89779527338,7005.07356693609
1066.36703380677,8909.06136090296
1657.65272883698,8959.38757464598
2327.17738050738,8925.76590316484
874.147029707385,2101.36075548168
7157.59968729118,7637.36679558619
7278.78919516723,7118.5851499101
8483.162656603,6713.70699949982
1664.62714454334,9320.29995262147
919.757193625456,8556.72263885752
1311.95438403466,8938.03149535788
7523.43834812387,7482.59591988261
1693.1377151313,8832.45461781732
2168.36098289176,4252.8938271754
1815.66802768338,3972.37692497114
7630.95676382551,7320.83750633109
2099.48614149991,8466.80676181955
1190.13645395813,9228.79357692528
1573.18369163224,9199.26904121602
7692.2412486969,7326.13716631875
7833.61708049718,8146.89093647193
1359.37695669888,3744.42699601256
7115.72397788703,8683.343798341
661.27780813421,2990.22231118483
1281.57163344765,3394.63037854424
852.038118190413,3434.72759445146
7126.17765668819,8550.77463586636
2119.95393694421,8998.92298720462
6856.77132753926,7924.54005148469
909.6676777918,3589.81446463666
7276.02950707491,8252.25421844866
1247.59306368894,3436.38590113719
7425.93598535964,7670.90208253399
6641.71038233996,9288.3478996107
1768.40369856697,3470.39060796376
7439.86657268069,7638.74942404643
1048.24475477376,8944.72247262569
2701.94585751453,7227.78463731689
6793.67818170024,7460.53344931595
737.749334401218,3390.39649621688
2307.51951506224,4626.86094980151
1282.29499928539,3566.60663427928
7284.5093495529,7229.67724315198
5776.87907862796,7985.51861389728
823.868155222415,3197.36635431101
1419.91026902894,9154.61554936851
8219.73223926822,6731.20624360998
1481.05726171794,9088.19583030871
7402.19750131818,7969.90357032842
2218.92427305578,8078.59059373929
7508.33887298102,7262.72168724379
1269.09223565242,8570.74767673471
6452.58526567713,7112.66567144834
2200.95352883048,5888.06506126896
7655.87816297683,7380.5158417769
2242.21900283566,9026.2178195817
7898.42008320714,7604.72608644818
2730.01799567724,3580.75252608971
1601.38092177098,8567.98835965853
1219.50002306136,8897.58567924159
1104.09358704948,3506.08642400633
7376.48727426979,7637.48098213678
7915.32372318748,7417.29281625403
7878.36881603487,7327.84082599405
7657.72495199551,7314.26900836421
1818.36295246234,9234.8592633487
7481.06981546552,8004.83013836216
6325.1120643098,7038.60783354971
7761.62803386133,8257.77042329219
1545.03884159466,3633.3241897634
523.366387987165,2974.12944903067
895.586081189695,3406.95732277025
1432.89390691177,3726.74321541773
920.4925136914,3174.25431885769
998.403074917671,3554.32359080152
1177.61650444658,9037.14789975757
8050.28401666528,5813.84563237204
7513.86565406143,7630.01214975264
1126.9287213616,3816.6835868061
7510.26962335615,7913.2525661219
1215.70026794733,9094.75108232514
6789.66951552191,8079.22748498854
1359.27793717026,3455.2054269811
7507.08508664812,7567.43121743745
1003.49251212372,9266.59616695818
890.934760457731,8031.25416756726
8280.23228480238,6106.66381176429
7711.73974341927,7656.73081109399
1966.87564578481,9039.77710310898
1110.430427107,7622.21141617825
7688.86539858097,8049.10039137819
7898.23257650844,7278.17722765115
6642.13262021887,7145.44991906767
1660.92425663498,3730.495444015
8075.02349800507,8061.08937030062
5724.28821190413,4251.47989480913
7270.15620041023,7760.35953428095
1636.33213609964,3699.84738353175
1434.23588144738,8624.10970468088
886.479477462235,8491.81893735053
2290.99608755702,9503.88380034042
1648.28774745506,9032.61222809202
1658.69917539778,9043.05286694725
1416.44263142127,9019.01476807438
7195.05069151061,7852.26005618649
7585.89653761764,7275.44402325718
1568.65964463194,8606.67750333719
7829.59057072902,6432.92843533591
1173.60877816081,3523.43904398052
1087.31108856594,3484.673332885
7504.8060296565,7276.82759298979
1549.06965249606,4061.84021362861
887.793170791843,9142.25332691441
6920.99675429843,7841.74673508753
2494.83112082599,8177.23290831
2090.0641879648,8622.38593892552
1169.93253982279,3572.26191069713
844.975002508561,3548.19808280516
7473.51759988215,7496.52785268403
7729.83774588108,8149.62510992827
6589.18331276669,7264.37385648522
3195.06776250275,5564.25157577941
6992.48874290336,5899.80297459975
1467.69086004333,3760.208691071
7524.56450209953,6395.95023019524
7393.94319716675,7287.02854392983
8486.67283932752,7537.60014810398
8003.02994147695,7286.36818604562
1037.11965096623,3169.10704490443
8282.57699348829,7893.11791779431
1404.36376967349,9021.80033892144
3885.73557188131,4022.5743905408
7254.19721895783,7732.65045431286
1872.5873169224,8273.75777080458
1362.90381744581,9108.09291316418
1207.77333330595,8968.64746200979
1737.73528625897,8937.77394078582
1511.71978247791,3786.4633949415
1751.95510484924,8567.5784005893
2536.95106047559,8013.91083487415
8305.48013024698,6083.59480751375
7359.16359966753,6908.47192666379
1340.2667431214,8826.97787110307
2861.39023648375,8385.7940497739
7182.88945558501,7487.57271953584
7913.9250962285,8118.30031184289
1344.68352741005,8957.44600841025
1165.44597536171,9032.80516991158
787.066218080486,3301.59470565397
830.882242576225,2891.02637183857
1239.83207965222,8922.44105898952
1211.26391706755,3546.56380676437
1467.81351209228,9073.94890566857
1389.54026178599,3625.45995167685
6343.06957293675,7275.93666922427
1584.80741217394,9081.61512010656
1506.31019948828,9077.36253350759
1457.32734755426,3635.73615582112
1871.94140562323,3841.46809930689
1117.72934548963,8609.77691650853
1136.31627251363,3519.29235114621
7601.938211271,8283.05968757352
7956.30494590227,8403.44757447814
2414.42908410084,8728.39220959322
8299.51623710737,7601.52802983841
2521.62341150805,9012.43602981487
6720.81499854688,7117.43824697775
7559.02597859916,7829.7472199336
7706.92812827047,7600.25942507254
1261.46888643869,9037.11886400405
1571.11521674955,7741.33257467553
6941.18194586319,7373.99414095681
794.020588673982,3322.31329982384
1119.7849568435,8044.29352611764
1895.54078093504,3548.76782172828
6980.99867903612,8144.69239894917
1447.9869899573,8673.06782434888
7963.74407386663,7093.93852743879
2655.63291159567,8772.16435927636
7161.80342905691,8067.22185420162
